63119.77091430724
71072.84155569856
59310.89156241009
74732.61863457512
60294.11859099844
73435.13459526861
59779.42872360104
71445.29513227275
81904.63623118089
63046.47352019084
69980.62792327686
66610.22503758436
65815.11486929501
58530.96438387772
80907.93416685754
65193.891966358846
79114.36016039677
61112.76354304088
74226.30632303849
62324.522077749134
73144.34989662548
73594.53867653478
68453.51232709433
71910.29882073424
65336.614533413216
80605.23439865782
75832.68123909053
69078.2789204338
70501.96595791397
66919.89085997816
76372.56523927153
73773.72971398619
73719.20851017197
68771.26469942337
70895.51267782546
63063.95411552002
54864.752167944745
68110.49232473098
68075.93918010806
70437.99908486141
69863.05938303945
73669.79236372406
70875.91407414444
68464.80299540299
71711.16437507626
71985.02180764127
65605.41477725633
84156.26881163837
47819.84482175955
73608.9780018361
69767.39726056642
52725.46755262569
66152.58970274954
61988.13314031438
66032.54528496516
73298.6914483756
68820.17326745827
69198.45756759438
72343.20095988063
70005.43118846178
76469.62741153013
73220.95872710599
62753.67228723957
78092.30107509122
66843.8620021043
62577.46438467631
71808.55567851878
69615.92426683163
76307.48057837287
75148.75462500461
76715.85732387107
68328.81292704624
