105410.5288956519
98996.11281709738
95069.88058010605
104497.30526253502
101736.59424806491
109301.10465494341
90769.80959161653
97723.21790741124
99430.9141604624
103686.108521941
100869.97831998428
79379.34923244195
99699.8277576992
118217.95702824209
98980.92712204476
105478.57393206924
87016.9633288035
92783.84585503748
95832.06149307197
80820.86042028383
88920.9807004293
112963.00397833092
106428.28381006066
91921.27712985221
84498.48383008395
98409.33068163478
93959.40105576187
104645.10250095912
89267.86953370436
94142.5048117358
107183.66845863638
79547.52044336435
101318.9332964465
86549.18992773134
99273.36071383415
99494.47981545409
94726.93769272428
108757.42355531848
101638.70078514912
119215.53066780932
89572.78199501152
82720.24651921475
99156.41675800449
90406.58092058891
98680.23293406166
86003.8771206923
102775.62857458582
111882.01367155301
95305.82483990086
110189.59953493075
100705.53513923864
98361.86556926077
104236.7089667207
112277.22681902528
94234.66691389578
108805.45363981255
101417.9624622617
106864.47116490435
97480.71788219191
109847.86711834134
129421.1050668903
106178.321627232
102340.86489493756
84445.21817745864
97705.28487965665
88966.94197962891
102884.24024223855
102702.96108446289
112128.53679154742
94071.66730807653
99087.8029269085
93800.1555984828
