76912.2378851989
64598.147068344595
66553.52256951203
69486.8217717993
78509.21358354925
62977.35620543038
78608.92713314662
73654.82876116643
75130.84770871182
65214.81414918329
75123.38600103128
79052.41470527227
61797.977835204205
49122.68995203276
60627.779370094904
71092.08748977979
62029.56826774794
62365.94531033901
70373.0915606997
74604.66801488679
82073.5168664192
74887.5994171017
75794.7421098659
71220.19927915433
58006.5298263861
67278.71634183142
75266.57662246139
81254.91064950384
65934.14499120424
66783.18611034317
57556.9431825519
65269.99010849585
52754.84107554973
71237.28654792394
77853.53192173426
71309.68273026103
68768.59722971675
75143.88879250047
73878.24427710757
65518.90900093769
69151.59362835699
61193.54715691589
56478.20515779705
83198.94964189836
69809.70720721727
59358.823322002354
72257.57177396596
73440.89881619127
60170.410867760365
67844.66634363706
65877.74485328601
77319.46480316597
71320.2800321763
58894.38892955787
75573.64746075761
72487.86688928049
68714.31105951038
67322.34025938857
69263.71607178118
66488.06667074036
74486.37669300998
74153.4845699612
71234.65259330858
61073.67661961995
62268.80877574776
64370.66012717577
70575.20549290121
64119.00894870499
67154.4892098168
75525.92157445896
63816.30857295887
68051.60606065931
