27838.23325527544
33239.36403294194
31039.592605873524
34275.42359654287
29420.37091914624
33506.485031531534
32351.463569682946
29474.665462614244
27899.803077766763
28003.656177254135
26869.840480244733
30409.89000394391
26958.831390835217
29918.50562914477
37668.384312816874
29510.335315339285
28280.775851950464
29785.252390111145
25931.310221434018
29544.296653106325
34071.27599379362
29818.93228195338
32317.09374446776
34693.00882083472
28420.93897751858
35083.96030275283
32119.711375138075
31272.673315072585
24346.544079252904
27237.751498883146
24635.22328946459
34393.294004668634
36069.88346427879
29802.406817142593
27508.101137553575
25415.055160955944
32822.13700973073
32941.91041823412
30390.042684388794
30366.10098376868
30955.649439297402
32679.813704733577
27879.059498140723
35935.268894283035
27799.762352223286
31049.227261536507
31434.11044784773
30205.443411521945
26670.107661262413
29245.378212650056
29803.629730323217
27393.15051450143
28020.226110866774
31120.488017188803
31942.30405783581
26866.60355836558
33199.40315533839
29346.4394374471
31647.049489948058
31983.826038032257
31913.02398241904
33793.717898438495
31013.596507581264
31472.175648452514
26748.78504486222
26063.027448233835
27479.55242785703
34444.136203487236
25440.560421649105
26283.681360643364
32456.83671887
31606.27602999642
