89408.48999086184
78651.2070299942
85060.71073797868
95193.99236176221
74639.40628392404
71493.15252515493
78856.41447977992
86056.90609285574
76029.47778589831
72134.36212490645
78908.32546171629
87035.2552801113
75832.37788669342
68930.69643191963
75782.45710172645
69408.32698538405
85754.37749993922
81297.61785780523
74577.13109709194
75225.34594115951
80301.31462149681
81155.405283685
73259.1867888105
63521.275755398085
72361.48123234397
77545.77546604387
59823.24135010229
84880.47332911934
73258.29007203162
81767.01371080283
69162.35968842912
79233.71928370353
92131.84173023242
72922.2141128309
80677.62720554287
91749.44094447001
75689.49286774643
74800.2402769537
86782.30699544707
82397.4045352325
83567.96191109325
71833.2743529298
72896.54476556643
89881.19190585763
90832.59048135237
79114.38382880107
80487.02242331894
88542.31528124206
70997.90684028779
68058.50110358284
75410.1724537814
92738.98892019343
74422.6802955735
70523.00170126763
76233.5900003843
80557.53712257216
75158.42681198505
85908.43898850921
90002.7821785209
78083.23640774156
76722.37307893395
71155.16430659233
69143.04341281066
80367.92067937169
78437.98513564664
69171.10259568592
88964.40534663053
89427.472183656
93849.03788966704
93691.33882542091
97969.51318222581
76842.63492203358
