109773.35502095915
112506.80831816459
119600.53886545423
122769.57833960009
114247.36044798855
129286.79967397565
112867.52273105868
131460.8253923787
142911.25892964043
108193.71257691851
94098.75142889608
119623.26793824177
136461.55166714452
112472.19121418733
130988.11328665164
119382.15500482488
118532.8729015473
130310.08914235044
120667.35274875956
132195.84415369004
88198.82765105659
110394.02172183426
126246.08228555386
114742.49995640488
107946.7339307276
131880.17499108645
120815.18517885251
121165.89336336352
113172.79451987382
123708.13270432933
106697.21987997301
97119.2037076907
136860.850325396
143057.4683999085
119791.57408230685
123329.7881174814
138682.61674059267
107422.34110183567
116674.759148176
100278.92090788594
111902.64645331012
119337.73992180197
110423.62481292417
101722.41807580963
115130.86104581857
126591.1314292357
128063.30905060538
111642.56672977455
132318.91857649654
114696.23872101934
140286.17225844413
112664.4296982952
96760.08017953532
126640.87345896097
122285.86008700119
106022.74797244911
108378.10596807695
124982.1252543902
126170.72321620373
140355.66891493977
117361.79210669005
107263.19803102915
109990.57149322735
109537.31791152661
127622.75329076337
119440.33240909645
123119.34836967563
117946.86950113084
114679.41607158822
141929.45519315897
110314.34202483072
134730.80707307486
