89267.8510289154
84279.22368669673
83288.43100501595
73615.45750351893
82731.6299254597
77010.78095824158
66925.4601552437
85958.77791351474
90634.56151054929
84533.98937343746
74067.93467736199
83446.9884694525
87753.73324915413
79927.5018982176
88434.83664600913
89632.25631386564
77039.34405524645
75952.8025422493
79265.0872163812
84614.20512862911
87508.57536553023
84517.34238001933
69646.91703947175
88835.06526775882
77919.47082987496
74215.79188218203
78182.03913677849
78824.11380691742
71182.12476375094
94108.49214603282
78652.75445366732
86896.52547528077
79562.56529836726
90386.24506935084
76144.17055667234
93022.25438380166
98000.00739319867
79355.33807766014
81944.19757664895
74069.32329270609
86230.86952459818
79350.42478733223
81138.34899693402
86221.38989932531
87984.21738757347
67141.20410261114
72786.33994371252
70378.52726218902
66476.77925883073
82358.48246616493
83686.45963923614
80573.8603519381
78766.81967341983
64257.22392241385
68691.12790680391
79233.44082434684
76259.51880100482
84572.95822660084
92279.04687234755
73505.097221558
80703.27147851368
83615.63023008907
75826.48956077533
73760.2474016016
62664.51444511525
85479.03343409814
71934.31412264373
81126.47150716966
74061.01753738055
88542.14170707879
69035.13070053948
92590.53831867532
