54467.489226782236
57596.20307257999
54849.346411186656
69859.89343021589
65223.53753920545
55510.28487240896
54809.85912037389
57880.36145367017
58890.38097018883
60478.80930133439
59266.78037642085
52456.948990494035
72560.22268216728
60847.413391073176
58127.11364679328
62132.49561838054
73781.02901773778
67163.52610012847
55529.3955350829
61986.919697537734
52080.93841854192
65362.747619489615
64891.386364890204
58495.742356182796
68019.93681803536
53733.637820390584
62502.51558386438
63959.71474114317
58542.72935822534
61166.19017829088
62099.65966059844
60789.72527628672
44861.833335109484
56858.28313349553
65357.56993070724
53516.915173890826
53941.6242529786
53141.575220384104
61770.17130022017
54475.165597365885
53280.68768502716
57148.521748062616
58787.835296822646
56194.955433874784
64606.74610284498
63044.9228253813
54944.75350385609
61073.16110208937
60395.69586019996
55952.96156781777
50828.18829362832
63090.910815023315
61097.0859110577
64002.2850840521
56253.26201941109
42195.087529095166
58034.98096989202
64679.44190880391
54253.620688710216
78578.94342259341
60137.79411164189
54665.242882962404
62025.758230889216
60513.55640364204
56553.69100225392
54178.536331377945
64901.30744031634
62690.6714133568
68745.1197820206
57655.639252665394
62588.88022601635
53572.2554596601
