92734.60838689485
111884.57846358822
103578.40160228297
95008.53376941578
80597.03037252091
104998.35514090185
101864.61420560809
117737.38496995729
103142.58219197245
106980.70420809196
92953.5907493004
102550.03056796284
97470.65411643543
81558.47652269664
90638.21518452361
88267.46156243686
96749.86156150342
105604.38820320084
115572.60139145226
91866.17473379166
94581.64692552463
99103.59582403599
90859.44178353326
113238.36003979409
104969.42628642138
77241.00043558679
88408.67629938775
95726.95409118656
94652.56053471113
109020.5393681539
96922.80477422597
82923.69628697114
97282.2559836719
100041.20969672759
98144.48150155482
113239.64157336998
117973.1672829014
117317.4365322331
109462.23053420399
91472.44768633493
95286.52005535114
102205.36739029414
109181.49668802916
112198.7256811764
126450.8552957486
112195.22871796679
102106.32890749568
109457.23509493774
97404.78945745817
101536.08525027143
109658.40728485418
91832.62842354701
117200.38892875268
90571.99715883569
81094.31094669855
92336.77968468337
121631.00695888104
101180.40492866747
91146.48579272344
117172.91951942847
80150.31093329148
99013.96327069559
125917.32378320038
107097.99908989412
117283.58774730294
107756.8599269104
67061.65397117437
96837.43234593968
100851.40812178723
88700.55403432478
88046.91754316684
91189.78414351125
