58835.95196514217
60900.18704097497
61074.8510096509
61307.61447619992
59147.50692105288
59522.009877543445
54099.50513683372
53613.26553655515
60757.49476850726
65548.33672178903
60551.642970372675
57365.83052644324
60505.82044424457
63584.4087854417
56023.3392595836
55453.19891486491
58657.758066085604
61685.677784607964
64479.262670382916
69812.59288773368
61976.96428605598
54082.01135597603
65296.66233301405
61487.455989052534
55704.92503075424
69197.55665475185
62862.12484236882
52587.469408181
68014.52158072051
55045.12865923008
61047.6744995832
63304.61264618907
56715.473618099466
60767.18731154694
57698.44847462328
64255.86309205636
51354.79577811697
50745.10623654501
72178.39311643802
59505.63185561592
66410.57930935183
57295.653546350615
61706.75483414755
63049.137581794734
62090.7790176605
59663.579337591385
62776.15386872936
62909.77898449756
58396.57608162751
56466.52664273723
59490.650600691595
61563.81194663214
69148.10359574048
60333.71965075817
70359.3937278089
63963.50148932452
60966.34175724052
62126.61952053196
62952.72439608032
67347.84773735532
63263.28451104277
56443.39594459842
65590.51136990705
63755.70299607409
54024.64232940739
63940.52218282079
64427.56083928134
67591.16539274226
55264.57504496393
55328.07682466255
62456.65061836045
59846.34725780666
