96391.645419884
85320.70633174886
87000.4952500628
75696.56508983302
75341.29441279551
78689.72072083026
78007.03702212458
77473.81339812418
74322.72063227062
87560.087626922
72931.71962760748
66054.53688354792
76008.76025418847
68094.14628729373
89646.99151029832
71616.60559196777
78749.50848642712
82488.13948031791
80880.30539390928
80742.72720201204
68150.22810487212
76904.96842903318
90963.95295055944
71248.50649151014
76252.07277643109
74605.64239767482
78088.99587887125
79248.37900316833
95369.60373054822
79808.25091959928
64345.038079533675
88508.68431162427
76279.0040981721
73517.37779492326
83114.05336357045
72823.91535506924
77832.59187402896
83412.77482668927
82992.52801061653
87219.94017547715
92405.00675229328
68101.89197344324
75958.99981917665
68016.44690298958
79043.39539753157
68396.74981343866
76533.86081867643
76054.99744205241
77951.4659750887
80707.08329140741
91846.75924311418
79151.81873052054
73826.16599490629
80291.71905721245
90396.5075871548
74170.44436542543
68656.87768000917
68235.98517348416
80400.73299612963
63961.93171999272
75382.40732186683
99574.28512216834
76530.95552374421
93166.07918396761
73726.84633562034
77231.95769091923
83989.20819187051
70718.60616473398
67444.72448354785
73425.66085323381
65627.80384676829
73724.19383407806
