107697.99622677332
96369.13281461126
98180.67491336465
98712.91883897208
109669.85614792367
89183.69822987015
82571.48796823138
91058.25947363174
101642.97832801477
88386.94248329457
97977.90868218217
101948.14643984272
108820.42267479953
107785.73764339455
83088.39997685284
97783.15579115563
114692.74729435286
100051.1321919154
96367.09013569646
90506.09577232868
87004.279285337
105551.97256358358
94249.11812988756
89324.06506024428
109791.25975483237
95693.39033393262
91981.98643818713
100583.78546816029
87838.9919481018
95733.84322012434
101894.76118999797
118416.06124128289
90740.76505653345
83212.223967766
98406.15541777732
97537.78959911328
101592.37265682663
77841.11557068248
100669.35558437169
101231.15922579622
98964.98703735543
101464.882344104
108217.33343286712
92302.29622570117
87949.84102151399
96757.42759729153
106747.41256135165
109749.52245814847
103918.11360517768
112129.00111275115
106690.07533167907
88293.26803742794
128766.80737376444
96144.06835090081
78822.74252453429
88867.96997592879
112644.1931726494
83906.62287780408
100717.43184952509
94349.209019016
111721.06659604599
109890.0202460237
104742.99962711261
96395.99759571579
87100.8942028171
117609.527459748
86116.49615214037
111515.73887687852
85017.28229918196
95994.82991584297
103428.05610294432
106815.94001086219
