59886.23874999037
69516.01572007923
68349.98655420744
74082.0589646152
66517.31506750763
75787.40786713772
68739.43777592592
60358.10079995859
71559.68693313724
64039.530490748184
62973.00644769795
72487.60477885001
75759.76032737763
71692.78421653423
67341.55106228839
70774.41330889896
65903.2319425641
83402.1861360802
70058.5605080202
66986.53939881775
73957.45985158048
78802.23377162144
59449.6387396987
69715.90755192531
77789.42866213896
68952.99116506164
66642.78427724555
82655.02911158507
69027.74881224049
66029.44619763341
70019.94839286113
63409.0547696855
66087.69663820673
83544.20704581356
73471.0977893312
62334.697473766966
69893.8687413593
83004.27291373424
66699.2254104454
79439.7209329106
71172.74212954481
70511.9501919212
56885.82567990376
76519.33142959095
73189.74319976608
70122.21637705542
70805.79100455606
71867.25589521552
63596.99919041373
57750.136001673854
62278.34779820863
63675.62736616868
75201.14011347303
64847.8177411177
77253.62005386062
70733.9616035919
82616.39273328886
69156.42878973098
61372.61501505212
74031.00912528642
65142.97057963564
74975.5598673462
62769.95613300954
77532.08375896624
70278.33515829
61964.756996570875
72311.11448528142
79141.27638391872
67431.31245432564
73554.75458159548
86380.36066208627
75888.613081042
