27121.805903934368
29585.283251065077
28998.735085170712
29942.828099703267
32606.06174109228
31063.886620572688
31317.297695721656
30438.30071471138
26418.74887894642
29000.49517381471
28225.147970487436
32534.904780535282
30007.30983296112
27872.94782546207
27575.9525856297
32058.056525503845
31151.24673541149
29976.409094727107
34742.946891455285
32907.828909990174
26821.373930938375
32969.34449116605
39332.36286575404
30471.60462742339
26594.992046555726
32625.674184723604
34011.23730415931
34071.360055594356
26951.20073299924
24684.89208827604
28796.716483774988
30112.406278723483
29034.384100802257
28988.955720463295
32640.99869314412
30857.585135058358
34215.995324002426
29178.248299931904
34018.41431386241
31209.62504257671
30957.352570601168
28413.572458985094
35609.01071216378
32160.11149171968
26370.913422324313
35199.1458593499
38203.03663665204
35478.92459932422
32220.20472059591
30665.95053048668
30058.09894520449
30669.870588143574
33117.25197986217
33768.4418354245
27568.069998874842
29929.370347980926
31508.54651472363
26806.90841821419
29204.720260296664
30464.733132225243
32797.96274737113
36077.79471343157
25506.85120116365
37182.815549132094
35499.58460773853
27871.59792392817
31406.894526102482
29775.733349539543
31111.81584590613
27639.461032981802
25363.796894196596
30263.900154235962
