129027.05253826402
105675.17731328696
121392.13853543182
129044.53364610574
116899.97356120896
120575.6022433267
121164.14601039584
111665.28318625962
115856.87111949066
121479.96741214948
136869.0576456579
119945.80472527229
128995.04000178579
147913.05972489403
132376.7820672836
136248.98107375568
108397.42933168757
120194.26339602555
123366.09619000918
117959.35171560143
111531.1397744149
124838.31532973617
101069.9196675124
122980.7018983924
111723.36596277008
105932.21611380954
142899.42513776678
107979.95671043411
128240.81054991695
116133.80663437118
121721.02603124005
124866.3673332665
117362.8885586554
109116.14947029907
99567.04455380654
113098.9201635271
127239.96686268639
118904.78175958135
121970.69765370594
125543.73380596476
108424.98386560802
135847.8517799102
109648.34855106076
127725.60616961741
110492.84868961468
137694.86902451213
128099.41823262486
126549.35553039705
120345.91478922997
110954.61537253627
120820.8710115736
112987.1307868897
117209.17139265111
131458.5029328726
143796.5649786157
123775.6691214827
112081.40327879357
133372.7635804695
118832.35639682367
116046.79592790532
105754.9290333362
100805.22192566631
90965.06860402286
132058.8209023161
123172.18953695176
128499.11182150032
108647.13705085212
114350.00444784561
132943.41271796328
125311.5489535055
126690.50629745887
123234.9102559402
