87486.53344250322
84781.5785318931
66075.63558604247
72211.8955376877
70349.81887252125
82411.52250574771
79657.94475011283
75924.8037625049
73296.50355370248
71950.5859053552
81467.41942715266
83206.01556782826
78875.31839577966
86222.45168462259
77703.37468812858
89431.44349906752
84194.05479904846
87149.0598324863
80998.60930188608
83724.81799175445
76631.31785693271
80741.1132755917
74001.68257397691
75438.66938381613
85821.44853385731
85432.46621418816
91822.13095088939
75331.64218110517
76914.01164509261
92231.10299425956
73769.91279293716
98772.63407642793
80287.73336700475
79121.24671943176
86341.60647475351
92891.32206939059
97333.29585906585
87916.71276363432
81475.02254228812
57473.78484980592
81779.56652514967
70741.66462342082
82994.92406435937
80131.89073533326
73371.19689957572
78931.07552949912
85355.07613425324
84770.00766717053
75216.27062288833
76081.09774938649
81643.04728056384
90166.46197710921
76842.5774625522
79913.07159538992
83113.41616795851
88137.21527523352
85898.273396598
72562.8980504589
87279.68833981661
78629.22136185803
89265.24598745297
93043.03593571427
76950.69069913217
74191.90622937022
81879.08669253683
62775.29579501022
79799.48077837744
79224.70291958409
77717.93933286559
80992.46494942858
80109.03036110089
69042.48676457793
