63522.799335493924
60384.94567061997
62740.7584620641
69271.62830776132
70362.07718923368
76722.1227988594
67476.99554161787
67992.65107448297
74704.41204776906
68547.64220563874
73562.49823194306
74208.71865594352
61861.09258126914
78038.1867110628
75993.58324053559
72145.89366574328
64048.841598148814
61622.23204242515
76208.01052852457
69612.75673069218
70580.23116519474
65182.766054227
69058.3187060163
60460.7870753413
67071.70306641582
64970.00741562473
64382.64639697172
60244.62371994716
69797.69168672326
65523.263403619494
70635.73554175833
64358.36611744251
59307.24675128821
65141.420063332436
65079.11000581261
76867.29330109418
61167.18757606444
74506.25856940546
78716.2824897554
77917.13290430291
66271.9020392026
74647.62368360862
68929.5652806387
76196.99131533643
88600.62214034717
75906.61353981854
69777.24904392891
74091.00977945125
68854.55233569429
67570.37094555305
71068.15122961179
72903.27720835146
67031.50593630936
79372.25143312792
64654.74761962859
69817.66487990251
66381.25958592985
78200.72945437765
58555.67244481855
72392.5342622963
61339.25588849739
73574.04452987858
69870.15415896758
43225.160994956794
52420.49307230168
65984.73938540877
67118.5593008864
62135.0091895272
77800.00244004877
58797.741176174226
79797.25256559762
72244.42271911664
