34185.45677714831
29959.869464368647
30228.241252994398
27175.771540292706
27475.491447252778
27663.251397646633
28088.25298678718
29797.956737410193
27112.66688892114
28709.935431865
30307.851541164167
30438.297926776893
25255.064648025895
33671.61531088714
25931.789533576466
34769.80808026509
28635.473878939945
36067.8313946441
30561.542133954154
31736.698369595488
28812.339371236838
30846.490658824056
27294.657825168295
32592.641594244848
31304.098676318066
32440.76774890662
29123.707830958232
33484.99578205903
32963.090778364385
32361.11956265327
32582.280740021477
33379.7033411036
27319.128745250622
26261.236096078454
29235.464937863304
26563.632283505784
28899.101790214372
29996.467386926193
28547.954531055824
30793.009652210796
30184.068102039975
29754.81348125143
26510.528840360814
29978.26026436772
29959.480402072422
29680.544642004304
34442.27866014017
27921.616505805152
29986.446936339627
28271.25384192762
35583.9301945581
31903.6629318144
31326.326867320204
33227.59069381531
26971.5769540575
32794.57884142246
29320.546001333685
34800.10022507832
33338.09085474636
32402.837869505845
31512.03575633332
26819.143497813482
26922.922862998385
27968.52506746738
27471.23755228189
30312.08935316173
26244.830430517537
31673.745464142303
32485.847671288928
31434.201975311466
33061.79141067443
32692.652756756972
