78981.72915827933
80898.09236651522
85460.88926074303
80834.19141497187
72680.41791607025
86944.98997086864
83884.56552390629
83249.5508973471
78067.18674618266
78500.7628530001
78100.6477073759
83429.63600013845
74055.27497290133
87444.24166947353
65391.22516864263
80501.62888498887
77351.40417767115
93079.80869728536
80268.31299229704
66268.16137832167
82370.56114906352
81289.0955192904
83674.0649931165
72080.53362457528
72002.54206930306
89267.46984487203
83983.15691602102
72107.43379330487
94342.87795247837
76726.52893304122
92029.32895045778
90952.59837913526
70304.58362596374
82581.06584809547
82008.14724091142
87861.04004299873
87302.86210861284
77437.13394145969
81245.881893901
72441.95997860754
75316.60787917975
95501.98855984959
81657.35932462227
69588.72276587025
77310.94727836964
82721.51028475437
63350.978875917084
64620.248517062035
85631.36652320129
80138.47033198414
64891.57820758935
89405.95372958812
69353.07331923531
89681.03082429031
90559.54006324397
71405.5661825599
75676.83534448019
91762.06143392688
86300.45730264456
84171.26662272964
78850.13257412179
88847.73365486384
71589.45642414055
74727.06623454735
86838.801135776
90828.52639873995
76831.71111123325
81111.86796148757
79661.95751141812
83620.97172550659
64457.885263556615
65842.86329983291
