59834.779984827124
53046.698916591944
55888.376475454046
60140.933749430624
63222.42124347228
57260.795620372126
62517.23704193059
57405.31520184473
53833.28604306547
60707.956415833396
51470.68611059616
58380.80672328468
52923.83945703368
61628.927181044965
62544.220833759944
55593.85109200052
54495.3780899781
62049.93496677779
59688.051886794216
55680.27961767492
59898.145800575534
53162.23779557304
68695.29537198183
61243.9743987515
58387.38819811077
54679.6652222627
56419.500597197635
54785.996481504415
67284.34290890796
64909.299089339256
61994.37728045326
61182.827882814454
59059.71281464214
62789.68302624525
63772.46663536411
58668.09080453288
61971.0474881368
52119.4956116003
58346.331326438994
70114.98130044375
55668.48854832307
51758.97491068306
48144.14240061189
60287.83096155511
56510.46300678105
52328.24002731853
61606.72906846345
65190.98206644289
61846.43470860255
56810.18323687491
57600.56278671406
56404.49116948898
60347.43178386102
66882.72546182013
66067.99739401603
54800.562858052406
55988.726137841295
57155.55158939606
78067.56759747547
58120.251569699525
64284.43787182334
61535.24010908788
67370.69909315539
61634.59513935659
63394.75308532892
61118.42813057877
62007.26723218853
57877.921899832545
64981.222825796896
69405.30034628867
54033.80402753631
59511.70810184365
