58847.20297067033
70333.82572032498
78842.16052556533
71067.78203972166
77822.56998861593
58462.48865336148
67258.7864385474
79516.59715276297
76806.4429189573
83908.49333368942
70170.17386137629
82788.70593165107
68359.77619710757
73186.40491564402
69957.08873922666
73867.94960676451
76071.79063894007
67161.377212808
67231.72101911691
63648.747699379805
78464.25141365168
58953.421133636235
62923.223042638485
66551.34847664545
60751.50138771076
58078.48563082157
67079.11096625688
58057.87111222899
67617.80525956518
63012.15432217788
75487.60411487894
74030.42620372289
67965.5741573953
71626.05334551964
64974.09230373441
73299.68011749031
76418.08651959269
54872.83324830653
69604.8143358391
74132.3045571345
78257.1528997585
80160.80409137145
75216.11468383779
71243.79756319788
65773.65487279062
63392.50501285365
69492.02900824521
66570.42519930666
72019.5555997151
56133.4282789881
76256.44682071758
79180.40730846564
73035.7183474948
74831.69290223085
63642.82738792715
67689.53657147415
70155.17122687266
78182.44096667467
78969.20047342604
70389.12393525075
76585.08747891153
75217.69082984062
83438.1383904866
73680.60363722453
72934.51634319851
62789.76266889275
66672.16126346219
59892.326114805364
66792.63815821108
67368.32444935913
66581.67802863533
58164.769110809706
