95022.58365498002
96112.00995084246
103284.41731911706
116422.53522184085
87757.80860791287
108066.24507363143
92397.8936200299
95787.2380901596
110841.41557542271
109553.60247971168
96965.32657278667
91384.52383677353
100915.19429311986
117743.45850338909
104087.75584537859
97734.4218799652
105701.16255004698
91734.58723638435
98377.54694182986
101145.77980704125
98774.17547917888
96444.78919014655
86441.53382634722
86990.28250876242
92530.0923942371
111426.26097861881
110599.9254853691
116096.25490600473
120273.1123209157
96691.1975747311
83008.65340119418
96762.20333033867
106440.01044061333
87047.08043131797
101428.36807885638
94680.1168467465
98294.48281435228
82839.36434441482
108485.82520214935
95205.49267169347
101063.22484104554
105415.24816333174
91499.5400337001
102090.98216338964
92537.28790048147
83349.60622350371
103389.12457283733
107490.14974108567
88767.8539100787
119884.20058974318
106363.80900591488
87469.72073330158
110284.65810896522
98491.39627013354
103222.6704668524
95225.79775833944
85401.47639062755
99379.0575405851
95626.05410587351
98090.72945702521
94469.59796996355
109382.04534256009
96281.66900919157
97970.63478835934
122051.93749913153
101269.62260025936
109915.58194295023
98269.03821582175
111228.23547116439
104373.62197392019
101735.51682893354
111721.86880943595
