102136.85171418005
118859.90902039039
111274.58507532482
99076.54964628613
107316.58357562484
96807.67709536945
90810.73493225625
76798.89435309521
77685.27178448084
91805.63964298677
89413.49840733143
78083.77696257252
103625.00908396248
104837.65753286285
98848.2160488796
98138.2483239458
99683.81743290347
85711.34924480568
89217.07103215011
86873.97211664516
107025.20518202234
107320.92813908646
130448.13692121762
97339.97057419296
94386.00642012221
87553.33488503413
91787.99187837208
99630.28671473471
97581.10583469062
111856.38377532619
104948.55948134199
96213.90348328905
90709.31717329948
104191.26980995938
105009.38437692502
91779.10680878423
114745.80567909738
99803.292080119
103919.57828333562
98068.52790918952
103887.03075292247
120279.8213825701
101840.33832551558
100004.38084277562
100288.96700265657
89601.700630466
94140.53348335439
104001.85034606475
79508.93747526781
100173.49943980489
108363.1727928122
95858.46636075496
104182.68099983686
109492.55140679907
100576.38927486521
90716.72041213987
108275.72785932476
75094.54039204092
101096.19022984331
99243.3974639642
86947.37908766439
108306.77953749441
108937.58088966526
73862.37274011096
100828.54003360761
87472.92992369375
92083.10948140563
105109.9890105491
94956.64338780227
100264.40531423906
97799.70774394316
105885.92434020911
