64641.7274605371
70105.34158002902
78823.38479289552
65532.99645741294
75138.08296214134
62954.87623288601
80956.11178733234
77120.35742597598
70367.17658857054
72931.5772905583
79069.16471925848
57498.7898471441
64521.14248037914
72648.70058944487
58958.19341122594
68666.66420145133
72728.97754443552
66979.09451307202
75564.43987171685
79580.3273428316
67280.2123422949
61658.94714996408
58407.626656066815
81886.15890725073
69837.23031886671
82369.79566520435
74890.25490757216
68394.31190404546
65873.11299822443
66715.70987745245
81563.84374223689
82208.97671973846
71980.62709410208
59945.87874278898
62086.48576849635
80898.04238927817
64498.29855689891
62059.60261498931
72668.98455407652
61572.977766472264
59839.00181864546
78922.76118591281
73408.63935085501
66909.27261779906
67125.28315528414
80635.21149893806
68634.5422401725
70126.05243229779
67022.70924748527
65546.25138754777
87769.89520143188
71400.93211953745
63354.745502952406
67668.00150582728
80900.30993897998
78836.27011044443
71067.49235045182
73215.23371284972
70615.43418771672
70384.34234338871
83475.71095466381
60999.63907715536
71281.47099385902
59827.5271268533
64735.42412716832
73042.98342838997
71859.67251299223
71479.92164212238
65834.25764702295
74128.40856149392
72366.31029779032
66165.30917600935
