105779.43759968242
108590.31699721405
111077.5358195355
100234.2174918983
109969.7876878319
86811.30684933816
85333.79065053289
103422.67068289053
91627.55523995282
107077.42482057854
95792.41252891593
105111.36552315879
95997.13259819959
86941.27664883524
90213.33301286834
87714.64518587987
106725.15535793483
104958.80177311205
80884.869317973
109368.02764523965
90892.59714929243
109464.7102545878
95196.1389022711
94265.88829964989
98073.0464974454
84895.65449386578
94401.25523971481
94426.79604130115
86201.27546548746
84099.83531210927
100226.68387392098
99621.8001243414
100142.57098752349
99343.89788044519
89037.83157882097
108575.85562285315
106468.60870266373
113941.94291356725
91995.0375531986
76649.0140676552
98126.82696549478
99287.35609789315
104723.28113685481
108962.39249354789
106580.48139547017
78400.33287113713
123711.8376065579
102249.54679869431
101767.44257910269
122314.37189313406
97624.96816986204
100043.3736153544
90258.20418662632
104940.1946233167
101777.26790422345
97083.98975952354
105651.94523576269
94593.20395031707
82763.8183061749
111731.98647198797
102224.99611371478
91881.29496509676
82199.42097889834
108147.98401142807
99673.56621653335
89822.96098956268
90379.71380284856
73660.87252674547
94110.00102581453
106473.29137726034
126869.6834337836
91218.46391295409
