70794.41232982228
62638.52634400766
71674.26350302881
61268.56943242123
63635.87423963683
72650.67808232093
72672.04964450993
67370.53528009745
61218.0772585474
77784.59480163075
61197.27768769221
65768.3879001757
74779.34339561802
67865.06424996871
66584.68222216394
61198.26279215054
59521.23358325885
66514.49221110591
71059.60214061542
75491.01279680176
76807.8022730675
63050.950246810055
65219.68437236572
69936.61726763476
78682.77717336563
77812.66563569907
65496.264893206346
75200.17050226983
73424.71574330475
76090.12106090304
74056.61755559228
72859.84747475354
58530.518050889834
75441.42924192335
62845.853378701104
70733.85497926247
65280.198978697685
69643.94328227204
73150.73341991205
69980.50257694363
72482.23841411516
72329.3860916298
69949.37357256075
69564.03985216164
77503.88385774588
70550.20997813682
65101.27606586928
62258.846551497234
83250.88533319997
67945.43358344214
78033.32966449487
53464.704902897865
76184.75931734718
63427.49581830974
66234.21750507198
74582.68284650517
70090.73468138408
82332.86059551581
71102.68219726579
65130.338445724505
72225.85844923323
67010.90519423193
74893.69065286037
63732.37460928676
70968.79618895291
70953.78201895626
75827.81706028053
63770.821222839375
70479.32648725083
65290.24260826089
64770.729672246904
66007.75746714098
