64608.04885625422
82200.77358328119
73771.72290241235
94041.18772865362
84449.56725784017
77998.97827277303
91243.88058927767
91284.04116581226
88422.84308040512
78503.56254607937
88580.27251203783
73593.93244814346
61177.010613266306
82287.87936522733
91034.51731647825
85414.1665743421
70384.58758598352
87146.75623635847
86390.41607999822
89518.2629192562
89442.00759338772
86102.72923672866
88867.26274982303
79765.19166523957
69200.76963003453
67966.12290898609
82582.75800148236
77844.29321896214
66141.63963356752
73627.08494765827
79308.44530917305
81631.11026655523
73045.48936689779
76494.9639922633
90194.56730624348
77572.09779686028
74671.50541957053
82821.73007047959
81457.87715000947
91220.14013535886
85266.53953020528
82993.98451850597
95467.96006784964
71707.09734593525
72207.86514409498
72348.75473027544
86394.90785798378
80914.7208146474
87503.9795089866
92400.17079269254
83748.50302195403
79534.61036346375
73661.77735144658
66661.37862004529
67526.43182016772
64987.41448120068
83518.55658212946
76475.47691779282
76442.84733611724
77028.48459843843
72374.11347434229
84237.36222515517
68220.31157552521
89579.17195992748
88715.49949522845
76067.87447803054
78921.83234879223
74723.1316473385
71375.9974074823
80012.28773711194
81478.2885644383
84401.70081022396
