28573.602872148622
34185.06426939817
32342.158221244368
33756.38865281403
32674.24252754671
34412.16403433445
27726.854515640567
29062.170682350792
33346.44946721623
27574.743747265642
29792.461753664436
32954.20610209204
30658.784572654633
32604.833618389264
34100.173861201336
28196.632470369954
29043.006370141095
29651.816127883005
34374.16929840962
27306.782532984827
29666.034787948745
34490.6697912943
30335.608016089405
24360.254441561552
30378.81662786691
25557.82659364565
32535.827059808013
32185.095040388638
29859.64388577484
24211.379925046156
31136.64908829622
31848.44057081715
29075.392199127047
31410.92274341662
29669.323099459478
31787.633089046438
27201.334911443908
27875.584157656656
33661.296441328166
28100.0011645166
34493.73817643237
31784.258345989838
29990.856190725717
30750.018502157396
29889.35439159042
30093.825848200155
29179.65659128381
30679.2596396404
30216.39559097432
29707.4183367978
34282.41495081175
29226.04475599757
29571.308285144154
33930.63097429792
28020.702605219976
29897.526844445
26736.779479905646
27791.562265379293
24603.574074807344
29883.89510398846
31612.32512103251
33936.7577387196
29061.88244093346
27032.498593707063
34186.60398288759
34998.70123363563
29829.868932374025
30781.373815571373
29598.847451241076
32811.725525416965
27988.145713945883
32098.252880602486
