53765.00148605691
57795.55873524696
56829.345541711285
71535.27509040655
58217.453779337484
59841.777894818624
68347.30795041153
62885.54630956737
59063.7555292671
60900.506651352574
72316.71327918723
48082.88473173114
48301.124209879585
58505.44658560111
49227.034676278185
69609.39741285979
60331.3079808925
65498.253320509866
60701.79791043417
46511.60448807417
51826.25521081262
62039.32069102606
64431.918372787986
54446.76164145864
45526.754264070536
52465.995087234674
63111.15537332398
58213.57650627263
65656.46162678253
53858.86674210771
69676.1383247919
71681.84502574765
59206.16778140003
60446.8511500467
60717.000270252334
58839.653399691306
53758.60001896625
59560.48325568706
67287.25530646625
51902.20765230819
59856.28195047633
62879.059149055385
67327.466609516
52623.741167007145
53114.45240803698
52297.71048205495
62973.046751287664
63057.387336267304
65731.14721686937
52943.13255703916
53945.50695757231
64485.25433853173
61201.96749805716
57212.1201131288
62398.50217737831
50454.642609439885
52880.99807937329
56173.21724791562
64629.97371491189
59020.31114553855
62397.1436353995
74026.49272948658
53424.07909577809
55218.190131250216
54039.68452147915
54011.29075175831
59117.84828427956
53832.2311318133
48628.37894570935
55584.59083224856
59828.62396518946
53053.19208707063
