82010.43114622704
72176.57036986093
78593.47590832727
84232.40148883282
76931.63382381538
87167.66314280206
76022.8522016492
83797.55755973216
95021.45631133487
86516.41199075295
76998.14127585883
83852.97589503098
79983.65038762617
85394.24399078694
77207.7404824021
89967.75588585262
81533.93940387489
69311.60790446584
83828.17691032268
84365.0720297191
81254.61478140388
86396.93860692639
83842.20994634886
69054.61899552817
81807.21972405321
83565.00805464949
68796.74718488046
72682.36045980957
70048.0646343052
78913.75768540804
87337.08372231128
63064.04966717725
78831.54095138254
77713.35798271827
82758.74766362911
82155.7973715449
76673.8762519027
78932.24365451104
80990.73271879755
94241.40026626663
87703.81214929928
91355.43187528121
90063.00303880173
78985.57504660873
81553.19775848859
73290.06045678683
82166.65425810912
74115.88276187444
91649.96100677563
74347.59978878836
75171.04491100532
94931.05207015402
75112.46351708181
92970.86532828507
74469.51458785715
75537.0252656529
89692.34463330364
90119.86559293087
73794.71055110364
87178.34436177969
81388.53740741825
76999.25054512556
83926.20950925192
83107.7602031157
71641.11398489111
78379.71089096216
74423.05557522533
85626.17117317705
66706.30044464547
65944.54132376162
81550.44855488917
91452.3046428619
