29874.78299340839
27352.180851634905
29671.318891770123
24389.98090571816
30933.19278725717
25368.352867777747
28516.538110777714
25094.833360974608
29909.923357444426
26429.63277283607
29935.341387863413
28589.799583551354
32872.33454133621
30459.25602047423
28863.36697473719
34328.57019858812
39261.695989886255
30003.121497367512
23942.182420719222
30596.439277609068
31029.279494732113
28738.317552688677
35919.429538077275
29783.280255774516
29960.279632002523
29012.066722023887
27965.25348051473
27133.93291830734
39014.400471048706
28308.452984332904
27013.23400267504
27216.91668321496
26251.51976828814
27709.551888088205
32060.55885982914
30620.64737651379
28879.99418537533
26938.062750970603
31303.507641172
30546.896985632702
31772.886035283635
33266.75789465929
26629.590705475064
30571.452815342334
27791.823738058247
31798.039139468103
28594.968759630316
31718.46236132494
30291.699187892613
36643.77816757323
27709.845184399786
31597.401921002478
28147.916754352787
26532.714098301512
30072.085038401347
31117.74980384463
32169.28788616817
30303.93553550049
23878.102381842877
31347.687081817618
30350.507294154424
26808.87273592018
29367.915427714634
34089.420623439844
35387.05111132304
30578.63297715344
29043.14623773713
29257.143251340876
32919.75816078821
29510.499256436644
33492.09058554579
21165.076942444786
