47248.164706463846
73369.02164293642
53281.93405887606
58699.83572059992
56900.10532396619
54930.49703616149
53813.80852660634
60421.581697837006
53291.706778545034
64712.54270599326
53400.78982567764
48886.53584193453
66217.90581499552
66326.44097007411
62252.4535902125
54871.515625237334
60970.72408017622
37714.738204254594
66933.17324605303
54995.928530529396
66532.25490163105
53803.94962412837
61634.83435635585
65093.3849130492
53577.245110381606
63364.50359041124
56994.14612471283
75088.32363296574
61812.92054947799
55234.28192228595
73879.53022751726
55140.07719874545
60478.83358275918
64225.07071942706
58348.20403227544
67354.58011982313
66540.81040143559
56671.23063959486
68751.08599376293
65158.4008687877
44605.51898310565
56553.3020988928
55857.81409603885
62295.6331773067
55086.11573884705
63532.420025413994
60323.42135124
44913.284430980835
53395.35859208917
54034.094700835034
55067.260410041585
62323.22580630505
54250.81060145873
63329.58798898763
57629.76607359163
66437.68894712588
52685.698945823715
60027.48818692929
52865.468173489455
73622.11279050466
58978.07023209201
57503.51057661954
62547.822393008006
59632.00225214028
54069.88998607186
43541.47898159239
76310.98505282863
63513.39194961378
63509.17990901865
59762.12301651076
53897.67549362011
55531.55123281518
