65368.08224210294
87079.31773677522
87933.97510473315
80538.87693920461
72112.85069630617
87920.37775147466
71164.2236815495
94835.87751743928
77722.38763867615
84964.25632407492
95909.28333931806
72176.61483233092
95660.67316627323
84484.27505461054
91539.1724478912
81432.26531167446
76530.4231843019
87822.45178488379
86003.2472489912
89089.98910328366
61646.2552529093
75648.39317061349
80006.21869119666
76714.76386572121
76526.32417257581
80828.15483819298
68066.61024978758
79298.28142611562
77640.44456503344
71231.96739238326
72005.24119778941
83470.38560114356
87534.9917991848
79209.9390445149
73274.02857153543
81680.53469167484
86332.54216185563
85181.75041009052
80426.58609365842
77399.29852239155
87192.3988598406
83396.00923344688
76797.17615162104
84015.12917941563
74692.25565033773
81005.07332504305
78062.13299467105
87419.11960897905
70342.25757905896
77424.99748451092
75062.72474241687
81500.17662012539
77604.08201940611
60538.491086825736
87351.11773964218
83932.51350778963
92013.8103812574
79430.00405132999
86900.24540653137
67410.08251671316
80156.15648332465
77027.05354372942
84020.1772764351
74577.06234861581
69735.97115477422
74408.9942710348
82218.31611455543
88013.44941381186
81006.62878702828
75552.02872468781
87775.44526771449
70438.15731789784
