94617.2843166081
104271.73756154171
91158.49204056893
97823.08482825133
120290.56224095038
108379.47597151154
96582.35812880719
91146.45541842897
87728.52528148363
100457.88093309445
121395.41471436802
82812.68503450847
111761.8554302181
90166.77372587686
108716.54769527305
98962.78480949468
95732.63277260076
107570.06754916027
86158.42661232836
84259.91004138875
86144.95292077644
112909.31247433346
89719.23249631874
95058.06100901215
91138.62896442499
105887.18086725255
110757.56046470007
111685.55630334711
111007.01355801219
96004.29010771129
111312.19938979244
91339.23695527967
99319.17379630342
112358.48784338414
101377.06912023155
101917.09815550773
79157.04005488445
103608.42195118406
105860.8873691948
102961.68487733562
100524.55181905617
106246.75323574057
113705.44267884559
109137.92635215544
87093.80040210225
96913.67577696012
102550.22556465433
92975.85261469701
109974.81989267156
80159.48312575185
94897.41569796581
98631.50184717741
101483.25320178739
96926.02140368849
109519.13405075911
109094.02713857852
106397.4162578476
99449.39585235919
94993.13285135578
101361.48373746121
106947.86483321246
111726.56849638376
101829.73935722695
117395.16972389857
101605.8639040608
81217.52006629271
94036.2161058542
102605.44147776756
94650.2944176106
86262.04414047656
106450.3797015228
102357.27363021892
