29169.987014775925
31164.093611834494
29212.783304831122
37044.490569896276
34556.52103987476
28065.105093072754
30453.174585345685
28715.32928291423
32361.77004998982
26288.50137246789
29748.121345966756
31425.083729216185
27536.355722739507
32992.004726993444
26831.372504115378
28464.59209363135
30540.12804850454
31965.82713787195
29531.11575027515
30243.356189467402
26822.906168211917
31437.738802009924
29594.542893396818
29300.782371214424
32173.134520724452
32917.88852175392
23307.410064072228
27362.8031688172
30230.710687435996
31394.94110876918
30599.698261669186
33208.43282859651
34171.571107620555
25568.398808067774
27653.17920847637
34145.826892521516
30160.828420448357
31027.09755852689
31131.46371471013
28275.717938831207
31441.66719172687
34250.65511037018
27130.234655627213
30472.561020097153
32667.240327533073
28840.69810333463
29699.469460366432
30799.72126271334
29854.513559129093
25209.115147172954
29466.22633114984
28060.588794035473
31658.73588088094
29337.509749560264
33051.90748842141
26310.329364496367
33372.07300523827
24357.084785756604
31813.959819019863
24654.121435526635
29233.79600339029
28725.760877708803
26929.07509897891
34689.495188121866
28270.560939741626
32840.61446173731
31668.591214870336
26088.0159232493
24578.107858972897
30045.774710737776
23187.38519424294
29745.9416845441
