112079.85741621937
94975.33212084806
98797.33008700199
93883.22920274913
102310.03301877115
98278.23898310318
99720.29821346022
109629.16485572077
102573.51484647745
94328.56463222414
112867.59335081471
89721.8080817878
101885.56867847664
103216.5174288598
97438.96961670433
106122.73260356644
105554.2804582581
98115.09699724412
106518.84450202844
111620.49119974652
105971.68002161493
109875.74903145991
99081.97190327459
86898.59161369398
117506.51068331249
102509.68785609966
107267.013206259
104849.97534656968
98074.76697876946
108307.3044155535
105758.03747399052
119121.21818460118
93147.35653333449
103786.19215970192
107791.39140766674
101478.08241541921
97682.7136788609
84889.99283261462
102000.89675351015
104341.69126630866
95678.66982908682
90316.142002791
99360.16236837501
105508.12831867654
111290.16721901692
104063.40039429549
100641.39903053125
120660.09843682239
97345.45764320639
105358.65080137106
118056.44305851145
113885.08762549594
97074.06961888075
98141.76412981829
90951.1416325843
89019.2193623262
87022.02803932271
100369.44437387449
83883.43905821178
108899.22807908944
103307.33389298679
113094.548080023
103520.86418363979
107385.78731612331
94037.921686171
108208.41829911654
99936.00746504826
99927.81027132345
129476.75336253212
90673.2302004891
110285.71473625937
102320.13438516756
