70097.21658633124
65281.213631741266
69633.61121499131
78890.07680592427
74044.7150182276
69686.20337537702
65206.22977616644
77340.70087343406
68502.77307464491
79803.81941813865
59826.9316805732
75358.3509705063
66692.53747434972
55333.095934320925
73179.62907122685
68843.78146647096
76631.04235714336
55364.40999430329
76688.20896350502
73714.63029086999
55647.57191914019
70725.85168890786
80945.09619615356
66885.10991051688
55959.67210798396
66079.05971348331
79471.63591939365
68877.62430352982
72729.29755463726
71000.45537329509
75827.47427984914
83675.51963883525
58259.99984371224
83436.33445926165
62668.25325676424
69853.54267401474
68597.20830746165
71347.69622487768
68453.09909634537
65089.90585898702
70203.53142106452
71602.90456970145
65525.78479549621
65454.8360297643
61600.65074545806
58472.50381036421
68795.07888435284
72484.40661959429
67368.98905670342
55021.558754036065
61490.35415208194
65470.60427662388
74562.69839150422
72408.08470544354
57091.0211461505
84345.52546291701
64112.84316549817
74714.92007586642
66819.09684530758
58190.540475173795
65276.80196552509
82889.34362575276
67573.53068817574
84827.95235433459
74836.29505043298
61394.71722312049
69628.20724752723
64399.99645643344
75697.99413214393
67441.36677625084
71382.61679728192
73913.75882840862
