108415.44511071093
75386.84321762636
91859.3990269719
102317.54051331674
109874.83511919847
91243.67552429688
118195.24624883302
92010.47481360086
88602.25187706135
98216.22495945645
112510.25809749145
110005.10799238605
94472.68178374648
120588.62262143368
90685.98891719886
87825.376663554
115632.81786363451
105024.10901389306
89980.0496569099
100555.30889254267
79177.64543387962
99972.29719184255
109363.82813234442
98070.69347035523
104189.05395345249
91723.42020315543
97364.56552979028
91541.6331965571
119648.32546917297
94903.07597970476
86371.5598567048
81971.79413330124
86706.9506609256
87879.07227424797
93919.98365194
104210.55958312344
93076.03844397586
104257.2783809988
111217.87326262213
103060.45203000378
103831.32184330693
109227.71101325666
93101.28426808302
73386.78172145871
106423.8959381752
96116.62713841822
112054.35331247334
83256.74641103193
102460.97013202835
109442.02788012098
87621.5334135795
95016.45975718637
96130.08315438242
109847.33822605
86963.55791254318
98534.90778374874
96594.44893117814
82582.9394703027
101780.24787470968
108756.18891643044
94482.24915149785
106901.94732899772
111264.86717908348
90162.33040027531
106808.96699317117
112515.32667710629
92588.02491694962
119015.26429926998
102447.16930969144
102614.85127734621
99583.61244717041
100450.00719653907
