97681.65980185778
130496.79620089571
95695.65049661863
123732.06262539275
125039.52679401996
109321.0645015481
120738.84663458605
112193.85252777296
114860.81631728863
115459.07990579827
112019.59892114121
120708.04087754474
127936.35119057039
119176.87194750333
114664.67461411264
121585.38059126295
124199.53888579464
130053.02118175589
128635.81231804365
116087.67402236494
102855.02714673696
135698.28171370956
117281.50042805023
113242.33046207383
144607.87296998195
113990.33322154444
119485.23519681633
116173.02592744687
101350.59182814177
122233.06556314428
138087.46734850452
120289.32791841083
121132.56474828559
120778.82564541501
105747.44561991739
118351.88384933223
122916.64603241444
128083.22558387788
115764.63978152054
126153.23724611699
111168.85520903613
122847.5993874962
131108.1157685851
108403.32698472464
124629.00247110061
117500.77274071464
116783.96997849157
101830.64262278526
127501.52631764009
113112.03466066108
115496.41094554115
131724.4020803243
131896.13442780892
103641.82143376273
122942.68814763897
132453.81343844527
116288.90153066728
124255.24339382976
134194.12386052968
102148.4231958841
128284.33733677474
113278.4112698262
99332.47582139855
118776.44312748838
99959.83558957519
124087.74939637292
122300.78582327529
146333.45000952788
100959.0333591609
111421.63321441998
115218.6113343552
115470.42783808854
