63332.13289986095
81262.63610641328
75404.07809913834
69684.31320213596
78878.72400647035
62983.55309534208
65429.051097657655
75499.40753861156
62690.57112482528
84308.22400026984
58436.6531867304
71376.73892559795
68989.96304360736
80620.96816999707
68029.85637629016
73473.84556325374
72733.44335198212
68154.43136598739
71413.4803221633
82243.19382975224
60782.169086543
60556.099266886886
79607.92366575854
69822.42760257608
71165.14626309984
69115.0000047385
80717.53084270976
76041.12306264033
71562.55410050135
67906.23358932527
80418.06312870096
59416.254409410474
63977.42690250212
65942.21984830416
56611.72535962603
72744.2840474491
71883.41135349938
76579.18361464083
68463.92809123624
58256.6251760953
78905.23324943235
59895.43002586825
84016.34896266338
64911.2859409287
63376.32222282893
65321.20348782827
62337.97719856301
69972.16670670816
78994.21666210353
75534.16844285834
77815.34964592432
75982.48450213054
66940.68512889234
67566.30205945761
75243.33607209475
58405.55527018469
62715.77682590685
75210.63937291969
56968.02618629023
74862.39843509559
73898.09511566689
61591.22584489613
65380.8025874721
73878.82336493889
62791.45774847988
67808.02804546332
64015.67308443455
70395.03652698224
71091.24633208443
80845.69645034337
83463.00815305096
83329.95666448127
