29247.37028697748
33266.78483469878
30055.15954514702
26551.385798841577
25398.84488478111
27891.644132478916
35738.51439649865
29471.08086791939
27159.183560536785
34382.915911776356
31011.61347432387
27024.283827942305
32631.15117381288
24521.357303861896
30433.971187964456
28918.653248771
34254.141930073754
27191.99952028119
30101.92285466933
29297.878021333818
26784.87210408425
25053.10923348624
26750.289616758422
27358.37243273371
35970.993495771574
30544.358788728416
30419.64617792624
37213.91094570102
32844.600266530186
35462.8210199916
35401.88761266808
28786.34717005794
27014.95418304698
31969.284733140867
31410.640618096353
30811.33434439023
32005.45192956036
31253.029718718793
27014.21174700985
30388.2115707653
24292.38972021115
30965.46742206191
30403.74155906178
23345.903800585158
29335.022793615914
27564.588747181806
30338.205872761988
27944.45843191772
29665.739915248003
33099.4792992898
33983.61752273057
33314.80984074415
29218.854037795027
30352.7893961191
30581.104628739995
32960.6637009811
34227.57965239005
31514.910092760492
33584.402390796036
28137.776860478163
31683.082522997982
24361.225694340534
34421.34216950034
25982.669372290406
31325.946642304607
27939.337877917187
25447.234080274695
26727.67134104452
26324.824956584263
35691.943521939516
30755.267952937244
29257.688802140372
