94417.87481876783
91663.35258639793
104339.42482957928
95495.35854387122
112600.34841980015
111692.66934648484
80272.27517435484
98535.56103561561
93136.50538862748
80632.24976389084
109765.38830874459
94100.6537523049
104475.4646212274
111729.39348056959
86219.04515452687
103801.43259034415
109080.29096479781
108235.20435283252
104767.65817942031
88707.10240037338
96145.79569990604
103801.97183700073
89515.95759484252
125271.70117237492
95523.04720510746
99628.01015044177
101137.26921129345
90094.47442938127
106491.3443306641
101750.87497848648
101391.1538046252
100219.02555523752
95826.65550049696
94404.16892686624
108324.07642140456
74610.91287317473
117055.47340854135
97020.49023480345
89586.06947103103
84386.8371849478
95289.1712461642
94038.73378093456
90331.48368778592
101672.78104850683
103144.80585510844
115702.8550697604
92123.31832295681
84410.63781655564
105527.0810726668
102207.6956235683
103534.1080158542
97291.4005551372
89636.5377785296
97014.04667830444
114458.48019210825
113391.73153805546
98671.8838337254
110370.46778668647
95293.2172861795
90390.7111359551
86770.61850089804
89208.79941738187
92366.33862600842
101559.7268903016
97082.11040840602
92756.48447522231
84416.06474503977
99393.41508821525
101671.30075898867
111949.34938131826
106502.03787381049
89717.78830083084
