128215.21008338682
115217.79577395305
119891.93633359068
138486.47726774853
91188.67251449251
126729.99324521792
105133.07995661815
110634.93199647423
110625.01909759428
100808.44416432493
132835.31403329322
122913.87632043619
110899.1719583735
128761.75098764029
112706.90711285401
124863.0426879966
108681.97489140418
118842.66072463765
121202.00239704105
106660.78158864679
122927.053807843
123704.72021382279
112840.62232009746
117327.89073559255
141542.00030658685
107919.46612912074
132617.13380686243
112872.36611767745
121491.90059138894
127391.69307319634
119876.49749992717
108517.35618689573
102346.73228780071
137089.63422135916
98038.29803258333
124589.0334739812
95949.41539459517
126710.90344758207
115720.4822198269
118792.00849445611
108583.28472501195
134774.13389932265
127761.6852381653
115406.27127665697
127452.9788497251
106646.25516916491
124756.53014136276
101594.51663820175
113264.70541247645
116191.24176387434
115760.90491338156
114801.61415143486
127101.67251279113
136826.87938887245
116520.19836203591
130934.24450448205
116242.09965115285
111607.92158873011
127052.9437935285
121586.15995231849
126618.46056964017
128703.65764961303
113246.11203996363
102087.25861191406
127314.45789379302
122200.647037519
134096.17013911234
112695.11494773516
125537.97558339073
119527.64252457935
130229.85725632685
119798.69231720302
