126642.23329130225
112689.10759538914
115552.02115811678
106861.5650894479
137101.1640445684
131474.19756898496
117451.38835217162
129849.73904443649
123484.15259379706
127256.18632946277
123165.4030693697
117336.06391493497
120252.6834423915
115408.61398458491
131792.08797064994
127401.7344381672
133079.52587651167
111356.30007383277
114923.87648509315
136759.98813041003
122091.5769691189
129576.07312498211
119402.1530606986
125162.25085013802
110622.28153795861
116738.38502434612
130529.0544012633
120236.42116797852
146698.29284904865
138232.56342264786
135456.74031781935
114530.27228678294
141709.98697111692
100483.15032541854
119510.71258598659
112826.89021758494
135868.6506602759
130180.57438969791
113612.67587413413
128472.25125078068
132912.20409020272
124011.07107413183
114616.36943507407
136103.66309525142
114842.06065147025
123327.32671289328
108639.85644638243
110861.15073107548
128395.51274986455
122652.5772533919
99261.17128330327
118831.83809929834
119101.18069600232
140405.27069196018
116753.51674382087
123388.97373165717
130358.02182046793
88955.03349289649
119708.26736373424
126967.96717716828
120030.55036234944
112623.68502954862
139003.71241656732
113366.86769590285
121602.86316128015
114737.04344562753
138160.9469330341
109958.59308490597
114213.80577027275
133697.912564808
125101.06911390868
102398.87886164182
