61803.96121443772
44128.93056042507
74508.11523105622
54800.53389167275
54547.81965457514
49797.62272690581
44126.50452157142
56042.102043011684
54451.49508965331
54067.059203806486
57626.108144255355
58571.392157838876
62804.067948947
52348.91219835615
51684.37815933743
71292.82076739319
69645.96522087106
59964.49204246274
56881.06757683405
61502.79438297902
55964.52576292144
65862.45054514674
61409.25266594767
54725.30798361384
57493.8790769811
73363.70255638367
45490.66718492846
52294.0297912131
58046.753103430165
54448.26502745463
71173.44986924487
71004.68032132689
63982.07797867091
64711.971522667016
55148.84563384342
57500.52141199599
60720.89124162818
56026.63862700041
64275.04181890036
66810.21000648043
65767.24321410751
53376.49646835571
53505.12776134237
59052.76334752115
64503.11481330961
60528.07945758641
58584.49168094359
58415.67376336111
50087.71320363963
55420.222816199304
50891.1716484705
61011.21220964409
60861.06097659201
65396.78820465516
62406.35676389559
51659.14086111695
52142.93952958268
58443.76601329468
61645.3652659803
48580.25353058458
51792.42494018519
55016.91261809127
62768.03077773476
53749.151961018324
65256.06134445733
61587.499615833054
68023.32847892793
60781.733386503074
58816.74750120588
60189.84359334836
61352.37990975596
49438.98775946383
