93975.21007906068
107930.04109136066
84956.1147313151
114427.53327428123
95390.90630199766
98724.67071779465
114907.30285632973
106429.80871964412
92857.17392583321
95192.06899126137
126624.02365685586
110564.11575116056
95775.88506551567
105081.90602159746
95969.79096498755
77682.18134070642
101447.83217767374
104316.95900167194
91309.44096898992
102308.5374628663
110049.58822661971
116631.48485865569
76348.95597203735
103098.0468293316
93723.04742803588
81603.09461365592
93885.3075663514
84600.65424143273
93055.92441222105
95606.19301294598
98001.6689024183
89181.12399925456
124358.49830013291
87383.75428596586
74331.29817576046
102406.30325831486
89072.06340552629
112442.45329844189
120676.28334678742
99715.91761974769
83797.05305166545
92744.94759225623
106289.62904086307
86914.36063558744
100816.45579035918
92723.40156302496
105920.57916773073
119233.3126008315
79008.60699358699
93310.87747593917
97220.09578475436
94642.87145526274
109982.2983084282
76409.22225137075
106198.10211818978
100699.94149285043
74066.03814097302
100452.92100479208
96946.24492544387
90325.88882476487
105834.04851959435
85560.32785044976
94272.44518236307
111472.8540368757
96921.96017430373
104974.64181631082
112474.0507858191
106705.34110162705
90593.74224985541
102505.85927627838
86064.49280560733
85532.48408456797
