73731.97749136505
63738.82701276768
79395.75528690933
90947.15489605902
81332.63236062857
64234.30275166133
81143.85434565414
74243.92648540765
75410.85777261216
71864.35127014326
72780.76378632653
83527.86072638237
93412.42579432942
72743.06005582886
74475.5735698279
90015.6973237347
77284.73691385782
76646.44264668165
70437.75408696069
84322.14788133545
85574.86499317625
86390.25669755312
71878.7745041123
79017.38899370289
68790.81985084072
79805.44775103002
84883.62256494586
76226.5359742092
89671.21133215069
68913.90265177119
92691.21903259923
84869.99910147276
70536.77779967534
84122.22747253314
66090.39788597265
67653.71642828485
81535.21498997767
81113.67510585113
77267.08266633563
65170.19339365272
80216.0271818737
78958.03359704118
69876.94973476543
78196.78984690721
74088.35943169221
72532.23334023243
82153.66002451416
94800.54090108535
87700.57635256216
89157.04802140333
90888.03138516088
81841.50638537436
80844.97729807993
92042.75745487402
64345.46442241495
68774.35768291364
66702.60441790365
89246.50177416886
73432.93248963502
81127.11664791542
87377.80066588194
74676.74827823087
74907.09913980629
71947.36618106632
69693.5192676332
81063.41595118569
77167.2980595692
77575.52810055298
78251.70956075807
77722.05816922424
89497.16803772091
73326.09168538298
