70232.82905351941
71904.65058930582
73596.63252163518
91086.81018076345
76006.72319177564
87391.48139636838
83500.35200010007
96307.83904642498
86552.71150100655
70464.76314320236
66019.9723689788
72229.5279035828
87660.87383142441
78477.69932830759
89554.85804671637
90825.89992694835
78961.8361738803
83021.95960174032
83562.11651261458
87210.35765249534
88865.88192666644
76629.23695623234
71807.7227684966
84864.94790640056
88212.06598484324
85747.83485099669
97135.56384635039
77638.67880699069
64538.78794547132
93439.74746328598
77736.13284867218
87194.12197225711
71102.2254141873
77372.68709959708
65326.70994518415
81053.50637449608
66654.27036930116
68184.93097391255
93349.68941603893
74829.6197554376
65114.08673579539
76642.78634528465
85646.87351639554
79126.96909789421
78899.00838274525
79913.52494704875
86198.30348524585
82341.5489684206
87883.33321219751
87532.53613941076
76582.70957514786
85647.27867388765
89442.02224487967
93806.57678001504
93184.70327690594
81558.12682157816
77828.86309952218
98102.10014807321
67259.22744611272
72725.47253883754
85720.94664337378
82593.54711881079
91160.58422013946
84821.23270363858
79955.82102882446
62617.023775779
73654.04671642727
74000.59843235166
71863.7418199918
99513.6583493199
95554.32494386216
87645.29711554314
