96784.07339698907
87029.07247857375
102756.13415861326
105278.99187429588
89158.58822544504
99041.7662805886
101352.6784984429
108176.90503650656
121963.1934290979
87263.47886701758
96719.55641962982
111949.94906312425
97933.63230944677
89904.9008684251
88799.29274934898
98477.7379519739
102188.64562933394
83095.96255656231
104109.77008014197
101184.77188802541
88753.71010846626
93348.69365587062
90349.33963262789
93188.41649733449
92860.1667707865
94408.3699296292
105507.9719576689
93380.04873867542
93207.69199363288
111489.33693738219
107542.735877772
95263.51579932682
83713.71840199316
110195.26429893487
97469.38334654785
87410.81033329765
93765.39792878523
110664.34650234034
95038.70192318858
88627.87825070648
127209.22949676201
96698.66261873867
89217.18154126119
118328.35525922399
106219.3691645714
112114.17702092484
94645.04035839616
119218.66281402134
112657.30276216364
94236.60855335831
106894.37914815635
82529.81819479131
94427.61719245205
85041.44781810841
105176.82724220301
102370.2265529974
89657.23980399325
102403.11252012286
97023.05439502171
103348.74419293858
98743.23996688986
99041.7885169962
109140.6060784663
95020.93004840525
98982.97058278006
108088.27331335633
95191.80530916463
85166.84511405621
100332.63063647522
97333.93990604479
82813.81874996667
94295.52320312691
