68404.08924762416
83457.2255308481
70373.17330720727
71942.87816624471
79022.01192025545
71333.5346015456
75616.55030858798
70733.74149393754
69963.96897731707
66438.84986936083
72142.22068785115
70847.94367905486
67765.69579978801
71007.26594099351
73034.11195207492
71669.11158607792
79936.36014426497
74357.61471914436
79665.47967996038
60142.58421101366
70853.652267475
63888.445881443076
70171.66261903995
69732.81578865787
73807.79364713636
65864.05741096704
72165.8390787679
67215.58741121698
62454.36750789454
64338.26705650649
62920.92570684543
61690.380715033236
68379.25312447816
70707.73663960234
76144.88944219603
72630.26366155181
78935.07695982885
68239.21803276693
71627.1441319775
67749.38685364225
71335.22527567207
64424.037717690575
73940.65344480795
72603.41002571878
69244.85137985006
74478.32036725659
75964.38372131601
78599.89578642428
76040.97483437778
73399.6615511483
56549.90708696128
71977.56073508327
75382.09874489572
70490.68569312377
79840.71284317799
70942.70697290232
84783.39538320787
76294.95610723321
70677.7340282751
81843.38064835347
64359.28159344489
70873.19447078912
65808.9973420271
67369.56453046149
62099.47698194506
67406.21496997496
64478.852850286494
72992.24023193066
61114.40032943745
81470.75824734192
69626.88427957403
76699.82806537196
