28314.590380548547
29470.091773885684
31851.52607349918
33973.45025203659
31079.70037674055
22728.09520506999
27913.80157841554
29883.86316296202
31557.882429142825
29354.126896509464
30029.139581520485
33270.571817050855
35002.55592856439
30575.564575466953
30486.081880503443
30599.156782199112
35377.810740533154
30743.141682693535
29813.396708949407
26999.447182961987
24628.77519862461
32219.79315095922
30075.5404390295
23609.98038602825
27703.40669329703
24492.845424987172
35913.59152687105
29234.07701587533
30854.200043263674
30704.328230026906
31313.35653119095
30702.455221356566
32273.177226225293
28866.924565184396
28898.65417523945
29611.07399075547
27606.078882926406
26132.874569262356
32171.783199138205
30289.807288537213
32232.468167971172
32860.577639303716
31169.417894463357
33132.94844896943
33125.14313519651
26381.66539410479
29344.00486100331
24812.85266830118
25017.7022791763
30612.2241127231
24685.61140949322
27698.829315473737
30175.605523430113
28222.152028785116
36567.77379546332
34210.14788503838
28554.000974185266
33605.550189706926
30061.381221676787
25870.36881840485
32717.84608187033
35935.732725421345
29706.12246325419
28285.68241865897
37357.52375485309
29487.231880601827
30506.892263190242
27678.761616454693
32657.333127956113
27816.270446480034
34362.24675557212
31792.57981983861
