78352.79252249793
85073.72304923626
76769.96104414576
81078.58073926013
77919.76089691879
79821.7502994157
76188.15019985702
79408.29914395102
70648.71972644055
90391.07208738805
65791.26336582856
68459.93351239966
81424.4923882298
66877.63896715414
76401.10497365525
83209.92520128145
68887.22547748894
91944.86301568434
79480.53440033847
82310.1029867253
70088.2111055077
77437.82696960351
74721.8834052973
69175.98744359556
71515.434651516
67613.64756782171
63085.011251437085
79234.2995962847
80852.76849889843
90816.33538894338
77310.6750787156
72093.33158634094
65118.358781283525
82037.66013921735
76093.45547996233
82427.94060411715
72852.0137684667
68616.19542830676
78122.94989903228
76389.91784512668
73525.26124271931
76747.95910771444
86897.7943776337
97191.71382748542
58693.66449382408
82528.82475054219
83537.19609239516
82956.96661305091
84209.08552543116
73187.78639252606
91774.92035842533
94308.7061800534
99126.00040555089
95437.59881856502
69635.37217917836
64512.03323681543
70087.89204540015
83707.87980180008
79093.27911869978
81346.19316570807
85211.14780620966
85147.98314740957
97037.15762868026
82663.72665369484
90838.33563948864
65743.71940554088
82621.59021997267
75844.19432492914
95176.77655051144
76726.67526078962
70228.86565446503
72783.48319810926
