70192.73454705108
65555.08175041122
70880.55337874826
73124.01035698816
66843.30645356882
78266.64144617505
60147.319348384175
69920.27092273605
67490.07033864035
67268.00246574392
82457.60912250979
80700.90198450073
68004.71980689596
62329.50812187616
66438.33627561737
73236.88659147658
65680.08907547314
90103.12140200652
72949.02555741664
74603.53259285733
75511.31480507118
69196.10651134847
75487.85143743896
75309.21946830164
73740.59602212896
76285.13573898349
64172.3911424041
63815.56579353387
65244.55394888356
59708.73869874643
63055.28841368415
70908.75701662753
75400.60756223132
64771.47927198666
81707.5770000688
62824.491608415374
70180.3504444203
64884.06137903843
72051.20937778492
94912.27603115751
56310.51259460202
74957.75334602702
67136.0977784105
63622.93123363916
64149.349679263716
72870.21666752777
85117.54108621793
81023.07660663818
69264.51880121272
67982.4970738089
70799.33448829463
72429.57378588487
64293.60490610757
69252.17218860287
68922.4745090091
70428.40798287492
79156.14815169049
68230.48995365281
70479.81617557308
65962.0536945932
65249.305208095124
69578.84347475338
63049.67428038111
77703.51325213708
77147.7495239427
71688.53691609467
77060.89221727499
65438.38518722146
73394.73986318511
69071.50083809436
71814.98549134587
60075.279003799355
