112478.19856390185
115690.40422366654
125553.57161454928
149280.38138534015
131499.1866186966
133483.7745221455
123288.33999177205
120702.54147830093
125875.91082175131
116271.43581987715
124929.25738319867
110576.44649120593
113544.5910986896
142495.21312699467
114051.33038063737
136101.1734315576
106635.9266582639
123226.99833736136
113871.78988647115
125830.52398356426
134947.68057469933
113225.14468526655
112547.42267889142
127743.77794025026
129313.74940590469
113705.73921887086
123158.56866323182
122568.34900468138
110875.85693695208
132565.4152423507
136645.54356209372
131361.37324196342
112297.83026004156
118787.41062530362
133395.85890886164
101973.19126348016
140955.16560589112
125362.73107423095
116663.20672937504
112163.66894725319
106711.32058068922
126979.48590512056
122846.42980137307
106147.55254286656
112156.04862196409
106807.52701565926
112060.29735701588
114454.65646890893
113356.70897024333
111992.53820881293
126152.36791805673
129658.25660424885
118974.08745379125
126300.68751222763
99800.22311161915
121263.64631295919
110572.79417740462
121809.58450343834
126260.05975051649
147358.68123678572
126407.07919999327
106925.23841614473
127850.29630473521
119391.41142315468
126754.80245523619
123202.6413696419
118895.73992312212
127941.44281124561
120890.0896026716
105413.82606638903
123975.3942682476
129698.58268723104
