30955.602829742038
28921.22116170885
28328.33683960083
28151.02361301203
26024.310365539288
31260.33146997876
32469.797414091678
28216.32754340188
28530.026090379866
31739.549212506143
30176.400058650714
30031.870337349254
33496.23997990011
29814.532567211325
32907.67769495332
33658.28454023604
31372.69365607862
32768.644617714446
32745.191447283763
35909.98188219965
30477.949549697958
31581.096432641072
28714.488831476378
32712.326255286596
28850.062756178515
27544.80338216438
26277.44974114312
30555.16452120613
28663.84321925291
34431.888604330874
31943.837281159686
30194.860697343276
33895.28165846784
31083.74017540132
31416.950488495648
35570.351891637394
32097.597805515252
28847.149905628983
30650.225885880875
26642.97031570229
30385.015007592898
27875.364167675558
27139.908238342803
34879.21301770028
27348.901018433062
27649.91380760631
31708.697216475433
34921.73650667376
29135.92352621915
26473.36424641148
34946.363005336505
29731.000899201164
27434.895264034458
30493.193694053527
28511.424681614117
30043.095503728407
31689.011536227914
31805.430164956968
32001.16627731105
28928.75909478983
27796.623318653557
27067.281436089575
34668.41194382233
29836.270681264938
25109.22213444225
32997.55361432959
26678.972495037928
32166.672468421377
30297.33860857502
29709.325491169468
28988.050999383267
25674.00488949593
