101694.22004083105
107267.67161938171
100470.61770942964
104863.9648835334
104691.49194382661
101663.83570100527
105942.23535749516
105622.48922662092
104808.79264268899
79395.76074403983
117962.7026038471
89777.23401887338
105308.8818703729
105174.16506942794
108005.21505605057
102120.2037642952
108037.34769952342
110974.6608427777
94070.25620586854
96448.5331716585
112183.80266694323
90579.22383360006
124265.2992347062
102515.33397050221
111909.56373500654
89872.24298144695
95058.77655838843
94950.89451262317
95226.75728639259
104466.47529320934
113113.96162187798
91718.02091746102
103548.19149274963
100944.34785235522
87898.50450870507
94710.36611629736
83757.96134177074
85591.89884986427
101727.25261905238
100549.8870638532
111244.87486285537
100563.63539764483
73585.91658582381
98493.74430884681
96979.14226198454
105961.38971221219
91307.60046677133
95469.01594941788
89304.11999476659
103942.52675541797
103294.34665926844
102674.75738018242
102776.95591585126
94465.40703423615
107846.61448317955
94820.43165047116
102442.8435682408
118657.4098787688
101923.6956069641
99197.81469415517
111021.55573317914
106892.36918061873
99917.12887946388
100533.10388477765
88697.6771306937
104190.28633359412
89464.21175477267
109230.11456188867
95340.79709570568
93108.92999833463
96436.08160252977
101902.76685729083
