110945.27092865676
119604.59728070798
101366.364938268
113515.25037115514
120427.33053721981
100292.18494497858
122507.47440327262
129210.83327040194
105571.8196174581
112404.59865380029
125612.5006574794
125741.28582659063
115170.6235848311
115482.36373517191
137055.3648319017
116803.7500722193
139431.27558885977
120557.92921255708
149916.37278381054
125988.07473728781
141907.32404197956
96000.2122748279
113939.33552073994
107909.13927038325
136877.60182521463
117167.04534563879
112375.71226909736
139029.31048898346
127898.95354412458
131042.92329749443
117959.54825117753
106720.81703579245
125761.47085629082
127887.52550432878
116945.28742967581
105376.37252690039
113963.5151449405
116371.4676532656
99136.90447112381
114204.17077977325
130986.06931933113
156224.11284819804
128266.03181099947
125361.15644815417
125134.20300589807
120954.79159654572
121573.26894631734
106811.02609951094
105638.34343059019
119525.2395136716
123413.13076678186
111866.70160511497
114391.57529355909
125173.1482609185
131976.30309699615
126520.23795696744
110218.5570863841
113926.98251674481
100778.16438705407
100667.10491165634
119158.27659603096
112028.53641680379
98416.15530188847
94630.90639691372
112597.44029697042
105692.03971442708
118400.06880819064
138199.0425104421
113966.96159679518
111018.12638474433
124981.03684316986
138974.97418376626
