78855.24715774757
81326.9040812232
77813.22938548423
60671.888075713054
78450.64349799391
76782.12319342434
82236.17465189901
86803.16481463127
84204.28259176946
73420.35588835356
81477.54646571017
72473.21128016998
93183.38112596354
73352.53019717734
69609.792796209
81963.49955843882
76477.27027149191
76118.68414060472
72533.2846505501
78796.82628063086
80743.29471158938
71230.72517959443
78979.7739488726
84875.47306139368
85331.58022180494
87177.03835857722
75261.5646425445
78982.44662302919
90946.46909374333
83892.43450490008
75087.13522964092
77411.92067171988
71197.67123062661
73590.07709604886
69454.63958962941
85991.04467520428
69880.11627645242
84818.12190588698
69334.13973735619
76134.84096852725
74433.0851401575
77852.16099447281
80364.77900185851
90975.78902281602
79358.93101995772
81166.86085836045
75154.92241451376
75240.03056867204
70903.92813668893
82127.89799802013
84124.83146457207
89472.78659352397
71844.65358279474
81352.72286919347
71528.26507507337
83807.783922956
82366.62103170504
81051.74414640428
84516.11679305293
73111.62368704031
73254.47214470984
88410.63010375692
73569.24015220605
88086.94817669869
83467.33962605584
90633.5678738798
85181.04289907536
86989.75926045048
69604.28970494046
83341.37985558092
83121.71080171473
96053.55444007147
