26348.969119012854
31699.634260293158
30503.15668009708
31912.64625630007
30872.686977957583
29895.77605918972
26474.302513600713
33539.80210619249
35852.406401434164
30037.83441773729
24666.84481251885
26868.1910311855
35245.33053627971
34194.089932154864
34190.74369121135
28173.455531717955
31075.06382011502
34193.23767857584
32786.20171143602
26694.776997017158
31602.93389161908
30735.381316636267
23068.92355459852
31294.51022857129
29384.88321083698
25727.05323401936
23924.31340611204
29745.539620095147
31442.66610137575
30150.30331066666
32749.716374744115
31097.794787794905
34094.512442380736
32283.581357622617
33147.003367754536
32824.66988002115
32436.673094201255
30509.602151083098
26753.931600703523
34267.64204754839
29659.85198944822
25081.054302533892
28988.052363712453
30548.14679825011
29430.72069536771
28010.11316455295
28780.85079333197
34700.15251320933
30307.994791709814
27795.97275812898
29201.98311839928
34236.20796604323
31668.613745711697
30353.879806794812
30205.214145165446
35132.4991193279
30501.22893575697
31239.441856173227
37403.67037619049
31130.148087593436
28435.27305263893
27231.03843730295
34246.15543346765
26692.82502449989
33916.00974444184
31107.02509950979
30971.720902142835
34104.15430336731
29508.900735893152
37251.830137041565
27889.72129854931
29675.487555243482
