59554.98233596109
63967.693324156615
53335.46777771691
54013.01105839384
68071.47206806316
57440.590407039075
60414.807577909276
60098.22360803189
47448.947891810654
70308.6675187408
74919.63934616503
57139.52398539016
61774.421084527705
61314.013780430534
61049.50068657556
53998.22495667381
56313.61333195639
62046.465496065495
65250.992586400534
50422.5486519697
58879.47898593775
57832.514422301414
73560.18548668761
59789.64980099719
64562.2857548575
58678.40524947352
56507.500791739476
61262.007519197236
70109.40518816978
70844.28706656904
50232.761335423216
54866.70582023342
57388.79807947038
58864.52589412562
63032.40508114644
64531.953735864015
48699.65323716859
56910.5211841159
60306.07284510176
53038.43996030099
46798.94328858487
59425.8585654181
51388.68123793811
59228.79173455982
67551.20966371897
59606.256613508565
48212.88278176405
57262.35878854856
54704.84954694871
68249.15674464061
59740.37652037107
70422.19052717707
61905.22800909111
58521.174645493054
70094.33489978615
63479.19750378607
60361.37214866403
57859.607767628106
60084.990051061126
56922.63503201028
51486.3703012923
52824.48003017985
64878.03934277976
53807.32602532508
58168.90256158735
66246.76961819442
54701.279005962126
52258.51370955006
48309.53229362272
69938.15819596579
61546.472930233234
67917.94118657167
