93395.95996410768
97422.77478977622
105034.98133601974
110560.2544791618
86357.65962985529
93524.48291465583
94897.64725912428
110087.82769384974
95689.90705186718
109870.2133141288
108944.27269589022
95833.43038109234
89434.77358693049
113320.44623216348
107913.97782189283
86115.96420238088
110627.53275824271
101833.84567033718
91246.23482897201
91262.59909058166
103982.99515855106
120327.90766335189
97677.1819290337
95230.55031995467
105204.48701852381
109181.34237651607
98586.46008593244
114779.28885753344
101988.27700316135
109182.45782137445
99947.5563967033
101512.10387390392
108892.99195889899
95284.00915901845
94923.76624283103
109301.26604716055
101172.91898432875
105258.94422525432
91719.20279059424
97410.46650889574
104791.35730148287
98995.08570346322
99634.40291847783
107914.45972925333
102877.93582127085
112089.08464683502
92004.51868204684
104245.2154538936
94324.530008564
94523.49306967083
107625.77092684864
92839.36356334889
102663.37606989992
107567.61499261214
94525.60603137045
107097.77055147992
106272.52429851206
79304.49655898189
101086.63752483448
94323.25443870494
82285.4439093426
91085.62372689076
95513.32559896706
82758.23954262926
94575.14406773772
95713.09151657093
103634.34773837581
102602.46678467192
94494.68334468058
109531.41874031074
105465.82779487435
96838.74357260033
