108339.54092844808
99933.54327593713
95069.84256254809
93497.68403997019
89471.633244551
95467.88423246129
122222.18163872052
97354.62732863984
90159.09363601235
75018.4857268335
85245.61048616176
90082.65790436453
120247.32953633356
111573.52385003227
91400.14444631379
100845.11390392775
98436.92077522226
102617.76442665936
107524.71262225258
75962.04322623843
99956.92798885857
116828.54682637387
78098.6490500925
110361.66307615454
98756.02912098709
104961.23976069072
99287.82123648477
114362.58264922972
107087.12980143393
100561.09865806684
91339.61785586689
91212.11756372759
98839.60718775514
96524.36242938806
108865.5753417693
79552.80610410667
102682.60984580328
99077.64218292575
103752.89934859764
121518.71255132674
79530.4012588591
103181.7380817511
107358.55609346685
99338.45772946636
95960.28558538748
85993.94942819158
95792.77139173883
110658.63636839544
89658.36814070067
109008.0818480488
96843.3467858583
99455.97738859603
109904.19327522021
113601.20268882079
111199.23139702885
93215.63779254023
108973.20690011396
78144.40030227594
106142.30481846735
107779.35393434973
96028.29050987426
85636.2909452034
112055.95010698064
105736.29964253772
90287.29326713536
102042.4200391149
79198.88260284688
112150.44161012331
90077.32192127929
100802.115913045
122607.04744442856
121662.79966009595
