65269.23997700789
76247.03393584299
76028.44618709006
72873.5865883086
63082.1864632495
65902.5249581298
81066.91988129425
66410.68025321515
69946.2102218831
67589.56095484033
83645.46725636043
64195.95118914761
69563.60078538881
76628.98968434606
74637.14945681025
76717.7181817477
66833.81851678816
71074.6839391272
63194.64132918954
76463.5956161488
76452.63533935901
69593.61836420251
68822.11073453318
71619.9435883396
71510.59584515319
74127.91167389571
58237.465991233184
74394.2928987503
70311.46113733202
73900.2842839115
72725.90734290825
70065.4472915726
71089.4873901422
62086.90693213212
70884.99049747514
63956.46351290841
75342.77432128837
70423.64833079035
71082.56474790315
71575.54463908922
74581.39751425205
72499.9197845735
81546.26085251948
64530.17741577319
59954.39383640383
66093.60159562019
77894.93306373584
66542.39699367904
67848.51116936115
66021.67393129272
65707.00483121409
64634.5728751593
73494.01392722531
63675.15094165198
73483.30533822125
67643.40520200421
70416.06655687845
62289.87832389237
73225.90604048855
75587.97012830735
70063.48311553644
66928.79891921085
63708.11306735637
75050.86737583189
69718.41067009592
80684.30539121274
77002.78387982117
66560.68835191615
70176.27653932103
70012.23022630796
61321.398050269505
74252.72973824719
