47849.44010356968
70787.52572156092
59616.82282791149
62828.556787215246
74068.925114081
63577.43403956154
54599.30333247717
45734.68310430688
52635.94770559986
62902.51797843918
61891.08572477152
57779.3727530245
67479.0919539638
65385.4210704765
62321.05625497652
66095.29840511746
60995.239626027906
64923.484607592676
54035.235829299374
52282.95311483897
62087.83053502453
58840.695186148325
57867.84306627967
51637.25231532787
66050.3785415214
59288.67659398491
65166.297456987355
57123.787912942986
48622.60397503849
56255.469594991715
51654.03528878038
68554.66173800582
51344.662615576985
59967.56170465697
39309.71443937912
63440.64688545802
62655.327991161226
62317.45709478104
54306.84415398232
54188.66831029152
56469.896747734456
61997.74159940418
57701.423959428954
58563.92699344779
55833.127719718424
54905.28787893959
60520.35976339972
61100.68485229883
62694.51305189798
51297.125717235
56204.560071328415
66097.68748080845
57624.12948221836
63549.583380956195
61789.98421142642
58368.124158277904
56181.099734568365
52955.265066949556
54022.2907942082
62071.886266702844
68277.44819258868
65926.14908642365
62322.12436677357
54189.528580631224
54690.03954247886
55612.80687908407
54836.293688757956
59119.94931696974
62500.44200204128
51440.92268156786
46192.54981108809
61277.172553684606
