121694.65809110684
131287.0662799367
114891.6316266864
133215.0702200184
127301.78447779933
109494.15834275061
114733.18787716539
118142.26505657833
99937.19270347952
135155.9863904784
106166.42032293977
113817.40706165526
127247.15705395285
120137.2859636201
123704.39767032524
133110.35076836267
152626.81692302268
112029.46387840496
105166.00629660957
127190.52201729687
141362.42957193506
106244.56389595746
108878.33295919307
97482.82713108968
116110.14006105816
106124.13203582271
116294.69350939762
126877.86469717935
104077.20289006156
120444.1708175982
125487.9602299851
109510.70331253346
105026.5066508044
109666.76206146475
132149.13816051956
117050.4126009774
136170.99037414923
128309.88454971129
122130.06855982928
133484.29997812546
123745.82961011231
105084.73101324518
127011.48822359358
117315.07578283823
136763.9575265681
101673.91005380332
125606.76765214525
111783.10129039348
110484.99279188589
126627.62147009188
113911.48041234208
112515.9946573385
113773.82499028584
114798.58241834684
108542.42919019853
122846.25075269415
116685.65598942409
124951.26715099518
131328.73203300207
127976.40955616298
119287.74142937649
118965.24265987721
117875.24193349842
111752.45340995249
127405.66712120328
133113.8013113434
123213.41908804019
145666.03401018892
118293.35443593623
125595.4337786306
114317.49551899906
133405.2261632014
