123911.70106334827
106539.00749293267
101074.94870169109
129021.46419676444
132675.67497525364
100719.53735395598
119156.8447478492
111772.48971501729
108839.87189317879
134226.8252931158
120614.55811491804
119112.14043121402
104575.06018455974
130340.69710373413
128036.68877060787
126296.71500746199
123618.72915774726
113793.3744483907
119607.3599316716
139990.59688144035
100859.56244256672
130241.27959692766
135944.5295667665
143615.15462791428
128849.73984611654
118518.15025851873
115762.38971911625
94306.6884981086
142047.43192453618
110186.533689558
124047.48943782163
120032.70893164835
139649.40146940367
128906.05995703295
121278.92466217262
111249.78363934896
108635.52800264557
105109.6365214298
133159.21462138448
107206.48937969936
106564.40673894176
128959.75670892633
125262.70390894484
114445.46743793222
133306.19657071054
115545.53135173944
106057.9939577047
131092.0361825082
111142.39365181109
112449.54302025602
98759.91996651144
134018.37633543063
110540.9937111609
125572.87439439606
117391.28689550712
105358.47353346326
120188.74252262888
129083.34666860948
143160.21554428973
115387.7329075722
137467.3021395272
111614.28136022485
134897.54104464894
119211.26189044495
106331.11737578995
114111.21244920412
120789.01722584153
116512.18074517179
107198.39748063023
124693.37468743071
108393.82871455558
101639.58620714446
