61495.85192315966
48893.451214066794
54026.39687270637
58959.918695990425
64266.82460986421
64444.93691475041
58836.97063621696
62876.12003027857
63509.18578703466
57211.34315026673
71580.82892119153
62308.225852287884
53947.76375040514
53556.662183057626
47876.6635367186
48266.502226598066
56179.16332920267
59611.23387828959
48032.30589653393
65339.50189217507
56411.25654361393
59207.82964252338
56267.549909600035
66718.14907278387
71887.09360133571
68683.3708890714
56853.50536886319
65139.73525758251
65899.76672630526
62078.70050593227
53236.407863209
63133.8815098445
58222.00717955517
54455.4117636957
61749.78827004875
65157.39457527797
62135.84897986736
63080.836288948405
53225.11585356629
58749.90999785425
58052.60870075518
54698.60819643737
63882.85898476854
56387.243450400834
59675.05494515156
68768.66125726618
55649.96913872069
56680.47703644496
61314.56164533499
58396.31956989443
69937.41700492757
62848.04935147276
62963.919785458864
67256.75983663865
63974.05275840353
53769.55355881544
62133.268964460396
52047.64853029055
48279.47083521389
59507.59605473576
58936.61886848501
51898.433441448346
55581.228082067726
50515.13221537
59934.80885464411
48850.03110035746
49201.2251497909
61909.03021298655
62526.264678531814
67236.45846863922
53829.37788541061
59050.73773791151
