104160.32330814564
80401.41096993138
96739.63748935807
93449.91895541512
101064.4113981239
98820.97894948575
123176.43009043118
89139.96487104027
90954.9760408186
78364.5698965047
88693.83741068457
95075.56772551051
95777.76480694383
109178.2690282558
103011.09054518402
106097.43963027494
103197.14608694524
95805.19594531367
99984.10966338916
101199.1003542565
109712.22408431202
75622.47655698775
93853.12133072231
98952.4419849941
105074.32973597443
94879.7258185593
118226.76745719885
92986.5013730166
115455.62115590842
93947.08352064501
105976.24559906742
96596.15336691591
83278.86618468333
94950.16818370548
92323.47798804636
119922.04048853563
102028.00180558489
105733.21869217089
107091.58119347077
93273.25283498366
99522.88566397532
103130.64679328488
85128.4992137875
97859.4868034491
96081.23149664853
116538.13166999543
97201.28767339449
114776.67019801169
87230.90325920105
112880.66628868891
94774.8617620867
110724.19718964603
107904.57055945222
111233.0381474639
92246.19537284592
107452.18056669542
102984.59608975657
94639.77696124394
101091.5609366762
99141.39155376557
101777.97444511311
105534.02456266292
104920.57207717786
89810.46069419339
86573.12099317422
89631.72704280906
93476.0456815079
107847.1788031137
113643.91184187536
104969.24936257112
86253.90504448918
108173.21337322037
