114072.00668498605
92377.24412729405
78871.83470891295
91354.5135014604
111666.42701503828
108971.50151961728
111625.55792537444
93454.4890470936
89692.56559429866
92428.11574545353
109628.68054913984
124408.48606697809
94986.5518385739
88470.38994889059
103253.2099857801
93667.77546148257
107064.67529414494
108327.38804597314
85983.66883994469
103637.29519730645
86149.678385093
102772.63812236757
110519.23607954432
92182.75408300052
104870.28908541732
92718.69199868709
112330.37328863361
97902.90489666945
103419.08915157322
97002.77083593304
111128.92784344926
87326.68643595824
90053.47820023794
102919.76462685071
98297.6517632369
114893.87769639428
103849.34831524287
84596.17973047246
109677.50055217887
102784.48906457503
99871.28690407373
77436.3122981721
99733.83028522444
86398.88813587559
111158.09198133752
118476.73139808634
102400.9653980507
110299.54961884458
104207.53289581875
75685.86240086742
110807.44110232974
87233.250991527
101293.04273313111
107287.13552360958
96276.87371888974
102278.32329651907
94188.06936753598
113776.18944701257
98940.50563970802
127489.11081605415
116702.66612789601
107809.1280510579
113640.37128994738
88314.78096543158
85045.73791717064
80415.98747497161
95882.66222812302
100572.96736659443
105410.83561676368
100983.58380372105
103674.90251244981
107020.72527449427
