62001.84035900103
68227.15689852893
79714.28255943643
68588.00337682036
66758.61377934419
73428.09515000669
65912.71198192723
68279.09304323856
60473.95248480598
63914.37477216884
79715.94741585971
68954.51622013241
65837.4025659561
64138.4015051237
78527.87760822881
76759.52104478965
67978.72012136507
75075.22659483191
74170.40213140401
83082.33215048969
66680.49534552173
68871.18066356466
62321.754528722464
55710.462682940604
68993.48083765859
65649.67836324446
74030.84388720842
67462.38509134548
70909.9610225414
77420.01878521734
71686.28311524924
66485.511904014
75032.89366147167
66977.25214009536
77034.46684073318
64964.42099147824
60244.999634113854
70483.1749334551
73299.07050521391
69170.26211444198
64832.18470249254
72589.10512730929
76401.48423399951
50856.603276467875
67988.13027451406
76051.16124867176
70048.44323436967
66240.59274206133
74730.54368026232
75852.31216228094
55796.65954597971
71703.69184992218
71192.7991525188
56914.360293280995
67978.58524260033
80402.79611408804
66745.17524940243
63156.08677756592
70871.58398350295
61049.22777662185
73718.06644503394
77548.78634862845
82916.70128732671
78379.94824793222
62860.94167391586
63397.81398842315
64900.86076223209
63518.87667203712
72131.60849637685
73540.97301868226
76798.84269610097
61283.807268432676
