63548.684309708646
65788.63106033135
67622.66788539442
62861.6505674905
71375.44183608681
61987.693795687796
66177.22954467268
62742.78783394249
71847.8604123567
57539.188768495005
67970.66116296759
69089.11472704996
75366.31000122141
74580.9632862573
69821.54458577588
65457.75011318177
64030.4101065383
75745.37040157495
80317.34994458323
77117.62827686836
77539.62315975432
71664.67945079388
81514.02254200968
68899.05358830081
75223.3570187233
53276.7423323318
59336.04669029174
64401.80271097976
69804.01126302639
68233.1132447721
67890.07707792832
78731.70797437316
68319.3901074285
72125.94232368568
90310.50185504385
59403.72727917528
68905.5439856203
72059.61140140706
67762.66121559442
82474.02834691554
60776.917064985566
69356.15277576765
74353.88624663091
68165.67217893526
73548.51820476224
63415.28116370215
76219.71486614006
71751.22170537958
77646.2316195257
69517.2854214578
79096.74834737925
75620.81987372985
67992.68395954679
66028.80644031755
71555.19403479877
83846.77186062367
63799.45494251053
66766.97109828643
68642.40655799469
76913.36856857718
59183.38622145867
67107.9671120047
51051.19314760897
73708.19057942196
79295.28873393167
63804.9627980299
64811.87102075067
66498.00577302229
74787.00164086567
66851.44288892463
66601.59257949569
75138.68912386826
