73215.95509633675
58231.65935265882
66391.1250955527
69464.13088783727
90094.67408108755
78866.49288377697
56664.277504081736
82477.25278135957
66602.01129399825
70669.74316245143
76984.41559107849
68794.19995870718
65510.992645048726
67201.12443848624
77053.15500938422
58642.69165753789
70804.7225102038
72308.3722000067
76186.96321055233
66546.62373699818
68471.67354702514
79074.20584605089
54870.85235868359
71278.79951263808
63025.521657089026
68537.63911847216
65744.48120085704
67546.19440599988
76191.07881347627
74316.1551354981
82418.32105720164
61095.17550611712
67955.54235050631
80024.65605937011
62990.296453667666
62517.739855179876
67977.01980020016
73918.91781660802
78501.56149018032
65047.02076616764
67870.52818077101
80102.30833949572
78088.5745800932
73764.75827110407
71487.1945634763
65619.90305381524
67755.23808396797
72974.11068403072
70606.10994333233
66382.55146347676
65489.99621427067
60057.78613453762
67082.82038728135
78509.55599011062
70744.79530992487
81545.94971754131
74893.7432623262
70832.46615267776
67725.84233680321
69595.79727226685
67055.30630015097
63474.43751578694
66486.16566012545
82657.56981045958
63158.81121403342
68437.90768447022
70417.10243907289
69729.28596118426
70318.04819924207
72350.79958276574
72614.38960682873
82633.93900078347
