103810.82362568179
102631.0301532274
106578.71236775242
104868.05734939352
126365.82004793442
104392.28016670789
87181.63574401397
105669.89974888206
101860.92733990496
122742.62488045644
103670.18085693083
93058.54821063334
103183.98830289755
77976.47519998993
85394.34911007606
96486.52582817424
100642.8074289565
93082.5924370066
92570.09015733599
115402.61162463405
109951.25759442763
112685.94148960199
109453.30732113608
94788.8346253963
104245.18278493284
94207.55500395606
91966.5887879235
81254.87104990018
102930.59375171596
94061.94712169551
106350.9963162397
100289.69798948841
101783.20312627101
101575.38602606655
107072.31822035446
87381.78633868505
104895.03771529287
89594.19172884831
80723.39175514708
101952.26181984862
107247.2765382894
99885.15325109297
99655.90790511231
88274.41853595435
98106.62425610777
100822.1059231744
86768.38695578223
119324.36595721061
82665.23890269578
116828.842654814
107232.77331543295
99005.14715036054
116721.61319774296
115000.34612567611
96437.25830320895
101035.80351032826
103071.76759854746
103354.50743460398
94961.34395994747
115657.11278421555
130685.98871745165
94858.1617182294
87781.13038355636
97065.24402380946
118755.37065220039
113539.42492588171
99110.80359641815
93416.65805516495
119638.11643592732
116027.16906899528
99606.84878278832
87837.6874650791
