113893.61236195991
111490.89419672919
105143.75222281188
136097.53823751715
108211.06320248786
125743.87071487618
121013.74971463093
108475.87685201594
120413.03753177535
113462.69972449611
110361.14188882004
118280.94018028413
121961.03004756465
130647.15017817967
125249.88606840698
116647.15130478387
119625.08096109686
153760.71075492146
126994.60249288812
120270.17798674594
127247.0187614915
132574.22563778452
117067.9136490808
129154.84713168732
116047.14230969279
126695.95801892564
133590.72939440433
131962.26576442504
121789.94937928663
120317.85063716548
126891.55748939265
105935.73502980883
100221.62519062127
115021.59891941724
128111.20022471694
114930.00990387969
132124.94399473202
119129.34102596741
97032.39049254087
118779.32491689354
132525.46020310276
133757.29431367377
119421.38410397325
118460.3409686832
117711.44831227147
131731.00404215697
104374.40630154512
131517.1262480513
130417.12076383004
120725.22399998744
105053.38820554277
118576.09755345107
110285.3901340551
131088.8102757468
129947.1636271341
116324.68265689118
137086.50474671792
123187.54509969983
102774.55766199145
123180.11657526527
127652.23621708635
116699.76439530998
126891.74137109569
133013.0355403235
117033.37486590676
139792.37100611016
111107.55896116294
122674.69908281909
131165.54999467594
125572.18878168441
113374.11778292072
124561.16243115578
