118076.44472490578
123608.80161536382
139800.42763595848
110447.11084750519
125899.6709051293
107293.04170334717
104200.00585034295
99354.134895913
124040.49472177867
113341.69646479812
135589.94676724117
120178.0267233922
123787.49055511663
108595.10313646955
122308.29841670014
102244.82193610194
126362.10756559759
113433.34563134784
130243.5249498791
149762.40588388583
121100.37621563495
107320.22801113082
112231.09497198684
111079.97854963945
130263.09444689368
126824.25508108268
117885.81792240635
125026.57608177314
122688.72009097977
132676.7781517659
117386.43040715139
139291.18819056245
129786.5753080592
115345.3990797472
126791.25485022039
126708.1779959531
114278.60452693808
115029.73629129078
121977.91083726591
142523.3616243456
115804.47991864652
149012.30492899285
121015.6418200677
116533.8459339252
131175.47976742426
129716.144770574
137793.14821578417
112402.21867209507
119528.8788165594
122792.49033790642
100803.49701818326
117487.60432304116
152641.63191022343
110738.16077100889
115883.57956254325
129001.5130542358
128475.21645856877
157008.88982234357
129280.49853510955
113444.72691603987
142088.50076518272
103065.20622908432
132482.12660586278
109155.23816706029
96806.27686783433
144069.42165469198
136657.50061647236
90348.5171345108
106452.20300160571
138106.84772860006
137210.4238130671
120238.94798349268
