65264.40395347213
56281.032665729195
67654.23801475164
59152.61542652339
50834.696771794675
58554.27357809642
74096.38852046998
62910.358394453884
48565.72666452761
54171.89598635001
57414.46369694451
55838.60376156436
68387.49680975202
61797.580443531195
57835.750711385175
59808.41730776083
70130.54277670971
60985.49643891027
68235.97018260951
75088.7823201339
58988.937822350126
60522.49525967031
59997.8881309738
54916.05187605729
56271.549719232695
71322.53894275546
60227.891241748985
57022.32039916558
62893.24817996272
60361.45698509797
54990.43880428703
47937.422040615216
57824.616747209904
55772.440681448374
67450.39805258521
64405.92399520407
65587.4991597996
60950.186157440716
67609.1322480733
64876.94452784716
63198.22343292076
66501.8378992155
52581.64354831967
56947.25089408307
52903.968967673456
53811.5550639685
53525.957834092005
54887.22589965911
55181.75645771246
61001.90917936693
62589.90079419945
63508.851953976475
61661.861748157804
63588.94058412624
55075.99251034895
54503.66451633001
49614.01815887552
70447.21655369438
64042.86760095045
48028.45065002228
72020.7788954552
67367.42705560024
57052.369570501265
67752.47808053398
65720.64885562474
63093.44121137834
66076.4011368426
63636.2330031826
61664.21762562158
61355.48104461991
62320.84866524837
66835.65534102297
