33538.070559513464
34184.896442083475
29432.02735716475
29565.66505304232
31000.830853179174
27255.9632400127
28515.44084645186
30291.87744197461
32850.38222288462
26428.271241317158
33655.982840071316
29837.01826046239
31804.086284969137
25192.711800751797
30646.809683193274
32662.97304486681
33418.300482412866
24030.47393516828
27021.263381527602
32482.917840311795
28749.37748045778
31475.753945837678
30933.885319782814
30247.690797342315
32443.276670422776
24197.65162585196
34262.69830624164
29110.077451266578
33570.63524391413
29122.270934550408
29954.58193100317
31613.933946195615
28508.845628455678
31033.61604930375
30974.870862876673
37511.39980648523
28411.173074686332
30217.525348498693
27475.35120767528
30910.399743196445
28084.858270328645
29531.84753200842
25132.90058513595
32934.22990978016
26059.73586040163
30731.289056364636
26792.47075198186
31985.109505747765
29508.45919373841
23763.410080831818
34534.60594810559
29737.64682123123
33260.54995152852
33175.97569165658
37813.22399659272
30242.241529513914
29410.418002358423
37020.81906327686
31435.453497379785
31773.112907152972
29837.894242514314
28234.643806554417
30062.721239349783
27872.386303471965
27725.19849345002
29299.680775819048
28403.050250499153
33590.971905087965
27929.948293562993
33191.521405606276
32297.018601826585
28448.329789676318
