72593.63935665056
57035.30522378857
65666.66558271661
72949.86336418931
63878.2300174332
67552.25560318521
67114.04644511624
69000.34308388722
76479.42012576832
65034.85332238338
64804.82012880136
71966.98118029567
73749.80787716254
67773.89158550685
62653.99998589281
60748.051098526994
73532.1816251689
85551.70369705874
62617.73251401587
60525.379456804825
64935.61973691042
80077.97672623047
67599.15763203149
73937.25295898115
75677.10765620873
60801.4432005377
60266.52528997135
68838.70207485379
65961.33252723924
72809.78399085773
55109.8456069196
68475.06608659064
70573.64305805574
61559.118156181925
75211.33399774432
75042.4414045479
66346.25997563334
67256.48453297277
68389.75927857682
64908.64577647264
64338.577839806625
73300.84475910691
70654.81652523529
64085.992241348205
75322.11802384046
70855.53422790689
70074.43245112803
72714.07057186528
78720.52748417563
76871.60552081374
64953.02383622362
64678.87072968756
77076.12063600846
75211.4772967542
70515.77202589215
82966.22979834976
69500.92651194232
86373.54467608138
65061.577944024015
58741.39978857757
69464.5823348306
75884.02041546175
72801.9084526988
70092.2252202153
67768.37677166479
72742.55005566315
66671.39771156476
60513.14959413341
83839.40749844538
69417.78275776573
61597.11088683317
69723.65952178709
