87444.6933952192
80371.53355377418
79294.18274982228
65949.78139400773
71031.31869693185
93747.67112467064
62732.492944174664
95115.52173270372
76624.94472533341
67398.8823820936
75079.94575629944
80403.09465045416
65830.37557515256
82305.05600576692
65086.764893578744
59515.784623076244
90587.65273139962
83123.58992738379
85317.32597530835
71913.71690455571
75623.15828932452
65809.57600054696
67015.2094960069
95015.30952426839
67997.53148793986
64745.995359538974
77703.16517512374
81348.40502814771
99544.53549650285
72166.95408243842
90093.5526705916
67954.60848044534
77179.45526880353
73704.68518734904
87194.67076236139
82751.01963231884
82886.30986191642
87034.31114972693
92600.6227839961
84317.01139555339
84240.9891807653
87723.99547265303
94484.38725815478
87229.93689300834
75364.40481088425
87585.4755980616
77397.03552841546
87187.0785058257
93757.89281594077
70162.9191516516
62680.61299286927
72942.74361642085
83530.70694257585
81649.5522168623
74872.43672928687
88382.45009978239
67513.56832794553
82188.09764579184
69009.09331846825
80614.96095742448
89065.12357098333
82603.96031944126
74645.16411455478
76976.08705863559
77284.32584046389
81249.24182952671
90368.33758892355
74536.16437258494
95261.10089478831
77790.463026803
73929.45897902129
68171.91351627934
