61282.89126590608
68995.07262289315
79487.375236775
57245.4229971183
53309.88169365996
64444.83675958668
61729.49842457786
68253.05115159528
67552.81805473092
64975.15256716621
54477.67233209803
63681.01222763111
71915.24353930724
69521.02038128307
71794.87588645835
79579.07361380124
66971.04535432263
73971.35466517016
65737.92245608778
66259.37181145328
66347.22734512229
70165.46402608663
52924.5515698706
67428.407263943
74654.5622907609
65663.88863048138
75030.27923659635
67438.39095484024
70909.64855058696
64315.0102288929
61914.463130147466
76078.15437801056
86793.59732533102
58454.61544909473
65207.334638887325
68525.54301288397
63260.96855991578
76078.52823163325
68032.6936986792
66863.42624217631
69746.26024486031
64749.531619537476
73674.35543133823
64290.17642947154
66018.32884444275
68040.36193533271
77849.32953156125
65857.74268374575
68976.38214259206
75691.55933001629
65640.5265942617
59085.05366729105
65756.44672404171
70006.13211056346
73357.16809887646
66320.55329990786
76125.79173580694
72397.4915791572
69410.23926559188
81218.80227603222
64103.13759125809
64638.459784153725
70971.78859188454
73475.37751702809
65587.83415568537
66398.5097653065
69557.69629511812
70568.26495799895
72673.4232260578
65329.90061280056
76123.08467599095
55636.11228677399
