75149.4908285736
80744.35941389289
71639.00768109511
67474.34786051899
86702.67146124654
88219.26501021434
72236.95175250227
69024.33066895632
77486.8674127472
71028.60278460468
72643.48664061524
75295.94674887133
94998.86863517096
79913.5085322544
72787.69595443319
81841.80706110336
83363.87844274705
75430.73178930106
82595.07409013291
80432.0352916905
68074.78371500658
95929.12011366227
87060.25048910288
90515.35947828302
88796.64868189902
77042.85335028623
82732.71354501325
87537.8783005291
89209.37153891611
82917.22541853659
78396.86477868873
86694.89805233934
76542.60455846637
72366.74123864094
78007.44034189335
65432.011700402945
85208.27122813936
74178.49078633818
82697.28695279616
86548.47207926892
85907.13064280109
92459.90429217301
72065.02671585651
81318.33512038703
76015.27342521763
80081.65147856445
86109.67285367993
66624.34308894575
76623.2422766694
82152.92960910879
95458.3639111978
82419.03216559718
85514.29277510788
76667.6465342823
77626.34454728468
90133.73578167053
86996.97634265729
80402.16268822142
93648.83117594733
89522.50741527996
60691.73028079831
95457.50818265502
69934.66787960194
84956.48188221063
75294.55934952729
78626.4680912477
83171.22218946027
75813.62490308717
86952.89100199974
75983.17671596605
72430.03609862913
65269.10870895392
