86835.43692068239
104569.08033541564
109819.94767566443
112989.93838235407
101028.22626616745
80290.78069019437
101181.91540342047
99204.35389391796
94446.28942246552
94874.94827033333
102179.06834582555
95545.05958301085
104520.18030245103
87580.20903821419
84734.83258692666
96166.61504286007
120279.81438505623
104389.98008246267
100471.34534634755
91399.09816124984
103362.38386778516
99324.68586941979
103442.5546659323
106970.8453477733
108840.57456505245
85869.95866991756
105644.80199663542
112530.88770585626
96544.90406539594
107972.64795053973
112776.88861197454
111189.29605426622
114954.24019711828
91573.30190151863
79136.05510126518
98896.2493204309
92054.07015742018
91750.89393142788
104313.77432351452
79055.66442708694
97229.07366767437
104783.25350318431
107485.90593793892
96146.12646058094
94314.50983329219
93427.84624322334
76465.12524101463
103299.79588950564
100582.16900700095
106085.4411452911
100611.41422806527
96319.31075409755
96327.3698067617
88981.33427071045
89950.07920197368
97183.55394548699
113848.59566175549
96319.71433889464
110129.81354816596
88237.10520000331
117703.20804916156
94605.85160730142
100251.06528111907
89167.31502827702
91377.8951952041
114005.46061120364
110495.09572064306
105953.00641722654
103609.66465140329
96027.86215646112
97450.23651870612
81740.43981970396
