88450.36490751228
83764.85812907299
76474.57733567341
84987.5462193056
85455.56701306731
81138.68412875959
59287.09852476546
82082.97067704074
76564.20578198232
62572.429031724656
76777.44260811189
69847.40107789614
73958.94712248126
83456.3920355705
76597.3927466926
87456.82805609246
80765.30709599645
76736.12391328612
90240.1476713128
80472.89322450147
74281.19392116652
73708.14135573729
85382.62671374394
78972.52385602475
74756.89728215031
78610.53568845947
66524.94564751201
76086.07280443492
75329.84978385313
85949.4410369269
71021.22441616349
88382.77740057276
71217.18451596632
81476.28886989759
83080.95821943811
77966.32323004756
70991.76331857499
76457.57221312624
80869.29461486901
64548.01913996917
89858.88553882901
85204.54240895683
76080.50005904153
66995.82843400126
73076.71774618124
89310.46571920616
75637.49873055445
91406.25546549114
67542.49480626317
92158.3972674562
78725.07744030979
93231.49379048792
90699.84673220894
85517.62068846905
78429.94952222705
83947.64782882623
85406.85349263188
93283.92374235565
80019.08720239432
71153.1900065031
76343.17504643775
76328.70889605822
80923.23960215211
71694.33937704732
86779.03687718845
79155.3708033159
82677.25572964382
79225.30299162623
87352.24990594079
83672.6387364038
87849.19762550217
89734.67808805412
