75444.74861290997
84449.49986482465
69211.6092170665
68622.6094760395
60671.62855109582
56805.52737785047
67467.82676694088
64381.15261773569
80576.33174883656
74242.58246077358
76526.58915523939
66119.43022248535
75408.97883263614
67623.75504896163
64113.033727863745
58281.805954969546
63134.66178656328
68966.74392623817
69362.63554896743
67977.974480023
64504.12527711932
72659.79871350765
77274.59974510579
60575.938714279975
74283.22008534183
75556.52834831219
74039.9461734375
78917.9367243217
72517.18477625735
66729.44294808396
75306.92812459638
60476.71900427611
52343.835218996785
68768.4521348994
68787.63436455038
78360.23722390986
77594.74199328199
65233.04678605938
76118.25502102912
62800.201389632595
53021.95406467138
65199.36565202969
60104.47422302267
74031.3273658341
49449.850169042176
73831.25821124473
68736.04576808636
62575.76474623833
74062.00466243517
69663.97256712388
73080.88270033879
71752.65479109749
58105.41508071142
73925.9699703435
61451.5907496467
71497.4741844753
70562.45907716207
69576.91803039871
67034.76964524566
71843.53493392169
68872.46937805881
64554.2874252617
57355.87305743931
56874.37826690685
73329.33734284894
64201.65165607036
79163.37127389881
74141.86717154674
81860.25684166716
70708.76637260357
69408.56858744197
68300.55431269859
