30352.07605345861
28532.208342362293
31661.349389539257
28852.29918442587
33368.10464595729
28925.293762651294
29945.429904190434
25925.86700654895
24251.532998210703
28272.26858637883
25012.534763762364
32794.96641190938
30023.50459085016
27034.714989452998
31667.285051865896
25626.53929339161
30371.189997289686
32302.34242032463
29835.022429607536
29856.658437716815
32611.43022422503
31143.213920131424
33181.6296220529
33768.317589603306
33384.5216743841
25763.909104931194
33652.403793856865
32426.44694646904
27785.795799278505
33459.72825059694
32945.98994859541
30045.647506873407
29957.00710705389
31051.100634647646
34507.14005534263
24490.479240111104
30328.89108138189
28270.767479342645
27624.01970823506
31452.51363165704
30461.580264394976
32031.14497053282
35182.50832438745
29459.781772408114
25143.85066120142
25860.72053123132
28186.91696597312
31111.973603638595
32008.024305171606
28700.118674689515
31482.8371858835
31971.510205840805
31053.27922171955
29579.949807152796
28613.351324066534
28890.379914609563
31614.082761445217
33807.63085403096
30506.15508058483
25881.147188002993
26667.38407646721
32402.43009052695
28948.980784780288
27898.32652066334
31933.087249783337
30275.3236052164
29035.77289799958
28512.844426805153
33018.59686777587
27394.046530886662
26649.759842731568
29333.014856466965
