133253.98907033703
122043.78112386576
118083.10652925604
121001.24616747824
119612.85745143116
102766.47649945557
122937.65664431556
103617.2900782536
103156.42279635725
130337.9126199158
140146.0844535033
117679.31652727406
127312.56034350026
104677.63409756172
112257.05419849601
102155.09469445719
117490.36060799018
101042.74491930574
121288.17316763183
128314.29219866455
118464.67140289904
117991.47119387348
112873.24648595271
130109.61564622958
125417.83754301384
128034.38724899288
141760.66949396863
106941.51553420922
126828.77656615431
107460.28043014994
128710.97899935186
138387.7514982083
137752.95087621888
112287.90346864292
118528.77770340587
143857.7793812884
113822.80424340516
121339.98127175581
121840.66745063107
120719.24078825483
128855.89881241397
123409.7731815947
109403.13498716065
116047.88516465995
126517.36432249943
128980.62848810996
131962.75488525318
108188.09585073664
119984.82961742854
123550.71091079673
115144.7035377356
96628.50142358035
122717.12262297828
127419.21659866237
101762.73147099055
120400.95262619466
113971.14646890147
115670.72710251107
111647.98758231469
69002.46151897899
105551.60447837571
128278.6223267879
100686.10111189766
118858.50408195693
121471.78293806799
142639.47585093955
122959.83867031497
124250.47736778026
139995.07819072666
122679.70499351506
108784.7850960837
120376.31149196373
