119629.23066129976
132457.6976190793
120753.68864049687
130908.9093745126
120214.65042633217
114117.27957343169
108202.5033788046
115339.94439285123
102827.12768844973
133437.15866575437
142293.4074431491
116188.68009140465
121666.5169362823
94482.11460144806
108032.69298681215
127516.66722552078
107672.63925529417
105028.10403336423
116693.60967875108
126955.36839984149
120906.13671006596
121963.21051322298
122216.4789964711
128245.02107957359
128521.75561201776
110943.13844881943
110036.69363805807
116178.12456032683
115736.51048842305
133425.94980342008
130408.67321419805
116288.90570924831
109641.18133542108
117223.76115403773
114942.23536010731
122309.35604992503
136724.37865477332
116016.65705503242
125733.39584926727
100728.16808546886
114407.00897833082
115490.88591524861
102132.64261407229
128311.64219554098
123260.9377378006
94407.62683663743
119221.76923767429
125251.94321063704
141665.65291502536
106557.75171208379
108849.43496468995
117609.06970618076
123328.17355924245
102517.27497401925
120219.13432233066
112816.6267784368
118705.37615647327
109222.49544355052
121742.12222796908
127473.20824620053
105820.70626722278
118780.02176144492
118590.47905260295
128953.02811395876
116754.236670829
122699.17395781321
130007.4263349444
130034.1771581626
117355.90275135446
145867.87407336626
120354.61648043965
111343.75226625869
