129279.40368009891
92786.5070141228
117012.10666049078
123862.6633177067
117314.17660741592
131417.40526617746
117396.29703786033
104285.01973407708
91716.63801046919
118345.12846719238
112449.76007595091
131314.69438394406
131256.41362312203
116920.10360777772
133917.70647631885
133414.13018840514
140862.53519633898
118908.98673006016
114095.36524451847
118698.92261871805
119754.38042111017
100158.80842944398
128285.53382231275
100705.04351112124
116282.50569276547
115327.22501776184
122870.0638072749
128418.03568929985
122536.76060073153
100292.81815203092
121306.71712957053
138891.92213255918
104980.49609669005
113264.1224835983
130948.73252154638
146874.71907176723
107143.20534851059
134765.40623656675
124277.21421522307
129703.03142211314
104890.91305824836
113452.24999152245
97862.26367470706
94972.04200779625
85400.9261006657
111977.66828270495
122825.14163456662
120748.10661360741
100888.14291043974
115811.10016529582
119512.30820425313
121757.06536095489
124329.65851092129
144236.06837250578
88606.64379977422
143951.10585779249
120941.18455369593
83831.29594671035
98126.28899466262
124181.15387082293
115990.45530207452
110148.77510778145
109098.16577922065
102876.8679909655
151181.94051289337
126421.16072106328
109513.37024468202
113168.07485188113
122713.89628901021
124507.21798147034
122250.13740214596
124242.98147794795
