84964.59581537213
88782.4814544634
76486.28626052567
81388.85775687573
78113.34559239207
79614.19648262064
87204.73051601119
87171.48345637249
72353.49905298589
88626.84603370396
74428.43457912123
81032.73655073867
74586.0574578229
88027.28632501101
73899.28589208388
67173.89808671086
90102.74648469768
88983.74903443425
85111.28445430499
88822.60555003502
66097.75089617168
96538.90773828738
78564.81795126355
81596.17923192438
75529.50561526869
72630.29630870375
68902.97162377028
77131.65788156456
98399.7484584791
71921.83914509373
80986.34819468379
74146.14251001531
93107.13111926094
81574.42420975414
81598.96482474002
85816.84763325995
84140.88069215919
75109.4898829192
85993.17371766278
84477.44197038891
67032.59745482203
86143.09762302622
77555.63160155255
89396.76726444176
85612.5587215948
66769.70248479967
81377.94276202544
81696.3835079171
80402.53107108142
81453.56273024039
78439.70791365106
87321.34992561801
73080.39845947368
88194.04546856061
80392.32173762975
75599.35536875768
72817.31833143541
80988.91978860853
88316.63588126308
81776.87477714637
73533.67715854582
71941.02190249444
85332.97198159357
93886.68841399446
74358.81468228697
70975.91099750386
83678.4880593845
80839.44416045494
76453.87435642668
86759.05388025832
69536.62504386678
104580.1270631078
