58161.104539769425
57755.14295585943
51127.43913475024
54994.85632492402
59417.2934263349
62143.978040250906
62537.11383014774
60171.86090372634
59767.4276650284
68433.64191798908
51268.497255268514
62429.83545870028
58092.19762446216
56964.58921682301
49966.105145182046
45845.686819383576
64651.2815150602
67252.90177927792
59531.70501889977
55446.81085564534
64562.11962871261
74883.41123709503
64316.439700194875
62123.46384990125
53604.601337466316
61417.79993467731
58512.84980355586
51731.08304983697
57050.95767810756
61021.695472253625
67513.71928160891
67696.68487376286
58068.973977423615
67651.55028542709
54147.42528189612
56157.39718227133
66609.52079409588
53578.59716794861
57391.407493097555
60465.04578872189
69719.44220573359
61619.66023666769
58390.16529787577
57107.57538204022
53441.669024362556
55431.66715947682
61343.17445203793
63891.796226976425
55853.11124553841
57697.72714153686
62494.971211125834
56801.072169218445
70329.1848635705
59150.49788859747
56982.768043263284
61564.033384832896
58541.336183726155
57310.172017465506
67164.53180639367
66965.83380855965
55914.33094991478
54006.884165219206
55562.891461417385
63114.93275698283
62523.252532568426
54043.90467885484
57723.77630323533
58388.06397631948
56471.62623908846
55010.45106692916
60198.103458655874
67357.91393356853
