82482.33945813696
111045.2000336086
86100.0010908803
104664.18551588623
107320.43545707308
107708.62941687269
104784.97858448952
85818.82685442727
88065.66748144594
109482.2552457577
100290.13175271948
98214.35967456507
105956.81937460243
89476.99554011833
101114.2264651321
85454.00066740462
97178.3943032434
106719.81252886716
99484.71676460054
107636.42833778629
106418.31127038955
106456.87796694148
109419.45815746818
103428.57816561234
108010.15910433645
95082.94600474609
102762.69024464155
101137.119299016
95988.96238957821
88716.26267761666
104195.36305973218
100738.68858115596
96803.90496218846
87949.65949214966
90200.16625151475
81727.01494949519
99285.76656371342
88517.62220270075
94230.03042579327
112990.19651095888
94549.0305228555
100824.96278385274
85985.8927012066
93007.96974329965
78493.06002255734
103426.7604090156
90850.50165673408
91679.44463024077
107505.91343894986
102488.13108209221
110127.37305446106
82567.89507726561
103076.37730256144
121103.10581096362
89165.83813242754
121625.9551450705
85300.6376979577
95380.26777222805
79258.12672965764
94159.16724606403
102903.95825945477
112411.06250308461
113854.51154107889
95373.54921969393
126090.3025464872
102757.53355028303
97432.59081778665
83679.84025795755
93844.23711901576
97812.23100417337
84850.9028092868
78798.67262641653
