135610.81414259697
111218.5718723723
116979.0348613571
106087.1449178498
109409.30716153742
111754.99863785382
124452.1162823753
115922.02196034913
111878.87012046258
108602.43376719879
117657.80940392945
119591.4405623117
110128.9906254134
107639.99532410233
81859.31416062995
143689.48341254628
117075.42177763232
117098.4643095389
111768.27199302979
133957.7703517125
97497.34985779319
121754.87541841633
121365.13798290075
115357.660050963
116541.81052339608
119272.74697322199
118471.90954455514
135996.88264422154
119115.79492604817
126863.09608956937
118085.19359879957
114557.67848861565
114974.55999367802
120378.68808245925
109080.24755183181
106647.71767844915
109924.48408891713
102135.88879778015
105878.47598001185
124710.79858235145
110723.30050693033
126704.4859899957
125761.23750612531
143078.8394495811
118510.70024930238
105586.69285933957
134524.00610640206
101341.97077486351
116949.664337965
116955.38549644177
118156.28063792305
123111.6223293524
122259.65224092666
113534.92931254354
125526.6276751144
122712.9031889156
101248.45308812882
89815.10412441604
105537.45084077968
122959.55013455245
130999.12581170487
114572.21729707989
114893.26521252822
121909.4578958514
115626.05497547082
116091.36013555313
107113.47118469846
123979.13500998786
138380.8434420732
128651.64329272986
110612.78686205995
131736.26825563342
