110932.18734315984
99882.11051345564
83492.45418626504
93858.07005888343
105799.5523285054
91508.33654492281
106228.84365846122
103700.00878476952
100789.74994810707
97497.01437769872
110735.33741816261
91087.34772104246
94658.8797216072
78422.27388586012
106435.10623166444
86352.29270840625
91974.93597345644
86380.54925412317
106535.49523140528
94599.98903702147
76367.03595867606
103081.4461581111
90480.18086206965
122770.05666771161
110782.77348168168
105435.4408449119
99499.43617504936
103513.78333240861
84621.62529126565
98012.70151402816
93807.7240590528
106984.6549383631
117107.35410966366
94833.21934675095
107277.03786684382
102521.54430640613
96170.76986224372
96135.45408164333
117278.64921771518
102675.64146041076
108486.56894221847
81882.4226182366
84222.33505879917
100443.44289497919
120060.63749105451
86948.17756528416
104519.77146675315
95267.14976578792
92181.96021474976
89947.80913827357
95623.44943005599
110884.82412922643
99185.06222473312
88337.55771376753
111013.06926570342
91974.69474970784
120139.86609263996
92347.8861318312
109253.73506587504
94931.74088904563
93773.3352695142
103233.35451868417
101773.02329678864
104853.79945140363
108664.60464887314
104896.08984259813
90680.37835478011
106937.39518011693
104117.78472980582
87316.71929244374
109566.34325148432
104165.64386786225
