137796.4086511285
114398.41641424777
123128.10595908036
106770.61662431042
111717.9425665352
142073.56826009497
122543.43310396707
130956.47351910839
147168.12152691855
136471.20626063342
108699.51491167939
93084.24265311241
135906.35873562755
115737.09424720082
130039.48406684835
115501.23439133086
112087.87087222014
118915.15015998654
100874.00290065716
129642.19655971685
109083.19630098491
105861.55948890552
110082.09380457737
128057.66948624018
119726.77027397316
139725.54796293916
121944.1651694029
122641.86966664951
130747.82171028343
114407.46641796804
109027.26083689388
123254.38390503345
127419.33765606488
130367.17912819883
101426.79362562369
126669.49589116279
95952.21757832223
97305.24900391765
106541.19654246148
126646.1137701433
112984.69200872577
110364.91451663658
113845.83328533909
132741.83779192594
148582.76704294348
131841.8855372137
107028.39744601113
124645.44744299742
108037.67396304668
111357.61513556447
121857.1993826084
77853.88196064669
96710.71298707844
74596.75854547042
132322.7965780893
120270.38347119761
123943.77460189698
93428.55573614831
140715.96054501078
98045.72816608616
123278.48871578259
109161.35011063215
137635.38169611327
96642.62358647506
115127.61919869622
140058.81930025062
116380.28188891934
139854.45428918814
112607.36990500864
106823.20563520907
100317.78502220723
136371.07933408362
