132046.4423404616
123070.61054105121
119532.04879909329
86144.67468226282
130632.26378751914
121759.99630509835
136470.27252535903
108061.6728290497
124875.72899682807
113560.87270051606
128017.52952677097
102824.01465065699
101285.16887539369
104337.17741130428
106581.98444014134
133943.50636560828
124425.80941169996
118338.3606412795
123834.01717073352
105067.55254420513
108245.93778793259
137685.87599600712
123107.77057383745
118225.33868605355
139900.15906869888
141713.44534523008
107045.41163711093
131096.10404249266
106865.11820291876
124498.165658157
128783.80695854136
134160.8693647761
108875.74306279025
122852.2986518834
119083.94448170598
127296.19764377568
124128.18288903483
105441.12050807165
115509.02103012278
128717.08245168957
103691.62301331435
128467.75335943286
112702.89525812572
105379.3797332723
136987.63898872587
125448.58902473612
122304.97814652725
109886.80553140138
115282.88809319421
134175.71034281672
116741.38974231276
122835.04831276856
113247.5530760005
107174.31814067968
101923.2883910045
125212.93004136543
131277.78458578425
117294.52590476043
99128.06320488389
104725.08896397369
137966.26237529868
116909.11563672198
113821.30537316675
114311.85428710356
129589.53071255173
121634.00845938486
133276.08991426937
128112.04621497604
120105.34979514217
129216.40551110027
115500.40013120063
119421.58993924684
