95880.88313260762
105448.04167140946
106002.65826506536
86947.88786436638
116399.62705060834
114897.537671101
108352.903069572
87494.39746928743
92600.07427670242
102190.84418530387
105994.5863965444
104824.99096291121
94431.16892399768
103866.34927843968
102219.89978687305
100874.17923318407
98583.83210571365
110884.75231730794
106319.03583765026
81502.3876943719
101803.41774207773
109201.23805794682
111194.52334697469
115682.96072353054
110661.91202501756
95710.41321895017
86787.05261272508
97436.45844078079
94171.02534925696
88237.53112324176
93708.76047952064
98281.91309870886
112598.5846649368
105711.54246714187
110130.23429557028
109868.88614960213
114108.06026871847
97722.60611063018
107072.05608014808
98629.27829539297
99908.901541044
116129.56946930007
94496.41861379307
112372.17847660894
106917.36348125423
92590.7543224893
91054.42165523194
90725.44413137021
109007.4592644853
112099.51032052912
109387.98226212358
98974.76363280418
104601.76337672414
98758.77240924553
95918.86536689632
101495.65613243986
89567.05107841668
104669.82265598392
94799.33509078436
110417.06803757443
84550.41824484154
85689.19369062124
99170.04018318345
114593.58807023372
86708.54052694129
95290.43889928644
105791.95514254189
89965.96958320773
82748.57345552306
89475.9245939904
99427.58839872084
104132.64561494424
