74445.31926473296
84297.20415047341
75662.4212358016
66374.0065539766
65752.7828841064
55068.46388223605
67280.57460044113
60884.4888540899
76372.3190076085
66353.5475067799
65248.34443351509
67431.53342313197
81308.67045984055
64261.76776734829
82158.99716529332
72492.28424929727
76691.17233892222
67528.60091371955
75356.9772213922
54554.7730161662
64225.001711646124
74309.18358291846
70784.78918156931
80765.0452834888
67282.34324507447
64232.049598620964
68503.65712705927
64508.92225690332
67145.73866854626
84791.41421703162
70932.13417839886
71997.31002087565
63297.412816943215
74984.49935723445
77205.32374127499
68097.94297285669
74880.60963781529
66311.33459757858
65403.43014813609
81503.3993989497
59595.6617450906
67300.92301164742
73495.59986257149
82990.87560223357
63912.09307953392
62724.530134354995
68249.63976342398
76064.41506608401
79846.66136889029
61487.92271547923
77104.87085872282
63124.30629914641
70401.25893229559
67905.81472077323
59691.57994868716
71502.72902147802
65212.884909791115
67317.83977709585
70800.07393730243
62527.10573139733
65582.53573039924
60428.80085899199
68980.3663285521
77705.87131825487
66885.2334759094
73095.09798494972
67767.58680002527
73807.49029495554
63085.39112055767
78297.52596087258
60042.082725707434
72602.04323204831
