74837.09414350933
68968.94331297606
83029.02677362066
102939.311360253
67467.62144828076
86437.77267002471
88940.17606477144
81854.57137677987
86671.082828778
81106.39304829489
86663.29984357707
76953.25122676928
74857.28557263126
86269.26434034533
76947.16541732622
75070.54958301416
74182.13258962473
83559.3358485515
79280.02113075212
86325.36538687305
79287.50622487615
86591.37961081175
89102.4406778402
70674.60875112178
87864.72467142492
75923.74601746465
74710.20639346725
87949.43901898722
55494.00936626096
82215.19523511294
81523.51551634584
85337.21976170194
73505.53251086472
90334.53694397917
89818.95037054397
82357.89077625671
80493.29568734477
76387.01885175367
83454.2008660452
68941.77224526984
80427.43487663643
75968.62022721073
95556.8988269806
86663.25371378036
81300.32105311485
80096.64937211688
80128.336048746
78807.61100609745
78780.22957899886
98189.69082389682
79635.52610037978
81653.50910457123
75302.52218803737
82431.83970654882
66095.5401477042
87082.33892140292
78928.81806364693
82098.37365814902
90229.94405839304
76406.82691310937
79672.36238084071
88266.41997888905
75583.00890688348
70178.97123133102
80181.62685683339
80071.86896917198
82477.42901043085
65779.53642558989
87695.84217503836
90120.62218181006
77052.13511096787
66448.34286541244
