82362.59272205741
75280.41371648703
80545.2393711942
96850.9446398658
75334.82158958375
68775.14903290717
78350.15233149973
77505.23933490663
80586.32487449895
84555.77829821064
84963.10420803177
76586.08527546116
84465.60109088113
80045.26121965342
75739.91623099262
75528.08910773545
72102.20621802071
91055.25751528441
85498.33605313791
80301.21170784922
79018.6052640959
78846.9483382286
80811.66898276638
89718.95868910175
83107.47774801117
77978.32908033888
89317.62934421258
79543.77184831942
77457.32895780254
93097.45143009198
63496.671660698084
71298.05961997573
70426.44934632335
79652.35371195214
84797.00234619404
87786.51731578357
84008.71248516739
76611.30303298097
76854.42335118852
91147.43546690333
79653.72952358304
78972.13306163556
60485.643679855595
78896.7609286725
83404.15335574279
77035.72562111345
87208.74478204793
81707.80117999532
89631.4578402955
77600.24518881997
92645.3397088402
87217.05177717168
96449.52923523248
82662.37117380365
70221.20969771997
70466.15872020698
89440.12147349249
78427.40070317473
80822.86779597447
92414.10511749271
73923.65511570164
81922.42777874874
91175.68392462266
90801.96262819985
86202.71549819877
82470.85290220729
88883.84365433195
63802.77839132328
77173.57087576031
75335.77634598408
72602.60499668201
83808.44555976626
