29391.687980703267
30194.638249984477
31683.011606592914
25647.12677872881
22843.899827518446
30790.912271351495
27939.859794216518
28757.000194843804
22133.26971564378
32402.460377227162
30513.29218571486
33064.34871880916
29689.046692486652
27153.290603901878
29345.028037965458
30453.64714894101
36134.668417457135
23414.61733007281
30803.629531604503
30195.71178066422
30457.85268038724
28838.978383880753
30844.663198649552
28242.46401763576
30083.312098222017
25332.60875609415
26498.49949015054
31045.05670065347
29581.1366962394
25912.717776928843
31528.873326384586
32707.602748777637
28528.916444510003
27240.509701246934
25630.75778873077
28279.33503022825
28548.549871369
30243.325540936163
27663.405107762865
31526.42372018697
23719.059256650013
29316.330481883702
25617.908558929063
31042.95259066978
27312.030976794744
33521.52090768196
33750.34319468878
28671.429546861345
26376.986591466557
30791.36839658639
31998.595053750367
31380.8980865292
28836.504889288477
34501.64647090962
24620.58576777165
31584.397401234437
31493.289014717986
28518.739615473052
34218.721467950294
28691.991849892853
30590.089035495577
30824.59534284063
26883.97872764423
34947.984180603984
27578.469339021864
28869.150433934636
32195.867077366485
28250.679254803923
27552.70774667346
29242.26600157677
28980.149178906835
26625.968051066764
