61165.804442686596
58621.64778869109
54763.11809513841
61228.228414866724
49771.155970326785
54859.00116747133
62289.898666393055
57808.62637456042
60945.11835707258
67733.39787834923
59708.247395234655
65064.16902121386
57810.093478843984
59165.49532055842
63609.504959474776
52107.59926248884
69901.6055761779
57565.13618358919
74603.39992307575
59669.451511404935
55567.73152437857
53013.707334027364
58003.26563128516
47962.708077198266
53463.52057711596
59935.64467665964
50182.19672394441
58495.0622421517
55117.741853706626
62704.75053019059
55693.351109760566
56119.249897139176
57291.396578904365
58964.62862114218
62221.78194597368
60849.15292618447
58481.31503059151
60861.898828078054
65456.52333848481
66263.89553818837
67899.2510021989
55703.61461251219
72234.6219817732
57142.98917416241
64610.51151704216
64375.49402867899
59366.58949547143
55034.64890621129
59441.088553606736
59448.77895553807
58223.56633983743
61449.14971759595
49998.07933596944
65013.84011285728
58029.754604047215
59827.46091106435
69844.55436077283
62360.802039490336
63278.810874527175
61371.818721830256
57842.41246925331
55772.57289833977
70219.90528652405
56424.33769636825
64890.96060205267
55992.020648701386
70113.59789597208
65817.60620694101
64349.48946614546
56509.88966585484
52987.240884458224
63220.12537761212
