68486.572980861
73526.61110769898
81611.31677882573
73303.8083400797
76946.81355218837
72998.02370563257
75467.67548354898
70850.69341652998
60242.59186977047
76140.41512756424
74529.61737313987
71231.4759723388
77507.53448191212
76189.26296004558
71516.32223887459
79278.37925040364
57903.859394871055
76506.67819452868
74688.34447725466
66278.27230418171
75506.0304486843
58229.64975263022
71715.66820444069
72495.92051331415
70429.83237310703
65889.92156188228
74405.17925473391
63623.01493533236
78472.6739354053
68774.06315678917
77979.26727680482
58989.87486949468
67362.4030175835
73512.53659091539
59405.04840945122
69247.18983756394
69273.01880737665
58956.78813871777
76848.87952023534
73929.24408749143
70139.42271874002
72306.3493120615
77890.4457052352
65988.6109910005
79901.10112694874
81125.80227889566
70979.0365859321
65958.51922173378
67877.75855011902
63436.77737165133
79372.65213995508
67908.34820171955
59980.49523768881
62179.5990771599
63067.16501300748
72164.26092906654
71373.46066567885
63433.285857593706
68290.96314746057
62996.35857747676
72143.63119286018
80228.68638600699
67954.0637951721
66967.65833146882
73751.29497453925
75700.66666738993
82082.9823923289
68605.81345748779
74228.71623823477
67801.65254957334
78298.70945056739
67355.78089831163
