82096.8153151648
66832.07047134885
60055.175993077
65565.26981800335
68617.98856715624
72159.0872810862
74194.97054984276
62534.65958891199
73527.69562933662
69426.97604271953
70711.63435523616
68060.0745483981
66545.47563863696
57242.17029367526
71991.72964623389
71226.9882324787
75044.7804380391
58315.178168847284
69307.34161918465
67468.44828731053
70349.94264824608
70566.63544992244
73134.43260330615
70954.03265172454
72390.17469563065
77041.07536832496
68083.29668569916
65305.64302119628
66123.9050788982
56436.955194672584
71926.08530804129
82100.50288000728
59820.99736383501
71455.74776395899
69764.7343862275
69648.61308061497
72685.10551108998
76568.96279361194
73781.01951971043
68999.6831882684
78575.13662492023
73593.96251604696
74601.8388647468
55363.31431685873
68309.07910321228
69352.333701879
76883.92380381121
75420.12542088646
69355.36112229679
63672.86515559733
81772.1316853714
74290.32020848652
61857.168574925825
73753.98278966574
63526.04978939787
66308.13922437235
70881.02942616049
80055.43181772431
62740.50214384606
75519.32126462575
80405.82393723457
63058.91258314905
58962.07829953183
55439.247258104806
65183.830646180344
56614.656254079644
64025.021121189064
69960.8853531958
70230.04082308497
62086.13783665866
75597.45130098876
71717.8113257447
