26304.415011551435
31975.93421711738
29399.662617615002
34870.08222492349
28202.288017533883
29330.974616268984
33839.735981658065
33521.7596610057
31487.207443043706
32504.10938283329
31161.37293094391
31078.182860992994
27563.56494081235
25633.715094455623
32043.82672038014
27179.575680050704
32373.99443948856
27522.656261138607
35550.313489434484
30548.595831541486
28421.782223111517
30761.306068313585
32254.28927976283
33186.85256587391
28939.612455409217
29528.53548263268
33717.898188415915
34804.89208544086
32099.40513686844
32026.75784587141
26746.589341951196
24452.136328956072
31017.4036995856
27593.521370550403
32882.90989108013
29353.05336675578
31146.89570994857
36312.42273317448
30250.74366621841
33999.20382308138
23929.8780416064
31487.263395119466
22299.364683430293
30955.01604152401
32633.538921879866
22784.687313038292
31771.15818814892
33362.36094783553
31233.64182323724
27949.479474438904
29440.752352984742
27084.379794777164
28722.68417071834
35650.866938683444
32273.817680797933
31134.660585771046
31152.571609507606
25853.914100362923
33550.28119309013
30059.445423795867
29262.38038347427
33686.559095692784
31309.044293433224
31624.987380640458
27870.66195186074
27267.090633921394
29503.40835238686
32590.781670934968
32992.96157616268
30209.785926463544
33367.66485108489
32025.132371665833
