61641.96917448343
59034.721086047975
58279.56713990962
58706.29804870165
57475.16527033259
56621.81759218729
63112.49561575153
74492.35412829068
46702.14080730304
61047.17691593086
56021.23238279437
56300.85619666586
60701.13176329137
73868.07136881317
64297.24094768651
49152.36475491179
59584.0580371338
57566.42534831331
57439.51250517126
66146.31036112637
65492.18332396198
57061.2885881173
58298.93261350803
57873.07818370253
50595.04819892467
55974.26403738425
51642.25728805976
70789.87818755452
51321.70642692456
64105.529077163126
60065.23501191269
55829.797463024195
67029.99106111488
69368.74707040205
67170.45689516893
63485.62970915248
57658.60571226863
65381.60631398839
65290.459738233236
59783.62560863202
62118.548610039616
56113.30142458999
61078.885292765684
65990.30255031519
60668.20502537066
55714.222248323844
65400.19921573514
63501.72877015026
63492.08826421027
57817.41872302323
61351.88320830779
57787.47145043831
53953.669535282104
59120.08634578025
57923.019297888735
51925.694880069306
60324.15067280632
58893.90682353185
57896.40432499243
61671.26103777755
50659.75713982043
54289.18232213264
62765.79701593394
60838.24348336507
53546.17706814672
68485.29672303627
62599.565671036864
54908.45802411422
68175.41614649353
51947.13704787234
63532.76130316696
67094.53312950284
