74447.87603759168
76024.61834977249
66703.82489775865
81225.28128882528
75879.15760662343
78594.28863013202
73420.45755308036
76110.27065177416
78067.20618495868
79324.28050521204
58320.5578065125
70027.76973244011
85283.07368937739
77783.23409283365
85615.26336858024
72594.7713473303
80831.70919195667
78077.02012911787
71935.99446265167
89709.97398645096
84867.35090421516
98092.38057733832
82166.9264761424
79393.67708493276
86535.21906020207
84405.8418307825
87398.95745228758
75945.17445063993
87511.32792878407
94069.23410315972
79615.1829435111
78566.88775866586
75654.80523195886
72185.26741503099
81400.71653790916
65979.2988111078
74504.16679748577
73291.92265981177
84931.6911764849
85549.82745540093
80559.10269158398
83870.45950646326
88938.99886153232
87190.71818155047
65957.7194710776
90456.43803333429
70954.00154486524
79362.17759104031
68186.27402796358
69727.40987693977
68345.98586074506
77271.62022029985
79617.57907771053
74720.25730104296
97697.55176104173
84427.51083802925
83646.06548371933
89344.23545164923
83192.09537021027
76860.4460734491
67961.6470093916
63012.96070236461
81369.52888844929
64061.276308270375
71416.66171558597
79559.8626348165
67169.66162495887
90249.04021483571
82045.53562642739
79649.73997958795
88272.149306046
74554.26042291163
