65881.28731130846
61477.963368410805
57963.34855189697
56779.41196477216
66395.60730795252
65583.546675744
58865.38838003793
68451.32950373171
60971.20158798546
56647.94494126409
59650.253834606105
58959.25776125744
71028.67355662171
43922.04329251909
48188.78642725867
63906.74438390434
57517.09491456581
54146.533088001655
44603.00911053175
53117.698023248704
65088.27703970289
64508.97915887001
62554.72467693744
62598.90120982321
51316.82491001094
58088.71836778118
61091.823472877935
57471.55741058385
58895.99019546147
58709.8931200627
70393.22121695337
68198.91746356738
54346.6858192968
66456.92414005347
56629.10294178834
59734.321139456944
59303.58146195527
66768.28458896489
64523.64030971429
54621.08126330678
62841.11932734382
44649.84178150027
63249.18541772404
53733.12351690714
55576.88188675657
60821.97027190222
55077.81157332666
64423.362859646346
64076.79539191433
63862.15344370611
72303.21893280934
61182.052423619105
64118.05299501704
56550.980472321884
47001.29531636054
66671.37307581631
68455.7744226903
51310.53194569226
68791.01116575085
62732.18653758344
60564.74645214855
51556.65785963478
64240.24979033752
65201.099851006016
52746.97046609251
48844.30760520925
58386.57286082012
49519.29282172757
58953.73959427045
52247.81999281158
64719.16096289691
56464.8646406684
