27932.33409715566
25548.17836476884
26560.653486229752
31204.503490199553
25640.697553334474
29658.529246334627
30143.87437902121
32371.873525451243
24990.545080801083
33589.75789389693
29109.866620670145
33791.532511795886
31156.35286642635
30218.688298177556
27682.29849421487
34221.16312967117
28395.791597635234
29595.97986181686
33218.964183719094
28423.035895764227
30783.011783922204
30412.599949690255
29287.67849541493
33116.71808058023
24932.96252803923
34069.30615916694
24144.89721952928
28391.74852430809
29153.67460503142
28069.375046655918
26107.319531986777
31987.85364144767
30885.042617010957
29002.642008452625
30274.172286861565
35913.05094534684
33741.38824703031
33432.205026806885
27615.418274005766
26553.40585747444
32258.37185407826
33794.50106125235
34921.67896918866
32637.600203016777
31494.235632656688
32408.718429191944
28704.686970413903
29540.082170812348
34359.93701641597
29716.413729548778
27815.091292482317
28449.358423604644
26714.716014796217
30045.171349154632
28382.348393557626
28436.094181144334
27508.845053775898
24158.72370229903
35769.359780971856
30387.920150167258
24437.39021675621
30687.023088331676
30776.723460289177
32437.811710955164
25891.88916499639
31059.34441380825
30970.361473369445
31276.316245239173
31763.59767342814
30337.294520947908
30485.091815396292
27747.943063048475
