105482.63116460452
103508.96653802444
88393.46784064574
108033.27615199849
98370.68725118104
75053.25600449556
87967.72398742844
95619.46532554265
113147.4268511119
111706.78864286053
87163.97884730337
97241.34400376755
93202.59005141343
100161.66945900473
86802.96492570212
95019.03497253782
101232.87272796447
95552.51816504622
90506.30249411218
106302.2047496216
86001.79893173925
83692.41126117588
114482.11440763621
93545.77626953901
81267.09165998064
86870.66201914991
97025.4949859482
108313.0023042118
90470.28611605953
89473.02431161939
90759.2402107863
86449.04353577453
114603.57502032559
92590.12503330973
97716.03633511129
94952.693303549
98067.8226289701
94349.29912859011
89386.11143253402
94045.51724645347
96678.74540961401
104229.59816182575
112488.30269823808
95119.12294345071
93207.60764948008
116411.05422160342
96523.55054471486
96280.09969632243
100909.75706313788
117094.28027273767
104515.00829199876
96380.58473387407
105248.89152034606
94839.72722651009
111298.01524044918
96262.73224708368
97866.83694504219
109466.22489652202
109407.76145414426
93273.25959430958
87112.3670258974
106493.23272025178
95741.32080059768
102970.42006764324
87501.62990700758
106418.70929186186
112970.19635790853
94951.29327058222
79947.93761110461
96938.31799984524
100868.99029616507
81528.49183554776
