126469.92575449891
114668.83118437754
138505.8264315969
101862.08903150387
126966.85947593453
133700.04841100515
121562.59167654629
129767.43425357559
105514.20852812291
110468.84882037473
143621.37626348357
113988.48628916084
122008.26615584356
120114.74331842718
131024.13829498734
112854.88260882326
118474.77457242177
109869.48453439349
106584.91810633814
116160.2352297991
133095.00116007315
98764.7280867101
126735.65547989451
120533.24523417132
118854.10754358227
120901.56351250374
92857.10904024837
91864.64307528356
134624.9158124331
128695.20402422223
120723.2738004629
120411.61735659577
129902.4931729643
130526.53877917906
101991.2520024713
117116.6926652579
113941.95041411085
105844.9030435048
153786.978359038
115255.87506162871
122119.46302965273
116399.35240130569
116939.74484718445
144189.56987118584
112519.27827165158
106829.45594677055
100369.03795116783
135422.2355386335
134000.27999572648
126028.33869260292
142176.10377727586
125436.76983658623
117654.98091033273
107327.24316190601
105626.49416419432
136212.88138594787
133634.27577260803
122267.2308720746
121997.87227978624
112062.27681220723
99946.4592430985
124538.1577119483
116048.76482980532
126899.36658745797
108657.23283369746
112603.5239181033
112244.03614666998
113619.86506647643
91624.56823098841
125337.01982029507
128899.2811746255
118934.2603126105
