98411.43757011756
101708.25289206518
104679.28557997859
107082.12701825061
99433.37796485805
83970.72776192818
92102.11681886842
78777.2408807295
103982.18559041806
101981.7586154848
92726.60174856789
114981.93100544525
108165.71667679845
101276.94428110059
108645.03126402953
93189.8745083574
96067.54995650628
87811.4329431583
92085.70243821193
91834.71834150483
98017.48782998281
94032.05780764535
103838.36354649694
99573.98197555527
108150.33290541287
103498.48730445672
88081.00004494065
86424.28739388687
94844.49454714042
113366.68614252661
107754.72757059267
105863.34991626604
103481.47962681527
101057.58250040216
82851.38989186357
101948.72507114893
87300.63129332835
104552.31670490057
105811.42070422789
98323.50294778204
98859.01316061804
96977.77376532015
101302.53057788085
95556.54416809545
85860.58152251814
99870.31657905951
97286.72664508397
90472.27200133748
113658.7143470262
105737.85203902975
67359.463237062
99315.88493190218
109938.78462036526
95150.81713313235
97119.03442759177
100784.59468534379
97509.66862201273
98814.95863247916
78787.329644878
95352.87655718051
92631.84633144778
82730.17795275727
103035.97133501667
102927.89942258745
108406.75215397574
90218.61669529541
103089.07485339626
108353.93560440645
96264.04021263348
99826.85553282022
105902.82091034963
95797.96786671707
