88657.89063407601
75435.97165597638
76523.06583668369
70293.62411835438
83579.86385790419
69236.98226258885
79875.09764400253
78617.21860566431
72098.58331477594
90617.37660556327
71276.59082596903
66472.78049269153
76770.07688936385
74862.35567319533
82114.89436974714
83331.02409000225
80062.28951079946
80074.91731176082
67081.74308423186
61581.69107513096
80931.2861871257
82684.21896024048
75005.7109772837
78504.72653952464
99080.77295923392
71325.50840326915
89193.10235159488
76124.62235098839
64189.23665757137
81486.20527908162
76485.54516143916
65709.40985101863
84099.00906580045
80943.25158373588
82746.391411295
80751.10154148779
83865.14072818421
78392.38091941451
69102.8334511763
82403.93805567836
77705.08371869268
65162.01033159611
75942.42887183817
78898.15936032416
85672.01732725035
79866.06434872899
86717.3027914534
74586.49161409904
80845.74622925892
69177.93941450871
61145.44975731202
85746.63979005825
76012.5833346092
88156.27398693282
64281.89300813991
69671.86081669858
82302.7118827848
86138.77985499926
68994.97752091622
86472.68869998949
86883.06507987129
79185.71430451958
87741.4400932489
77762.21380171383
79635.83046162926
73207.48617995206
94197.50103047304
82551.88027688849
59142.04846291158
71882.1317035551
75194.91730310702
90481.81538075618
