90774.57845034529
103725.62236015224
94692.28613848318
89487.56080018719
106525.87477849875
93029.47120726095
102631.29408930003
90097.03466420775
94181.50447442538
115634.57120315984
96048.1193312988
108389.40810366182
96598.15864031874
95274.01463500969
93758.66308057988
92398.95687822878
88028.7923647337
92916.54734996364
91623.17725169408
115229.55481539956
92960.27053454117
87256.36603920812
97746.92940769395
85764.55776056326
93010.46184038096
98713.01246599392
89848.5356898179
72424.23590829552
106953.20515880085
104764.59114130132
97527.16725093238
98838.62515997331
95688.51203680554
97211.51861667544
89269.49902490102
123033.65856890111
111605.141186699
88863.61362988339
107411.60837572823
79908.93929579707
87664.50995668366
94758.09905096772
91830.14731407363
88790.0849626058
97336.08000436591
94592.52411416838
122677.94710044841
103051.83009815202
105209.3724153075
117013.97435467812
100402.9471106917
99403.36039225898
99393.34843585285
93896.14144289446
101790.7756383475
114120.82918844448
111685.15952971246
109268.27604111584
107283.44788231848
91275.61646367183
85287.37241944342
104030.52431000925
96785.0162019071
92700.70314655031
103097.97619545773
104187.24246771097
106152.89469852342
102195.56548699591
89738.7627700131
81297.31772218019
98864.65298611153
102608.95131127752
