109105.68070213585
118797.91743241584
106967.58191843356
116102.76232271179
118458.0262084304
98749.06415045827
123947.94832616481
90480.22426619763
122040.51291820643
124238.0257479074
119862.6273008964
110889.22700510162
132337.21736678996
134034.97001185143
128976.98296952342
96952.20989752025
115908.8926507248
123360.42856648119
125339.64455938236
108205.58939645201
146952.83101079377
126400.88262908463
120160.14398199879
101935.24481828918
130232.98295846854
131601.43474535528
133283.47354311484
113350.88926364339
125996.22297945064
113499.46733675309
91011.37523195524
132251.3972527509
122285.47459669977
111631.15281907671
105337.39158971522
137043.11868980117
115118.516169377
120367.2123548203
136311.94699766475
112783.83359212869
112654.22760024085
95944.55734868112
102684.23554647314
94477.14204917081
121140.56291172607
117255.9129392676
99614.22287495738
117553.9361463486
111911.02709564738
118311.72495619516
136203.6394699593
122721.93457193392
132770.06863726806
119492.06015066098
114740.63442274249
126304.69040110311
119233.9487853025
105683.47134019565
99644.17149795525
132233.7686551207
109782.9617006552
98451.66323933455
121099.96060933264
99417.89866759109
136051.8724346062
134363.10300998227
109496.72405420273
109911.09276042477
111695.95190009469
141309.03456740704
125048.77494434277
110816.1130760614
