102342.59103103982
99433.02777814052
112983.77007352869
85231.08503137909
102170.91479963796
98628.69268136522
87256.68521794672
92320.7800277155
94519.17654208663
86213.89573483387
98085.98716878245
92686.87398153328
115411.85799471804
94569.20651740147
102173.78396952621
81753.94609272592
87039.8610675171
81928.5187994749
102287.62274685533
107514.12730279124
95907.93141295524
105091.20317248965
97584.64459018613
100090.11100661888
115926.52267716211
105227.31143585595
99862.1490574752
103921.76247693137
108567.61495606863
112430.30597870555
80258.12578449697
90294.268244121
93591.76006280341
105977.60901389326
100584.32537886442
91188.91775403802
97551.91021941323
104401.44144399566
102922.55367122217
110952.15518365269
90437.67652785314
91247.63066347565
117774.08530556402
111654.01913388187
93315.56041015219
100910.53543918232
100191.84784981741
101687.94577165961
91601.3611241124
85236.64900409659
118757.90555826196
100524.22050006919
110627.21642582354
102217.29622746483
105475.72207329758
97921.80266995374
98464.04295616937
97913.31859228954
76960.38848698529
100567.89373926837
108914.37397497367
88457.27015988376
98104.96950656641
98734.20158518512
99879.98955242327
93074.50035566773
103668.44338158607
94069.79611276458
97549.13904778671
93161.75755933022
101376.80433254084
96739.41280828293
