67341.25988690059
67966.5104021199
78304.16373672521
76275.4607314755
69825.97447402577
73887.92239406216
80355.03578114694
64675.03779406747
69797.19000349718
77010.75707577316
53032.81268400869
73705.38035831516
57978.10964234488
67047.82370859229
62977.39366517184
72037.11416348991
66401.41554524549
81656.18833598848
59799.71520588122
70142.04101574355
63969.15861052915
57052.289807582536
62056.7990019402
75272.79573636712
71953.06294279835
67956.14211277645
68689.69639882332
69364.3856619356
68177.6431930024
66602.86915858276
60128.62847334371
59137.01736733541
73631.44705734662
77489.7929646763
62918.488846388434
77970.2023831656
76408.34561523616
85047.51393737605
80059.74764050638
82396.24449033973
71393.49039631899
73163.20525548041
76888.16351925797
64588.31603708391
68493.95066460854
75107.98661855022
66114.60820446887
62147.53586293544
86735.84679026829
58274.6771817071
76341.46230626627
79002.8613932329
69495.65129798978
74180.06101236487
74719.24735221009
69145.41988287217
72921.1390866384
69736.04706686115
59401.33239554596
68762.8974672537
71347.13358450249
71329.53271969075
72772.26459078693
74291.44605793974
70053.41930684354
63660.12097441933
73924.43538839028
65630.30525804214
63183.9054590826
60514.57873960129
75318.42933141037
85308.30668892089
