59047.08666324056
62540.407922613944
63451.25465174978
71653.65816931096
61598.24239236126
52791.783500064645
54317.261084077254
53554.42615289983
63250.548549065876
62475.73647477641
50144.897758422165
53003.072381035476
57607.5629003281
57129.26978363902
56905.59314647363
65851.08866430078
62279.15329430209
61758.22773997772
65320.25159526574
53322.43184236405
57309.67080739573
60007.007850528404
61614.29789310939
52658.20413662678
60019.90787587842
45045.75496107948
63468.17754454218
63486.257476343075
51722.2811643737
70599.54543209223
60012.44078723238
59047.517074943564
61883.71308509344
59434.53500051774
63601.691885637556
55553.264347721735
65727.78844440848
63285.86921944782
56411.36272557564
59046.43985803865
59268.54825568228
68155.71171494972
60771.84472722705
56862.434014284125
61211.86263422719
54938.61897084379
61304.244136317124
61423.83699892562
55488.525786730235
63918.446136032355
61281.97375605589
69588.50013535844
64232.76048855915
56700.35128286864
68451.12562157716
52512.409265862254
53177.54676714648
57114.9070819232
64868.49852483705
57857.05671231421
56822.822951633
55242.02305588949
80918.49652268199
57117.519138764445
59603.21354562542
52279.81711116155
60446.07635464661
62036.67190142364
65973.55431103132
57349.312766528325
53381.6836844371
68978.79168747096
