29567.973681431693
25268.924097759314
22532.734644557306
24205.790929482933
29842.579666302026
25282.421633676055
33663.398496597314
26953.758537722
29669.424546642655
30801.469975098382
33578.71782712669
36715.49989884648
33505.156107881594
29387.849756961245
30427.087760984406
32802.179154342615
24442.20779942993
38650.5294808575
29363.702780861975
32698.760710126087
26869.540642051732
29362.3950821188
34356.840360039445
26766.935396087163
31495.518111982885
30287.190309922727
27296.110646915193
28501.81507547531
33429.21225912817
29249.484109204055
33091.029827717895
28990.72410523431
25082.217937108435
28174.609442977307
30588.91502227593
30999.471736234518
30361.906922549195
27468.031940286022
28782.23583220423
28154.045812958797
27662.305619879317
27859.577819043505
31646.92125356162
36932.958826435235
34068.656645684394
28665.138088364518
32986.887302338015
27614.503677179375
30382.3175061285
31529.806538836077
34616.306612121996
28761.477353781524
28631.99158887275
32482.303557969422
32856.439874207535
24714.698076413817
27231.97681675364
32825.47294740309
28739.42824875362
29811.880648034177
29243.379157544172
29455.601020834423
29177.422342651204
31881.809747020256
31837.214078184323
33809.28125780994
24116.00733435413
30961.968702457834
33635.892070730544
30649.682225317865
30710.647830438815
29474.52322281771
