61581.64520721579
67100.82276638986
63663.87918153137
68612.3217985291
65425.390562364875
66823.0839310682
74733.35858832885
66288.9078799794
76462.24210859922
69365.10283597767
73895.74078969458
63694.89076785578
61012.021555816864
91179.53144529404
63427.896432892834
66764.24960960813
65384.35648929021
58542.85384224572
56796.12424318724
59429.97414931498
80533.67181143086
64456.49912681306
71803.96158464099
73382.97258880241
58295.09122273491
66222.5584809654
72398.78420435138
62945.2996902756
76349.19330785483
73776.03252850941
75873.44482782664
74393.11061071132
60620.32606167459
77864.83157700919
65203.558176898245
67502.98028162481
67263.34891014548
77243.07087144275
69459.2161109717
71886.29456528826
69995.02419679958
60832.62028426118
60338.60892358102
75828.34413191976
71639.17087895886
78751.58210910886
74371.90949781504
62842.089248687276
74700.94167598266
72024.49690611218
62822.65300216017
70547.18213448704
78099.45692730507
76323.56324283786
59143.58599597822
83661.00106599055
66472.37899937385
66873.35912159948
55154.74164933084
50967.48612137634
57614.75443525343
78898.29167172789
73739.70876163717
70237.21152763971
78803.61854611577
63263.5944895175
72949.8432466837
76197.44219201496
64653.53002431588
84160.26535174776
71360.04369210656
71995.52565189471
