82595.62162627577
87893.13851346733
81041.33468175022
82491.30087150905
70581.02277999645
85779.02511030168
83672.0370877229
72987.10023332914
93805.22459343619
77074.23976648577
76757.32360910965
84847.72828246177
80033.45159602576
82441.66359649041
86083.98269366015
80356.9452152961
88664.04702460018
64591.61705821915
78263.22096106646
80750.56810474356
73772.04279651944
92548.40856501607
89198.39074542669
79952.76351297063
82228.65375697646
87829.32227281645
72146.89751572757
86109.08977576616
76404.16201595859
76660.81900687442
74302.77116999791
73870.5605851391
84096.95782581023
73814.85633215948
80227.74946280044
76798.52707271939
85428.6725301831
74241.79188815752
68368.23260195619
76286.70324774015
73799.45280357692
78066.25973256226
84862.75641490665
99821.8155161167
89314.55420737756
75380.69936573127
70356.81127800813
66369.98495822259
76700.94799887507
89203.33170624847
77180.09144616424
77727.61560864536
81451.04002463845
80006.15971862416
90584.94918863065
81017.2122326439
74418.42781299436
84455.27237644012
77091.4873517399
84368.14746815426
71212.81640877762
85243.99948308218
65953.37018662177
81333.29419920009
87837.83664228968
78345.04182712476
78208.42851193194
66942.53361980915
68412.57008434166
91252.64792434179
81723.739353901
84097.32526668032
