109063.39154941229
99307.24697062525
107473.10076997607
103905.73619100443
96759.80354156585
91811.03595857107
106033.55988597542
102318.1583743979
78075.9202380958
100649.43520698095
92348.99066554003
105017.13156814863
91147.47500400388
89528.65482521252
102903.28733171876
100166.64613621282
90666.84602364304
93608.62915392425
102055.98172033206
90763.37199164713
98699.97485733811
111919.79961753484
99530.4401757053
120851.43342862306
90492.50184316713
87839.373641586
106136.17267151945
110731.32555384915
109707.6490370035
97393.81461393012
83059.9247078036
101145.49617304027
120254.85137975996
85267.14488338507
111923.05828087304
120409.17228413919
109717.52683878204
107419.47731529671
102368.4293804695
94421.18817806049
105766.08927379952
96932.21898346384
106536.60210898724
94548.68868478054
106647.05840677037
94141.87506825608
107254.29924085403
106136.59460788497
94735.49351566524
106479.98547005435
102015.60023135731
86556.59572725653
108341.76074489077
93559.74151932226
102308.7541497764
94434.89711871037
102531.81844376805
91391.69312551024
98765.40931529291
113061.71791649764
101321.69198186931
103686.50496734626
88121.12801563278
93422.23152554636
104443.57646738287
76506.05905734783
105784.43326006524
103755.51245748323
82216.51980555622
98912.68632772533
98985.49862841998
118577.30845897818
