62734.83009202283
49179.58280722014
51916.30691515797
69466.5956367767
54028.715237401186
61101.12312022178
53141.836945931114
69873.73106347973
52856.56008437135
54746.33947461715
66394.7079125235
57012.803756029665
59587.39698856837
63566.327412269675
52702.966871218654
56306.513038375946
66978.94278941701
64652.5125682895
65717.04750523697
62306.413667242436
53513.33819896767
65359.854478465546
50668.89092990231
65030.46629967822
52657.43160305279
63675.67939704515
59943.7035132349
56835.15208136084
61906.763816917635
64233.66813506383
60965.390660101155
71346.21497940134
60511.549931413676
60996.46514281692
46289.865018778575
63415.356969996916
56985.29197909961
65141.72517326666
59759.01385768976
68728.11898205472
64907.28482668609
60640.52253566769
56995.10594864116
56107.02393984469
63780.2629989906
56868.711006604986
57179.97265754223
70191.10350818092
62498.12129727708
47190.310943552155
55250.266110833596
64099.785624076336
51294.482820749
74330.2051343015
65156.53250764658
62933.87417902934
58559.25218811029
53136.08365323552
60708.43663809245
56640.89436725576
72762.6417160782
67347.36442297923
48840.76165011863
61486.39232174892
63500.47954806249
57292.21186848461
57254.367243204164
60155.01602771101
75092.36109262264
56222.911521676004
60323.98898429918
60275.43783735256
