62030.067998193124
79831.70309965037
79697.17503364381
71500.68727531524
78503.88741139589
80823.0550817332
83863.26969398203
89633.17917847264
85448.91433112444
75575.837696954
78285.39772785523
83492.73446012405
78654.32688742256
76834.25691871152
77644.93866071323
86361.10818260488
81544.3410961573
90611.92276991843
83835.26417743845
85367.72126010139
68528.87547112128
75992.92698729447
88315.03710973152
81999.42078193573
74023.50976024407
84764.3426235664
75618.2032015565
66981.77493966048
79052.29004475477
80373.20973276485
79574.15215800014
85654.10271224474
76665.89802632712
75537.38653118156
91797.79725353626
82473.38497568422
64086.62324049093
67062.9944795784
84617.99997265074
78109.64782602938
64730.96724997042
74905.95255400497
70402.73105874538
90588.03080277798
92489.51745817359
75502.60017486133
79955.2780619788
70283.13256256026
87281.23621828938
76845.29522759713
70366.23793002818
71392.23580844584
67777.61219285127
80781.60613653093
69895.34175748583
78164.60319359208
87516.76576218937
71571.4670198528
75077.52489303284
80004.16738694093
80849.20193925974
78096.31661772712
79200.3733959049
83443.32288302101
85737.25330877933
85604.75382722473
76650.02097977471
78835.51763107932
87711.03075125035
72756.1931978337
74667.52138366133
84416.23898887061
