45263.31683029674
58915.176921658975
62114.94395276011
64819.60918415405
62786.81605541191
59792.511479634246
57167.614780253396
61117.53917186405
61912.97968547393
52221.68728225664
53655.18978609008
53583.872845003105
58991.88942078609
63617.70109967383
59881.19104443201
60730.60520760688
70181.09633515988
57534.375284502494
70768.6113442339
55420.60604585892
63727.21293547366
70220.21581763843
68887.22857172885
66933.02793831272
53529.53145728269
67436.91894724319
57897.112472448156
60349.42203360563
59339.23462994692
68448.71880319758
50928.48622611382
56352.632147654804
59374.59204170095
60802.63601432211
55126.844694162144
63689.70447477439
63804.04945013462
62321.07556071898
66156.74788114682
68896.41030648246
62784.361847351975
61974.24073169054
62865.92218903106
60198.05484224571
56555.88737770054
56271.02030367318
40606.156001276104
63099.190758600766
58664.87100387579
69799.78406276708
54580.14256725094
61149.20736947362
65601.37855483638
61860.53869731033
71571.51073934232
61944.747290199746
64113.77851443866
68227.82734895399
59117.404869384874
59945.97530887256
69744.43632543526
60984.497998273364
52079.936051402634
64350.59421932072
50824.13879886612
66530.71095569925
60178.441627192544
61507.14182397202
61403.552134014266
58772.64472729896
62628.653088651045
69362.06987679118
