89799.856616076
75735.69122036891
78229.78660321559
89359.09081974192
70588.82181690057
81145.41985823777
81891.28772290552
84228.7428687145
82837.29936515114
85318.97133878886
86301.10305567239
69810.61465580706
73143.94062749016
77345.05713735135
80642.57897059257
71654.02296311973
60664.789626108424
76477.84031817204
72311.59703185852
89226.2379523813
75745.10628431715
76406.13614891258
79424.9333408559
76236.19405442437
72859.36235137316
81257.09075882165
82406.66836903393
83630.7938868494
61423.51354441148
86801.21771458499
82626.47550866699
76277.38363718345
89821.232499687
83258.01860570491
90598.27514890875
90178.8049106989
94678.70413905125
70662.13674709575
78402.58196590806
82434.08500677392
93771.61097366537
87190.0508247342
76588.20696680265
74486.93790859757
88340.17183312948
81865.26715435805
77825.35204794121
83551.68487429684
78995.47150684666
80310.18208489656
68278.8032587714
87765.33303904024
91036.4238795429
91891.14424361107
88101.10280369678
81318.65915388253
77544.12979832831
88941.25760241911
73435.42629299412
76333.95719338664
84501.96238541824
64524.26003359047
73834.6499516761
69855.94688383117
87611.31611827768
89204.68002796543
85770.08451712344
78629.2373467021
68610.74438138035
82904.54713940821
95945.47297196227
73573.39552746495
