63893.53658256433
57689.85215782506
58288.32251964257
63503.37548825793
68928.76069887943
67535.09185835287
72534.60612153394
61589.92625938044
65862.21324977328
63583.3677026503
74034.55215928552
73555.3551435826
64862.56918997394
53044.485161560464
52086.939704728
68371.77157507969
50153.58034616325
66541.16189609199
63058.89371417935
58068.16249705504
64173.19128365089
60010.50858402114
65690.83044085647
55935.59602491823
66508.33313583906
68254.6512416137
52489.76802411948
47318.796949113836
67038.69534718391
64718.535059783986
64220.43374729248
59026.67702457553
63372.13903624645
51869.622643395094
59628.93584880729
64179.32272540865
66721.30853449099
55846.72754258104
64641.87661364733
45356.428276029525
66770.16139125636
58201.25612517984
61131.907442543205
61949.23229109784
59191.014178808
54981.62285034492
60704.837921399645
64609.38738501504
49574.38504205284
55610.56065594188
60566.230459560145
72008.29261563756
55699.749539611825
58346.41195551441
51944.25862259502
59240.30877427786
62147.022953595464
63352.10106815184
64420.30367017223
59028.954885814295
61869.815296062545
65639.29422235803
68900.65988474635
48084.652521533426
61279.72619123369
65560.11353121347
67154.74179550882
61746.11300637799
53218.637512441055
61190.25970130724
51539.822838426226
60610.36817909553
