107433.97930858957
101263.3596150147
111001.44647399639
114221.69591401405
129701.65047436235
89385.49400571553
102662.48022473083
131299.6221525683
105419.74159905897
124900.27750172588
110415.10387194759
105271.64771021971
108325.88760411426
113942.10110920899
125399.72000498869
109058.35405705181
113831.26973374875
127418.61108545613
142158.6903516991
119629.55309674566
119902.79356469921
140567.9981656882
125482.48707335141
97619.79382058074
96281.59187970671
145307.49031957064
115189.10016957865
130791.29012446264
128982.97606314595
125414.5491275096
136237.45823821018
113876.91819495485
108505.95117316619
122548.49312680897
119592.45843962992
134887.61538520528
115640.97185945066
111621.33677513328
121894.40174814919
124006.72588687578
112449.8809957607
123179.0446343206
104901.20063246653
126520.58557133545
120869.47892881627
96907.01127139402
117142.47851034818
124896.33825482163
98776.68108389797
106176.66426813109
140431.1387823725
134577.55888440285
131607.36041936543
126496.46147864976
101976.59844342321
103641.02675906486
141066.9053140672
112003.14195998339
125832.45751085704
117603.89072441902
115962.51570911755
108250.63628324216
106843.14856865059
110649.04162712494
125982.72243792635
117583.4077150088
125704.19061984598
107364.50945926203
117370.84635782594
115821.52645654253
125689.3576327886
121259.80389709637
