91900.5570691038
98627.12930311623
113451.08179066659
96557.6400205931
90838.03329799007
95970.78912489071
98510.53186985888
96121.81106835091
107378.42557912011
85311.6663803704
91698.77795217349
104633.89241924004
106056.40480464877
106553.60816101808
98854.37750085311
92340.20199662662
106317.10348009602
101688.23831583021
96568.2104356088
91902.97549472358
119486.56137711689
108481.33675920202
111999.26521003693
102829.55919606079
106696.9748681698
96855.77659724308
97690.22173909511
93570.63347703521
109621.23890280562
107274.44953703346
93601.93925083656
91583.13497637626
111352.64356039118
94466.44950797933
97258.17239496489
122598.45023543751
90152.67818429867
93445.73066625583
102349.12093346131
106949.9784158719
90581.50250191419
90358.0789542189
94505.03909477292
94157.24711691818
84764.32561454843
82160.87701916047
93002.91458920324
97844.26198701712
101106.36330427305
97070.03995297763
98389.86209315689
114357.02571658537
90570.26151342888
117640.07629199371
95810.94189353003
102530.39132705926
101187.34790586948
111656.31975775908
95673.40023604527
100003.42306898495
94203.220257331
114794.92004386891
115807.19245464368
103894.80631858563
102000.58417885072
108200.07111192109
112064.1019331376
86042.71037330027
89735.11624049315
103574.32082606004
117558.26023154023
102402.54497777403
