84939.2614736456
86767.97901754451
70927.16733056826
64184.24365450413
76923.87029463272
68733.42136980957
81108.4384960372
63553.84541625307
63870.04915260878
83483.74179365791
85417.63770572086
74013.19275722861
66665.3949656307
81848.2785080112
71652.74242380526
75088.84328666094
82470.66413016917
80911.6441824904
82794.87908126786
77507.65144748714
82686.66903969749
71287.40276562895
67914.60116092207
72654.20198248573
85041.27603602066
69947.95204512794
86056.38524953011
88652.10078975614
77869.15328708368
78893.98471851455
80064.54947809345
86701.2548972612
76569.99925156585
93705.82161939351
95260.66340234321
76288.93133930313
75464.26710092179
79800.81892788582
83516.4447146532
76038.8469731329
75733.0143177491
86086.76642045875
66138.9048656524
80323.36092053623
96026.8213519884
70135.43331302484
80417.04173979445
97731.80239032947
85600.08211451242
88559.71451704532
82241.64293444343
80353.08401294859
75496.01505459653
66645.8586526185
80879.1354332114
81426.3089740016
86953.42004015858
84435.80695187236
76735.6392965646
69134.1349252399
79750.36278194092
82079.10117620674
82193.8496902279
88090.79631600535
91692.27631749088
85170.17093614483
66631.53949070745
85940.74257661881
79298.53618813348
93491.73428511606
77140.35059818135
87112.11585651696
