64576.200333512505
64816.70087487585
57622.27211676995
73672.67217446122
66423.9385565541
69028.86315701266
67036.24113018955
68105.28063394781
69309.41077941026
79829.49291500215
74560.40777725397
74720.09333493488
77304.14061557129
69695.00572928233
75834.59272515857
60116.72798845608
66052.08303360389
69140.19656766635
72161.25149326088
83628.98139683619
68323.08846813165
77535.58495000715
66535.5707297136
84937.93377512589
76018.85670657583
63521.34256169287
54502.02944107599
72746.30627528662
79430.07297584436
75623.20656177812
74181.29396583662
73107.79897260816
76213.41622645728
79535.35093661628
62708.24747784928
62230.223223340035
68594.13644079326
86292.77501322681
74192.23655372966
70171.85722126257
65744.90765413208
66898.80669317525
77777.9371334379
75436.63126153211
72613.75400493544
75823.54439634227
64150.65119968833
73922.46457752441
74851.09640875974
72843.04207193681
63473.044834023116
86347.54382786744
77698.6377500241
68275.05633182489
76695.3354111007
68032.91793816852
77219.06810442767
67269.46861976452
66402.67584718097
65374.26411643382
74144.68213857556
69862.18003534511
69337.14224879653
60125.70493400548
66068.66951301506
76113.09383588599
79624.87256168736
72269.02654800758
61449.84099651775
56859.160170345145
69603.58368874516
64643.075048747014
