59807.4317842021
65737.68479074653
64889.79659997164
69942.00811897403
57498.61131648836
60674.87181479541
53913.374197120684
67614.34251852795
62097.03010196599
60030.1100717974
60851.90020757198
58089.4901384019
58820.83174011843
58278.09372130059
64469.96529767425
65235.42100873029
68013.37221865119
69661.33958385445
61871.28699628255
57108.197516056534
58794.713947564735
66769.37287346637
53560.02266833346
59970.04653817337
55869.70220349587
57530.220707679786
64435.43457539134
60111.895300105076
60880.96247293396
51845.10217301545
66224.92498662263
60924.68944204821
59519.70357789211
59462.70858004165
55520.308957406196
64171.21381320911
60737.63699759605
63824.53146417519
48978.092226881854
72847.53141460914
62925.414429649725
67326.3420852425
57522.84598146831
57864.44384963522
61946.65917465662
62966.434392417694
65906.76248160617
70285.7235158171
58578.239247116886
64982.50200577817
60679.00350242858
57626.9279900606
63638.29884913396
60895.39803549814
64829.91132981991
64620.24383003256
59587.42303437318
63820.209545802645
61149.076333792924
55468.11322810193
52861.9343202891
61162.678286183094
68064.67409385902
53443.09557891556
51511.64015724813
57771.672366420324
59719.55084158946
59352.2505757027
60942.61483623987
52885.45151754624
62970.26195044343
65310.55445292044
