128436.4401515612
92659.74152665069
111041.79254087033
138770.24046237205
87928.41460433048
132621.46513979574
124966.92697644379
115265.98441232937
124796.42885824242
100591.42041053696
104808.49914275
124018.58444230509
134567.6491950109
117457.48784696433
105009.52547177726
93448.35705636478
131686.34397657722
112110.55791170242
117950.46133413141
129102.42694855778
107706.41873623125
125555.3616616697
126018.38582045647
102561.93127677389
129700.03203242841
99858.24707811093
124440.42314508608
131142.21013961747
102043.65201721221
133271.11706574145
120152.79003255283
105411.31061522766
115064.91017618043
128056.30062427014
112135.89410574122
126540.31195291353
121711.04603132523
127352.69778088639
107487.29782881611
121884.43678166886
114218.53640218341
110632.9770183921
139348.85610708088
108100.4447221334
128379.88978636265
126019.891094224
124411.07999916139
124643.82515022522
122268.16549780515
128738.7709062701
136706.34694008413
113762.1672649621
104390.00003062391
102014.89351554307
135867.56908760488
114428.48140130978
136575.4733971569
130891.58007657154
107379.96979394654
113880.50648238044
108456.63388928158
114962.14835009993
130376.82359446361
111514.49145996144
125449.86916368216
131803.56700813043
117460.23785562562
132063.20976384403
127397.3576380916
127676.3438890081
105353.19612179344
116539.06046768579
