119737.59885797145
121094.6657751526
131887.4736374633
119586.19513572445
124809.9118684329
123861.95317681946
108262.84857873857
125658.33852511163
106781.20247603237
122164.63478967157
121085.2483914406
111003.81877554095
107260.1510294241
117542.0513058392
124728.85476950761
134899.81547891398
141065.09361670804
91374.47910276953
141026.38452690028
115683.75640669138
115881.96364933322
148939.09561207445
120505.87924010657
145541.31754793954
126477.356332442
120459.92441211447
107722.79416167499
116641.34480353889
112776.56594116485
127904.4192838158
101619.19413282732
100140.57590614328
121443.45072135857
125627.14055210561
111174.42666209863
122146.52321457268
135221.81455311042
119270.06071149244
127917.51456879106
113971.74557661611
114629.40832992963
122020.9981611407
113993.45347657985
115771.08521695332
146016.03216143543
126741.97838638535
122084.22189609737
132153.19516420204
121203.40528886793
133359.42935106566
121463.2338795124
113933.13308537345
119225.24925766174
123782.43335150942
128061.57464042873
117650.89784047024
119059.11738267429
107176.11428973527
131635.25788542756
116649.00811075221
110998.43499499056
129531.16377720909
112898.03058207866
135317.47428616803
141576.38902976204
100902.50160705166
93399.6034964842
136518.1526064989
115279.7651133613
98780.12392139559
119840.38137797776
113759.38645359503
