66292.69112910946
72568.97055415691
83431.38717892338
66808.91147987936
67587.95360300268
81156.1206497959
68848.26973510289
68912.19050902584
78986.24071659737
82192.98159736687
63803.55710172054
64288.54019210992
64898.2494738305
55974.67263062198
64055.90823892902
68598.59857052717
65038.100272094875
73730.78385097417
77932.72766815333
71856.60490731876
57378.01987703145
71801.9510282844
75188.66609891324
76309.50092084131
78540.19589971703
69618.96437829695
57068.80497266197
65430.254663778986
69181.72086675475
67630.4989034191
68832.46750831087
81430.63108074164
73338.02786922913
64789.27897152722
71111.46988091833
69631.41904988982
66980.5543372814
72376.16806024425
73405.32509185829
76185.92865209545
59169.9989610636
77956.96899577197
73740.18689197686
79884.66151098504
69667.36257689164
63896.88162125234
71581.28432998719
72042.58866685067
73014.0368314068
64278.11125448973
69220.64217106905
75217.74964663226
76097.79985157716
67591.91739930066
74847.2339182778
72700.5402726191
63721.58005841852
62297.17098551369
73505.50034851865
70714.5608384509
73440.16389937821
60577.336049393314
63736.144561228764
72414.35066405532
69423.61912326863
73512.66475839856
77573.5034804089
72240.25888784749
69529.34996318827
69104.14549038006
67340.08357551425
67640.53711670799
