101125.20638120153
96423.26900241498
95844.68147172795
98809.31286533643
119387.17511324662
79276.17406286507
105100.04099511319
84169.71397509139
90848.56849428106
102874.49842831568
110594.33465242914
82362.29989165306
113567.27125268478
123606.21309091893
101107.45454074703
107046.8575808845
97338.55303800966
93963.20659995943
95121.92517149627
99757.54986657319
99365.65365729356
105701.4682960963
98323.83709256683
91450.33509137221
95345.44009233211
104002.22385390496
93581.23246140585
93749.19093571327
107938.00392892252
99338.57074411187
101872.74158001403
90759.4142629684
114419.33571162303
91799.03656954602
106716.15834540241
98113.3235100583
110181.01492134493
98733.50413054683
97047.75791078455
112327.05353239847
99208.77996576508
104165.34534573372
104062.10558332194
89155.13517719593
102511.19526725383
107147.8648972128
103774.77600684963
95005.76904430681
113605.62394600586
98883.19507168014
98315.59609946328
101889.27216665329
97295.45542737306
107710.8667664843
111186.39565219516
102291.41273006971
83246.38567467754
103893.93667241163
105169.1678880488
96658.95034913138
95782.76368043707
113898.2340632311
87138.69218999128
92360.26312969202
109984.0331260503
96050.95455242366
105641.07439565184
77742.42314828647
97847.87168467739
91509.23220934343
73050.3847690066
107006.91805065346
