52620.28336892838
61945.594059471725
59404.133609482524
58724.27625900411
50588.34334737492
65260.78968089045
58874.18346370415
60994.23910561013
52623.92440265805
49353.642343852145
44128.75225463391
65372.78158181284
64574.94070202155
52936.683070697014
61726.41947209967
56761.43447794046
49083.222861753624
69654.57281288365
64368.666505334004
57310.80402219727
50392.84042538687
58972.22072217287
64464.84422881363
60283.44975866298
62834.13859085059
58935.97531872917
56648.95293139538
52880.31434545314
60296.37756369767
65514.75306920992
66251.59569102144
55485.16085200723
65210.7994112857
57229.11367261932
66307.75787213336
63290.678067749264
47477.5423380936
56934.19977765996
58520.59889334242
60337.954482043584
54987.84698647486
62810.93047269505
60566.771331858174
61633.87082401928
65075.883253807755
61008.29880768965
72266.51620772165
63283.146529999554
52903.773412570685
68296.23929519646
44319.225747807635
49639.196697963926
72725.95359060653
56473.63213900169
56670.092572402085
59509.198811638
57687.528542138614
69751.35914565611
63399.323183760185
61342.19438272002
62036.611354218454
65042.83836226616
50444.38658270243
55926.37014956936
56643.514619627145
53056.794116112476
60909.38656253353
56840.98629097752
61130.73094836949
57861.299968075524
66784.51555015118
66105.78041118715
