120727.12467471609
126437.12128066662
108813.10169044595
107749.98155774723
132379.06175591322
127657.42963465475
96760.32480295427
123239.92885423594
103772.53096336493
116814.97203065743
104792.4939632817
105627.8423799308
142531.1927002123
135196.97666067613
97634.17354709702
119779.4220355575
114115.90890877509
98071.52197810728
111146.8399723806
114251.43322028579
112109.95128757691
125494.43117979309
124683.56798751277
116150.67342876355
120591.6253665052
96206.73643830675
120663.02969783016
111974.70229738938
114039.83021775943
111959.51722011968
124110.86944143126
128875.44000520966
106862.466046751
114089.75234735281
128062.72052429247
100267.31050896193
119492.7315317786
126081.47218576583
125434.4890244411
115305.5807999514
134650.2787709332
141500.40396091016
104150.46914789904
120314.67932362478
112246.91246856816
104825.58477812234
126974.79370873907
115134.92697597903
116115.0128710521
100067.68181549465
120455.64348393693
140833.39946375525
110380.6746748638
109521.27179571723
105773.2895005431
124988.01373702673
94084.79537996673
120681.71169196413
110845.211612333
127587.71919375606
124862.61500757682
134223.99586786525
143238.01397890932
104175.9792827733
122827.1438485669
120399.63665934117
120891.20685009383
125237.6129801289
116184.44286715925
109129.53879210116
137670.3585016822
139495.609513945
