158258
158300
158245
158334
158348
158266
158174
158364
158328
158259
158394
158461
190028
189793
189956
189966
189946
189910
190031
189945
189866
189932
190010
189945
189867
190123
190031
190021
189788
189931
189861
189927
189898
189811
190113
189849
158393
158435
158281
158222
158326
158498
158291
158254
158444
158358
158395
158276
189876
189937
189843
190093
189918
190167
189888
190042
190025
189935
189940
189851
182017
182169
182051
182062
182145
182037
182021
181922
182045
182185
182087
182044
