220025
219875
219767
219963
219895
219938
220044
220028
219831
220060
219920
220043
264285
263711
263590
263545
263622
263914
263949
263621
264049
263648
263544
263763
263676
263715
264102
264117
263568
263535
263830
264128
263642
263861
263890
263886
219888
219764
219940
219667
219955
219835
219832
219703
220149
219976
219720
219949
263580
263839
263863
263761
263670
263852
263706
263996
264064
263558
263796
263851
252771
253002
252933
252590
252696
253078
252930
252938
252845
252803
252712
252915
