136568
136476
136358
136314
136526
136439
136617
136580
136407
136422
136635
136409
163420
163903
163537
163961
163800
163792
163771
163828
163773
163598
163827
163774
163842
163910
163806
163782
163800
163906
163997
163755
163830
163844
163750
163802
136647
136448
136425
136540
136445
136635
136547
136588
136363
136617
136556
136461
163678
163714
163853
163762
163847
163882
163595
163699
163809
163866
163898
163961
156978
157137
157021
157102
157049
156945
156896
156972
156801
156807
157110
157127
