115918
115950
115916
116037
115952
115926
115759
115985
115817
115952
115958
115898
139001
139125
139198
139170
138922
139104
138934
139167
139036
139055
138935
138920
138930
138982
139122
139120
139260
139158
138908
138922
139114
138968
138992
138981
115958
115986
115857
115810
116042
115776
116056
116049
115750
116074
115961
115893
139039
138820
138973
139075
138974
139120
138972
138863
139125
139167
139052
139012
133360
133280
133238
133268
133523
133361
133314
133191
133339
133527
133477
133189
