219950
219942
219713
220141
219708
219932
219715
219911
219714
219930
219825
219807
263576
263703
263860
263577
263787
263994
263634
263679
263458
263788
264026
263838
263884
263979
263891
263825
263584
263439
263559
263657
263838
263733
263791
263642
219645
220089
219805
219928
219750
220104
219768
219779
220122
219911
219758
220054
263770
263697
264067
263922
263787
263740
263835
264118
263573
263743
263829
263953
253180
253099
253009
252618
252677
252783
252913
252878
253225
252826
252878
252780
