158262
158395
158263
158478
158326
158274
158501
158436
158304
158252
158442
158311
190051
189869
190108
190005
189852
189835
189921
189789
189861
189892
189981
190039
189939
190059
189983
189816
189892
189804
189929
189888
190057
189936
189802
190081
158493
158326
158246
158184
158416
158225
158237
158436
158273
158278
158349
158254
189967
189811
189779
189931
189818
189937
189950
190139
189968
189975
190041
189921
181967
182009
181964
182093
182020
182139
182048
182093
181985
182188
182114
182060
