136639
136626
136731
136517
136634
136642
136604
136554
136564
136743
136557
136508
163825
163869
163833
163937
163810
163668
163954
163760
163584
163642
163795
163633
163899
163980
163783
163876
163754
163604
163716
163767
163843
163650
163658
163657
136358
136557
136438
136464
136607
136472
136419
136653
136462
136472
136530
136357
163703
163799
163684
163766
163581
163862
163804
163873
163985
163802
163826
163874
157025
157108
156889
156835
157095
156910
157103
156831
157051
156923
156902
157129
