116066
115982
115795
115882
115726
115949
115953
116122
116003
115899
115808
115825
139004
138980
139013
139066
139003
139102
139108
139141
139100
139008
139209
138890
139245
138747
139315
138883
139198
138847
139202
139217
139051
138949
139090
139058
116060
116085
115925
115874
116002
115731
116080
115992
115800
116147
115900
115821
139084
139055
138834
138942
138856
138908
139106
139112
138958
138900
138953
139033
133419
133320
133217
133217
133243
133450
133171
133436
133120
133255
133335
133385
