58583.12724502786
55145.37158722738
51276.18466342935
63601.65164831292
59195.61246323972
60531.91770766472
64068.1942479025
71943.7425242608
66295.31916877093
67881.73072283235
60119.25743366464
65190.33104454174
60847.898450876506
56564.71237411258
65573.38723493941
66548.52408124735
60413.66990538086
60137.654853112006
49895.86063163239
63125.61478465754
62903.01829220845
62323.680132261004
53202.17361110737
63687.44573760557
49520.24232055547
59874.8000209475
62645.187902943464
58695.55312021934
67601.33512737711
64344.28554951671
54726.67517130573
62301.32311538134
50514.02080494618
62649.08735146022
55147.30187724397
46468.264613952415
64437.31198840441
51535.72640649278
65076.02077006815
70569.65276460754
53358.8013136043
50063.66555077321
65065.75335937487
63779.70420104351
49353.091057698344
58369.33866720924
52937.6727458672
57263.90564644101
54095.34377000722
62969.1318254825
70225.33307443753
58791.48794745842
58473.90771742215
63308.65650800104
58583.55605955667
52472.51086095734
60960.79984585366
68687.08572767819
53761.78067228091
58427.43120659036
59654.14595795592
55214.77610182225
57250.04451537917
61406.17664361237
53303.39110193114
65279.90630018099
58100.6957538432
65312.95357892077
62724.4048561055
52618.801824194365
60180.52443271145
65921.57519690543
