116474.51009080703
101202.74407895278
103800.68127688025
111987.7678730554
96255.32451982463
94188.01138205722
102176.65609290011
105912.82371612605
92448.10435709778
108768.6300997941
99364.45458965164
81262.63159651429
96344.20824046199
88227.78534148536
99386.30885046156
107417.98032733443
88571.86646966731
96325.68141110538
106925.86403474031
101505.50621916448
87823.01760256574
100107.57025578107
85264.76746435567
93085.42313361401
117913.17560329144
86363.84031952877
117096.31611835833
106633.15594692162
105195.54779606938
92485.01459269067
90182.11045041992
102809.62114157695
107096.47428873199
78032.3724741112
88557.65698764009
122811.65641900407
100044.54165060453
91886.31817121185
93836.90746142677
99737.78114807907
104275.12216705341
101143.83052055119
103093.49516790596
101892.76920211338
111548.83105592277
103640.7470435607
108004.69287814706
102465.93872490924
107716.08945004088
93362.47554145686
103717.71318884575
88829.99726497245
96017.03942820709
121079.30261239134
109101.8471131129
101222.00344206278
99887.97598050669
111058.80385942126
106140.65003683689
80903.50554710029
102204.36484680284
104401.98081091027
88202.36056101709
102848.71987144845
110377.37906241101
87907.61487303482
109967.22077000572
108594.88630663174
99927.34221138379
94228.93787101822
93737.24076128703
101128.86413346889
