99239.14008438194
99323.43134521175
90677.46888245287
101540.11572966723
95488.59854165617
106137.09707582615
101692.7623440085
95755.31080368272
100700.27415351901
101918.60157389307
94045.52373108125
96577.00646556847
102377.99743806224
100200.87386230228
91523.82077450547
102226.00615959734
98293.27975374696
108950.66329814491
94817.60298275277
77810.64336012247
111774.91017113648
107852.57087037685
106874.0866521515
70816.12934940116
89141.51803469767
86813.50659076642
113431.13066757943
99979.98115817903
94036.23746203737
96662.81786745512
89958.03741215364
101864.89493944215
99036.39260059904
106058.01458815456
97226.35750800358
95842.77883322231
86927.7869002291
97360.46800966261
85348.37320943219
94374.52692056914
88528.88824472613
98493.55864619436
106266.56901181604
96993.82635818863
85279.37304303372
106131.02868820034
90092.5961443462
112175.68213666389
76258.4721280556
90908.15959517569
100758.6558572819
100798.23140808193
86179.80932534867
109690.14587499795
99473.25695025249
116965.32105708164
76042.68393781905
113035.21861760676
88242.66435187122
95267.54546406494
102020.14705221796
109801.14404249481
104600.65396399863
100420.3693130283
91913.6009213868
98734.1198984261
96041.52375046563
98378.2164812169
86467.87319756922
98405.00010377224
104392.11233064062
83125.03791334234
