31331.943336786517
30298.57708617438
31066.87475856288
29793.356813522638
30026.286109362965
28231.54694505938
33414.69165657617
27492.440261596552
32918.888112031316
28988.164583089256
33613.93773578523
28607.223129529957
25066.141563188256
30585.152541176445
26660.97609455682
33695.06372969707
32000.249242849884
32681.5782132392
27071.005040872456
35383.88926665346
30221.29628085518
32373.687749785993
24725.69547487307
30338.43408590279
38334.9160397523
28112.57597471539
26658.936832596017
36286.699345646564
28846.263200630696
25916.47863822697
29277.49802012928
29307.872913322382
29413.416551821087
32198.847836414574
27445.798564300658
34272.08070434214
31545.072686674255
31764.760235342317
33381.02535793908
36762.92840903785
29303.41538766681
39235.62823930802
30243.903037042164
31589.134899443434
30583.082348453547
30685.698409980112
32503.94976759959
26199.81674625442
29248.89271532429
33150.09626706636
36819.089627749236
30939.07685263085
31286.96843567563
28792.464736818347
31545.641740931038
29920.105984794194
30978.907619820155
29098.162899929233
27061.044217954626
31871.632848148853
28454.99506888663
31646.274298465927
26870.322437460876
28980.01176081788
33501.43966085194
30858.77090862259
29722.755348056788
29336.961019533734
30844.978278702492
30718.749396421452
21683.18906790255
32665.87785044102
