29384.827537146844
33904.433157991974
27364.294698264584
21583.708960110787
29001.96899683021
28232.40297848083
23778.376610047326
30808.324528189645
28729.429160070173
32362.04141880984
30206.06381108891
35886.86643593609
28651.123481878793
27367.60187764961
30293.104883978423
31955.187649269872
31517.61551656457
24043.245471747803
28227.476803282338
32482.35407286714
30289.366886413725
31168.007412765248
33266.798915294254
35628.894109970744
34279.36804762207
36380.998558209205
28180.1762624765
26788.822865225706
29927.617470556404
32452.74859009452
31324.928192234827
32229.528315660566
24801.294801062948
30583.553154967445
24434.451785820514
33356.13308891282
28043.032358728535
32559.292055607755
22985.98162114295
29712.311294780364
33168.58273240813
30111.35428145472
29718.1780661703
30911.135736113134
27879.373346444667
27694.023192509925
29492.481517125427
27532.304196585745
37283.59816749272
31280.383942175686
33189.658827933155
31086.85415305265
33299.761163151255
31856.914080556642
33262.53262271583
29870.17551172272
33586.0741003449
30288.847995601525
33277.489179093296
27943.90317701028
30453.637299797825
29323.833444080745
27542.54838882449
29720.34204180753
29440.85730862549
31159.044296610744
30481.35372263606
38086.57216168434
26441.73028943355
24175.62268919278
29348.1127309651
35720.52893681317
