137543.15023675418
126636.34318867925
119736.77301989599
118121.88366089186
107496.50778703239
115086.40901886654
125161.01359972273
119854.62915983457
117202.15465850537
127852.60210353667
121470.02116905764
117318.94326574668
118069.81607390581
114987.29125309079
127888.6789009158
129950.37598069302
152087.14124956203
117194.65607662986
131903.59028624336
130346.737345561
121841.94172940946
134535.5768662635
134429.66113438905
105611.73769713019
101175.46000171191
132291.93939258714
128150.47053749963
137703.0139302782
107876.93921600438
124251.52974207632
107562.16330774156
120885.31608651618
135514.73835457972
121738.45726752607
143231.5123241614
133292.32851326215
111736.25350469384
119913.94342629341
117820.26699295122
117097.48138157622
107333.82809160456
106998.3485437476
93596.67655633137
130200.43327057712
126560.79097826536
131187.2769293891
125650.60309280954
115822.33532503806
119965.38875927712
95542.35052489025
118946.28932935129
121127.94648736337
119297.45697951636
106977.44436112838
110982.55285304724
99986.12610972034
116250.3535314659
118106.50307845057
146688.74034322065
102458.27920702561
114766.4085622757
105156.08408172581
120214.16997611112
132315.9899390882
123502.26912791289
110437.24076581273
119984.83754982686
125030.1640027123
134070.64207104337
131733.17662158862
121143.09837212873
121042.03437369621
