81099.61451065166
85343.28943633178
90490.13954365069
68462.4638990167
85029.73634511487
69333.09011679709
87259.09629116187
65023.79877515451
82484.55045718304
70205.44678348469
78927.24979909042
80490.85478932885
93141.03833950116
75775.15316502018
72970.45076361841
96441.55115993015
78387.09342825064
74751.35419067921
81646.07586364941
80841.53450991942
86876.05682402264
79977.8886578423
73547.52054136501
75702.47310248617
74508.30703352533
81236.4859177114
75651.78001093277
72964.7796982381
62903.29378533141
81384.48005949259
86102.64638831255
83901.38071450203
72122.25345027023
81540.88600833977
64058.85849039154
88218.13473963841
76399.7263704205
81930.34816694763
83489.68257036665
92892.01338617681
73492.07097332517
68733.11766884764
84200.19771137481
61662.748167673984
84474.53028556201
82676.70449415866
78214.62013348225
83571.65857379443
78204.62496765061
66969.08997007574
69350.05810781858
74752.99720623448
77458.52854078727
90198.97157576318
91431.5536135676
73077.5975267553
68110.00222388929
62342.13594631161
83523.32143564206
77120.78863617736
69096.09908086996
81578.99077808567
70252.99456027125
73873.25578064415
83491.8310794223
73482.5503066109
90692.29888735921
75692.99621413085
89189.78665649927
72284.72835066872
66452.4056248683
75009.95981151948
