59811.34371298486
62834.74298423734
57107.690561898846
61739.77822058992
58699.02337140901
69183.64388823889
56735.58188879765
56560.59253771181
56928.26997635494
48437.81360058474
52100.2404320919
58252.121588942515
57275.105247475585
60622.50099422647
62122.364060138134
67403.46742655107
60506.70190398349
60363.629139221564
55429.258272724765
63063.59746179304
58325.080935431804
57567.79492638346
54603.34504081487
52523.71680333066
66037.18004498501
58862.48724421309
53450.0706628897
64651.731453964225
63897.2308401403
64134.45908476692
55851.54453849099
67301.87842239266
56541.21131158251
70184.10869496343
56000.140760546834
51175.24065988414
69173.64512260856
52814.28369220351
67922.05956428501
58829.93616145538
56599.48502867894
57648.093513268075
57892.87407571023
57650.7933636107
52926.66463782346
62418.35092074261
54062.216974507304
66693.32310604298
61852.630945807476
52982.83620353785
54326.796689365125
59184.77556350056
47017.29296921041
62489.76846575264
67900.48782841426
58508.83805271038
59612.596054564565
67921.50138888908
59884.253394240644
64945.83185231776
59696.889338903646
54603.98909038389
60624.138728978025
60064.63518512536
59071.775539552276
58738.845410126945
59503.98095281922
62498.93239370478
71644.21575250327
60816.328983283034
71799.42219853956
77300.77944547785
