157402.63004075145
137386.88751954757
117419.54664962002
130478.62368483552
111471.72288508876
114447.26587703155
121304.49474142489
113713.27695075727
119162.67802548374
117585.03050159838
110026.69270860929
130064.45997999475
119495.55812135535
109140.3693581502
118056.09534397062
123429.88592819864
137599.15318203214
117241.44363269841
109843.39362702302
102051.88075619105
109681.36581196485
124622.63791232793
128094.89270433104
116345.01566386849
127116.98992655965
114787.69025990163
111717.80265807662
120054.29533924113
133831.70985519353
123270.21646184061
126438.76053868426
123639.15089538354
131736.33556806174
137947.7438315462
104560.0674483986
120658.80504436814
100833.08770308662
117904.5673678858
113030.65875963322
140558.21146201578
137041.24055636738
94910.58307603876
116379.87492255305
115758.7786017239
119055.66422751117
144048.84864498448
128253.02146265723
123375.32837937915
102033.29209629308
132323.2567578369
110790.21715927248
108603.32972207152
116362.96162081277
101933.50401497702
119539.89674957935
116444.29779375861
124199.02273721564
133094.94421504653
121285.6509750205
115828.36033388558
121663.84524357761
120168.74898704581
114455.19005597835
135481.66377314748
140929.42958808865
130765.67120398111
114609.79984190759
122506.39695344883
138785.95754585392
113900.32498028908
147847.92510991005
118633.55381513834
