29298.62727401233
28321.692415856054
32042.370146562836
24572.960333976214
33945.79284203344
30828.42695592176
30152.621230348992
26837.777142326624
32678.617092334378
34318.39270598166
26286.559418942594
34080.30663568123
23791.43368590514
27657.534756174133
25982.461789220608
30504.018019309344
26058.591490578994
27506.68611425498
32674.758137142602
28366.35041893833
28345.673998933875
31828.391670063873
29731.208983422213
27992.20067712014
27940.716252153215
31887.73821336321
32202.627366114863
33794.64179427062
29421.427273099056
28038.450427925527
34875.956968317405
27613.70601536434
30807.60322219498
34986.420956886024
33238.0947479373
27896.30013343815
31692.836338589896
29922.599666975642
30754.793434962143
29566.623885164263
33541.6972127178
29695.290966776476
35090.49954011211
32158.25324321161
26888.260693977147
30255.53698562649
33238.07870655478
31975.359214022083
32934.44190320073
26340.08144731644
31823.00209975876
30836.96822060631
33426.30759281869
31371.479835852893
25315.35102118833
29435.45598583311
34843.02608989142
29566.24987570604
31562.727844631885
29180.95070684327
29608.804025749858
26464.661308545466
26455.624455258512
36255.146173629466
31552.645406824002
31559.897892524434
28996.146536021428
29127.97728772134
31826.811725226835
29302.446620950566
34224.033124387744
31546.749488815673
