29221.206913381528
32095.02969420138
31767.15766835998
25531.2738040814
27904.646969632675
26352.918020639936
26680.82628821717
29796.759821162283
27445.334912368733
28934.142768856324
33102.78904432639
28560.47171689123
36109.3206684418
27526.726810406
29407.71919361278
24688.653439302547
29822.650177000614
34727.546089094525
27374.61301087785
27536.06950461138
22370.21506811613
29667.095177485477
28692.738230538755
25007.73130881512
31309.786095743948
29296.177309641127
32539.12755527824
27645.126191648676
33635.21949102401
31603.436073752084
34270.406962672416
26274.734206039015
25901.934591913363
29075.622185691853
31285.099892248312
28986.86186626117
27043.138029969108
27288.345147989174
30355.378910469382
33913.107195453886
30299.51186653778
29382.62558674043
28068.81542220145
33361.25251728554
33426.34431695986
30926.911420598266
30661.540435644823
27618.012673032703
31059.98784418305
31833.28364234925
29627.176934339164
29622.89084466383
31415.273353865694
28774.73594873824
24167.538606857597
36215.972745280014
28363.05190235412
31862.15522467152
27887.274809674625
28062.207943369172
28379.45707303621
28619.269214324897
35391.933140035595
28696.49221732173
29190.60085175422
25932.9231125062
28563.4995660926
30346.21644271336
27943.45411545156
31678.865511361044
33253.14949887843
34242.6622047678
