73701.93393565888
74432.67842352146
75011.84279667759
80114.61160981575
72067.28963104224
77080.3622512608
81104.32541111756
75482.81649469791
65267.14759971043
90724.09029194055
81037.49214606083
83876.45093636416
80362.17570808221
77763.06056494234
87513.77670397345
94949.68283938896
86289.16965458002
72362.40703226607
72448.75617119666
78341.35384085315
70730.48698100509
81141.29456074869
93828.95986111776
81929.16185107695
75589.3358512813
77033.04506298671
90413.9860520944
91010.27539580582
79652.9544866551
69739.39723018478
88377.50506621282
94415.75583447932
69166.58176910112
81977.37656016504
87156.55273734541
75423.90988547781
73315.03532959048
93831.44268771751
71143.65494404642
77802.84836444052
76651.1760775015
77480.01434335354
76111.59646120416
68453.51957300602
79184.1887752418
88323.9737800633
77960.1357084257
95124.59364728036
76391.68753955772
67898.4942553292
89639.95103446109
78665.65674563019
71415.31097235062
70902.54023869446
89838.5200752574
90416.91908291208
87500.03644587817
81035.62060831598
64210.39300028561
80424.09776594379
84717.85288201737
76918.76047727503
76897.47714095806
74582.1284448883
79421.43667607104
82760.66644761486
69501.01777338008
74110.73664003867
86983.40085298511
86510.84924699798
73971.91757164527
77217.17959873204
