57678.78436626914
61004.13241588275
67867.45228140532
82651.14574683728
77782.69603446877
62515.1232308978
67727.4529472235
70147.3162193198
64739.19438443546
77749.34560551704
72522.84271658331
78570.86365744751
62348.1997547324
67449.60059412265
77002.27782348378
79123.4350345788
68246.33233844493
55951.88369847317
64709.09156760471
64586.66615744545
71438.70000192108
67235.0258229833
74594.70868974898
81621.59030616099
59854.73801632314
74085.73559208043
63952.92672623812
73810.51317040781
75634.83784878714
71251.341038503
75211.57429124683
72841.21269596728
64992.53325691122
74126.70746260164
60522.086933551465
68487.19738459046
67809.42317699332
59717.03821583676
76064.30368846227
71460.07144815537
77350.4891062088
57427.19175082041
68594.63442515032
64414.50182836741
67324.09288046687
74199.56652914241
66529.63049361027
59714.99467809051
62077.82270261886
67971.25361058598
73655.10095985916
69876.4289885515
77341.92507793453
63710.90292706307
57158.93305947247
81207.5100562444
60079.957045380324
69691.92974585429
67496.46993158064
62842.23357991891
69250.53463117882
69663.46490391827
66417.15997134871
84360.9230495226
79435.83548368723
75020.00743719388
71882.2371860813
86000.75619800147
87466.23880718372
72579.67422127938
81248.15371625962
74567.41677232108
