106953.68813467982
114413.94854129026
105463.4017141476
92262.13687724607
91226.60690755714
99720.3305667575
113466.78286045855
89538.71149469286
102876.09949485051
97466.26414343016
105612.17576893361
105574.55231999849
105413.33535593333
103386.57325047764
105757.18420661826
86448.12461116823
113261.4262791267
91558.30324868656
98466.95778605093
101575.85694127562
96952.51472112683
100921.6385479494
99958.19248562095
115479.41507831616
101510.06908952094
89703.78692869225
99970.30998282133
93074.05734079439
87159.02333194533
120143.3708426706
98461.22094987212
96873.38950622853
107002.69720880578
107375.82564970638
83753.1964260954
83705.13879091885
101701.15173702242
100532.90558442219
100321.99786920605
108970.8900360027
110850.39072426544
106742.56876360744
86003.930351429
97863.79168513986
93556.75949013574
111073.65780180745
81107.10842817357
106419.3590957997
98638.0559733415
95215.5203484697
86314.21949619584
88407.10565202704
93091.0547632167
106543.555961564
99865.35427181324
95349.11240105804
98950.54314005021
86992.08776445161
90481.16746601595
88610.02645408358
110511.7690579684
104205.98180970564
95705.9400859674
110584.34602596918
96838.19470336326
108075.89532296693
95520.50204333999
94300.37072282081
102657.26665713177
98135.2091840713
103478.68712934674
115870.28133524992
