121961.4389757478
113635.88339391885
103162.32765092472
105511.79671806008
103503.78465254874
133304.8011586538
100316.8075311254
78433.3910655564
128645.62494492345
128868.7200416501
110922.01400003883
115079.86177250883
122525.2983817023
134033.82360248346
133739.4350617774
115693.78892289568
116359.64060177378
105101.56065011724
113899.25483380843
125118.35074889404
113887.46585351082
121355.44590849763
118984.79712193187
109759.69149417973
109276.9584531078
133961.77163981943
99677.75929955782
129111.63916627159
120127.25871629677
127872.92760703823
130369.1188310651
109711.42067832501
101308.33453515315
119145.4831048824
115910.01710963565
127864.84369387673
132113.60740474335
125561.54330881676
106314.13870189733
110489.47103101698
116179.3781314905
102278.71208341068
130770.51570731137
104361.1274057748
118817.54918134214
141786.62099956194
117251.92831469911
104696.59876489786
112849.91656430053
122218.52765361649
132062.4463582268
124454.37820994348
121399.76860643303
108542.25341367805
115977.93308445309
100181.46126905028
108652.77729560931
101362.23786428031
113306.4076146229
127082.69622736558
105294.99039706022
116298.58022015089
110352.08787149732
123814.04345465264
103703.20419616603
111347.56562296474
146976.97680201373
121936.91768133633
122920.16053201591
125781.44549836141
111113.9687209046
126073.34615259344
