69320.76587236894
56416.22962165768
72884.6830747347
65419.54877468946
70997.03801132122
71252.97290844352
82775.6056007776
79778.57201583941
74013.6963382307
76820.257665516
60261.279837653725
63725.98125691751
73813.80531375493
74917.34561410778
81333.35448655486
60430.383190830005
71466.67147893301
62488.10120767544
81538.06504684668
62035.033819014025
71747.19213812062
65260.34886300673
69329.71770751162
81415.05163664873
66645.58113210261
77288.65368154117
68872.87824371445
69386.46243157744
61320.74440249978
69898.20420358433
79109.54651058231
88509.11346624032
74135.14146819845
79928.24009664013
78990.21612803734
69790.80292228925
71086.92250559281
63475.61727705338
64879.965395379055
72631.56896938516
71276.95354187327
74599.16595691885
77982.20368556587
73208.13960137937
65238.58146112932
79086.04394749647
72218.7294692993
77643.80578592996
67845.34242408714
68646.55480905113
62976.51309192815
71423.34752574058
66476.58587074
70506.251683275
72401.42697200392
75388.33875319819
67806.35800152189
58008.20966257328
76412.72512330739
63102.5490236965
66301.71633330199
84866.00777666907
74119.51254551308
70281.11304948086
71029.47924098375
70675.40335466932
73304.31491892974
71485.86257334017
82576.01186535598
77011.58915903777
70601.52864593109
73073.74858973242
