61374.261824398214
55449.43210331356
66955.88331959861
60634.73768642059
50189.52284452191
63618.099469012
64795.44141563588
55623.734631977044
59630.82393488896
57076.19944348346
61932.568955373776
64458.134743626804
63433.20669432141
62653.10671539994
51386.69723373014
62331.09186763502
63684.671868947364
55231.37541824387
58541.302526557774
62061.2642640987
55520.38840664096
63255.61351244069
69342.20807043512
66374.35050898022
56910.97266514057
65765.82735889728
51024.2574442129
54572.36952371931
61960.30143455602
58072.624308952385
73504.74981523959
58107.072695455376
58678.30430465048
58338.253300692195
73956.76048586261
54503.91705742006
68845.33126846627
49163.339690557215
69934.87857972618
57356.88660352084
57805.29691659973
65471.459006750076
64887.027290850114
60843.02942652554
69862.38803625498
55507.47467018619
59377.76785229218
72761.01799998936
67182.510609072
60553.33521085966
67012.84309887329
51170.015923992796
53550.84023681685
63780.44391819872
64112.47350054134
61094.95023028876
65583.54665593016
54616.3366411381
58694.92150171521
66233.46082433908
57577.55178165995
62214.240476095045
64436.848706731136
63138.45280060563
62862.454306769905
60646.098477234176
41736.54850475984
68106.42653516511
66917.38630502674
48899.417789465224
59087.95725036495
58256.762040827474
