138911.74409748
119282.00630355056
133828.75718042723
120680.7502626426
126820.18168053274
119845.89391672364
124244.36179885334
140690.08772813668
118719.27366838277
93561.73415778308
129040.97661777899
111402.17148235012
107810.48879474861
135915.84966294956
120537.69933531739
135427.54286605996
113716.15579361668
105415.19838223005
107820.02079719082
113164.3975619791
122489.37432533898
118740.90123780584
106763.22742706489
157949.8982864438
129623.98153901931
109677.5312137592
97264.013126416
101935.79922032969
116574.81347797651
113747.99146424448
113721.05479507809
133407.29832698646
124388.47749850071
128223.63781507606
136299.1886521488
127121.17466540515
134530.02359969856
115814.35432862157
127776.49394632895
124224.501813279
128878.63044422367
123990.90870391415
100753.13202081414
130262.45911906677
122566.72352382693
102978.33514615682
107125.95062388085
107537.74318958995
115097.6422919773
106755.4356196651
107566.42523841666
113293.6548015938
126961.64902713231
111788.67067280314
118196.890699321
104293.349892584
125250.18056546878
121037.7193642998
114516.65129275483
127342.84919074604
114151.14504237416
108723.96462233631
120858.5346165753
134557.1248377183
104917.38417381403
98444.01944693415
125007.65491337178
107349.01675750125
138151.40429350792
103798.14307185051
142550.03540821665
105655.88501831208
