90933.66079380349
117618.52837811397
96265.79917289861
99738.41150687655
101069.7475967872
85487.512518218
89506.21000491863
96796.10536719732
90570.26285548157
97989.44025786417
104045.22467719961
103286.5845837309
101237.73088049401
105248.31681747215
89886.78062382212
98083.88694403428
94142.4379247747
102164.30128695416
111094.68307690919
98065.20758317818
90363.22378559332
97306.29273054787
104350.99257825944
95746.25075258304
97007.82812399697
84652.35050787701
100964.45660178663
109973.72253378703
107109.5854479595
90700.4962834307
92531.87218480978
88895.13067191868
109429.64991816581
99288.86952164267
103193.17393396804
91936.50586268734
65806.44674588148
91519.46052682419
117753.46975799774
97139.2418429831
93941.13387672776
75511.05480178348
98423.35261943868
120787.70847459864
90383.90239577828
114774.24239250283
98954.35295587336
92824.63158301523
95431.95964370536
100874.23388978596
106606.49896252884
79898.55998866567
85710.52418020848
114779.65567740929
119101.05115017113
108514.85531845513
107723.051274022
96116.1836385403
91001.42511570988
70740.14508531598
116259.61483076464
111874.84104196419
94996.3224930528
99007.99666421713
106033.3752372586
105475.12384144204
96577.78054932684
102994.99581711476
99305.84889201357
98274.25205199966
102778.03264341602
84592.99147168425
