59046.74732434406
53886.48612125399
56656.02732199707
61475.2012796199
57834.53267807175
58119.94524222503
64250.33975052026
56366.09775361932
60403.65143166631
51323.0291157321
64274.41590486788
60046.104100778924
55423.42997315688
54047.02979465596
57044.48124212739
55937.933711128164
63042.65349151863
68150.94600817213
54416.548932534264
59153.615012467184
49996.76434765546
59887.26901196058
56851.96762289567
66750.28981330726
54322.425586615675
49372.82923484117
62928.054451305754
64262.60044180807
59011.58447110602
67756.66486489924
62467.46278939168
65812.97798049862
60967.04689948496
56699.085233245474
73891.18861595803
71767.87105796125
67350.16015386998
60450.36766851986
58396.00718208661
64921.86245789782
55414.95335374203
57615.74885478937
58799.13567715999
57775.36742003886
62547.26028220711
62355.06724718835
61764.02572631566
68573.1314577247
56497.631364108805
52380.55071584491
59719.65455782117
73004.43553456395
67109.53944989972
62192.243729234404
67554.38854953741
67311.90415305094
58454.42108359978
67670.85259105603
57916.78156644753
59045.15893994861
69118.87659684921
68782.1093749515
68174.49728125661
60411.430307242386
72055.87185793163
63103.72933587673
63900.60632212946
49059.88062996873
57496.43234095481
62220.59655810511
62615.58147669643
59716.08037270112
