92758.93685212728
62938.33533529991
69641.01849313277
85175.109581349
71138.63196920486
79800.75333061919
76796.63911763809
86925.19946969615
92571.99492638612
78888.83495552193
76328.61596072804
92620.40260047276
77082.73560271051
72120.92860939118
91249.74081898843
83570.05570562632
72094.65909312491
90702.219857193
87564.98143254635
88153.67204139178
93414.61935371379
86197.93409901975
85131.81460758737
67251.20082722347
87552.50294964467
83031.23316252725
71646.87541803117
86814.93800789083
79414.85079216349
83663.46250267437
75738.24691031832
88287.45992853845
79946.41589835547
81955.17269883584
86157.62339675051
97746.67944227383
84087.31912789705
88259.49713207694
72869.30898856468
75614.34708747714
79184.45492140064
79488.30819177777
78680.14995393998
72260.69115700503
81924.45333202918
78382.6752780593
77718.0902950078
73011.22772917444
70787.15905450744
78004.68659885568
82764.19313329237
72575.97951421286
94090.9405355003
67474.76408286233
79039.16371839284
82478.7336410131
74482.36770067507
88596.44424487941
80808.58166993644
86088.2338968343
61567.09609502933
77599.2875413264
78673.1972374318
77315.45931540875
77305.98468263504
97950.76963161453
69271.45807164662
64516.53451551654
84477.39728054598
89486.82361127711
75350.29337937463
93339.2318114172
