101204.60447391773
86645.13864919358
100517.43849054977
116501.99597990833
92430.68297023211
99508.03556504102
90770.12318605528
80411.01543489589
108510.49521967828
105423.2895287027
97957.52333081959
109731.2405696517
88473.943007768
101963.57341418118
93441.87640509172
95414.93184585452
98774.23017107972
102878.91841187282
98194.75565136092
89438.24084470193
112204.07997975699
93059.74834885717
94950.40150948578
95680.74416825376
103673.68133138864
93322.43924651775
101525.44663534769
83824.15108962548
99687.57972994822
95776.26956916465
117162.0472489851
93796.79469468592
115894.46592165832
74202.10184230228
107492.85099307599
94072.07109735635
105485.21683881467
78375.43798226122
93092.18315087713
111462.17326697712
98038.24226694675
99256.43960739666
103732.83599349418
95459.77376323286
93470.91483488593
91950.37994840118
107126.79670036085
90856.80891997356
110746.72373314145
105912.99387305704
85111.86555635792
106294.39103384178
110938.9390916749
99178.89629478192
105170.66705291209
88036.20804370653
87777.52680723391
102403.18839353364
100021.86730459044
103890.99701628243
105005.3616433525
96086.97691797143
96173.47202750228
100851.57692520865
93832.50816933344
98352.73919901895
87827.87738678392
102812.40169929036
96806.93267819923
104978.99631358925
100217.46596947887
92780.4947477281
