31573.736187183786
21798.329413972137
33522.08193804665
31978.95600062481
27844.37343397246
30777.9290671162
34162.23757119871
30849.14437185561
33151.29137720955
27420.716102308652
27399.911585675996
29086.76637381177
28033.472542187403
33104.22241442512
30663.109367727753
31388.68613943157
25072.447413642367
24060.65433430976
30183.000274557544
29946.505594345505
29711.06554122575
33995.40106256013
32099.690809022795
30699.054314160832
32061.72930028052
32263.67101328264
25586.087124110243
30480.544204678787
32835.30522964875
32115.04000387425
30910.709999112594
29892.77062431975
29483.186215728434
26821.675649578196
27516.556464691257
27468.066789323013
34140.851447652625
32003.18122251237
33301.75384766516
26974.02488790222
26914.751643421216
29926.017258571726
30127.81705297451
28453.84339869804
28095.397456841216
27812.207939316766
33026.93243151826
26059.598777600168
28123.06237703499
31469.107074995463
29539.070993478043
32073.530767506505
33897.597056583414
25474.18137298528
30474.833152496176
32315.187092442084
30314.216773054344
37715.14988534376
30696.476273080356
30087.488349547337
27914.92366101433
31694.118671391414
24257.554874341848
30899.0888171782
33237.825582732265
29297.65842697107
29197.947969748842
31318.682854560124
28013.42532952521
27637.041206096677
35577.77073571163
30778.223428253965
