130445.9090431353
136308.6269230468
114024.06946496958
127447.35705187357
133266.15162860576
94753.44186270138
102925.20843662843
126896.45859167002
127106.85320766368
106908.58403597596
113775.9180114705
133633.80917192617
131659.40689625338
132980.070415671
114348.79835163828
111687.40048840798
133312.7277163494
121589.65910890004
114127.47189048957
122717.03626660662
122359.57571383096
107627.21387926457
130991.54040827906
122107.10985192681
122838.78136958428
132582.70896814988
105366.20632629996
121309.92898343803
129612.96815747551
108255.1621361008
111456.88277793051
93077.85311947642
117812.59271638579
139642.90882343048
121785.77741927255
131369.907046767
131760.68803541275
129890.61383594676
113720.81036337138
106525.99625522258
146034.16410499276
103131.73340052842
140050.52157662192
102213.74784082806
127717.06475579186
132629.05526175848
134556.64537028119
125607.46747716094
115581.42411816756
119876.14623883361
111600.97774761116
107922.37744563202
132412.92322732645
111747.24696187524
134878.86496086573
130128.51855569959
113915.55338872944
118549.27297881653
118233.95001836192
109290.3999857159
133070.7533668273
130353.73338234825
107817.56853326906
107156.1512143277
146473.5149923875
108729.20733133378
126054.91030567898
138157.9105985901
105062.5664818519
135483.07379445838
101149.48494563086
149041.53618056927
