74858.29738442971
67111.84335135779
60179.99992568221
70219.5520543252
67936.57057359208
66709.0420543326
64185.159291103344
49255.08648285088
57524.279404827845
54747.83644909327
37652.57121973224
66399.02322840907
60719.18377746596
59413.94540787345
52845.657768848396
66102.66650598371
61282.1338117912
59874.28462177044
63843.8921090046
61387.69693918572
49546.73070683667
51408.237353453915
49631.49465043655
50105.63564445395
66023.28929881832
54853.883713339674
62139.82608145557
60808.781062731854
48931.68936397936
57433.32035399947
62583.004838296605
51221.61460660989
58339.60651860061
57536.48413691412
55928.37239957505
71494.7793120754
69125.93470931854
69679.93139851594
62007.201859947505
50855.80199800535
71854.1210984993
67588.66827557066
65421.427470890005
49859.014738157246
60246.031212255155
52422.85648241223
65697.45956947967
50530.325464380745
61781.16472968202
65934.21520659562
55653.820452413835
59364.64289860522
60365.070708827545
62392.9270222984
45400.72771011815
51212.88540238251
60880.1152230856
64093.00144930375
64712.625125510196
60878.8182291054
61766.1148044595
64727.6289144736
58044.83203808763
61158.14628761916
46298.01692907581
56688.182557385444
64382.298157209116
65455.82564560951
66042.12177435168
45759.885328261065
64458.326373702905
60606.54936603617
