32334.65941742752
28444.47000813635
28142.94722298469
27936.696443619374
27254.199729014053
30161.040066494912
27150.543627848612
31417.88375482879
33750.86902919716
26593.444569607374
30422.783755678916
28618.08068255538
29151.992184007584
33002.517014273806
30199.828244679826
28935.8619141
30560.858689462646
29431.31207790559
29791.07667879611
30100.98595863666
31676.261257639297
34328.89537323054
32668.330093782693
32255.368432792628
32306.419989904665
32072.248156863032
28735.961944953626
35269.163884171096
31687.72247100451
27803.39295993175
26317.74951780158
25163.94869480357
33152.94049011886
29192.603382458063
34331.0736209525
26028.413452818255
27364.902994801552
27327.250772544317
28329.084137981477
31282.95531992667
31196.786946606273
29219.13415541121
30776.40315000432
27343.23138211402
29727.65205537704
30504.383151374797
31293.264229593697
33868.98493702744
27738.850687344933
27031.270977747812
31401.89339028943
31462.32416170132
31757.279283579883
33636.76322078099
27018.885709146027
29048.784445480484
26908.75788826162
25774.44009367819
31082.829754079954
25351.52249679731
32360.33607779561
26624.915297012103
32606.204864158582
32993.17012025479
30747.95982911037
32331.764741317227
23381.85483092753
29203.177226694996
27832.45379941761
26440.28829478941
27611.714165266385
27801.65761675756
