106919.57889682641
114199.07554600194
120594.0866947262
117687.25582244045
136928.23536825934
118863.99561124238
146161.0317493386
122164.23171568791
121311.83723248537
119372.86236608596
137846.88593481272
121525.1591388081
103778.57046391231
108311.84090946804
110724.8844425358
104557.59203050486
104288.29548738115
112927.6774633871
139348.5191218207
108919.53863288242
121608.8302023542
115683.22812140854
129942.51441326576
118493.45594343805
128711.32677682175
129259.34752993268
122523.40838424163
123105.91835247485
107179.20035598757
125586.8250771188
103403.93749143723
125440.06491481044
131307.2924284979
111823.0568980933
118797.02965908335
133445.52009626973
113944.80359743115
113326.4689159526
97108.02610710064
104127.62492689387
132079.25527360366
116941.49378422386
99730.43982436809
117475.59912662035
130101.31501750284
114064.31725851567
131496.83831263083
126621.28551201615
119818.6037879307
97695.33003700933
114562.13598368314
147887.9354792483
135057.5395616048
89272.28495445405
119766.10412954907
106039.20656841667
128627.96796138783
128279.94618730737
116598.12553472398
113514.02570381812
126551.16291518843
137013.18773357436
138155.97409376447
103196.79629756339
125385.80410951228
99693.91783113526
117578.9272668481
135597.90984421884
120111.0419016885
113405.95682488018
126057.17571207258
125116.74333884958
