60832.167406873275
54271.11393373122
65821.03677404339
60824.26217139813
53384.45726185671
67577.05184126359
51871.2908222828
50455.585694765934
57375.84015434641
58036.19285450668
56004.90769814377
54484.725726948986
62835.23971954478
61019.604665383275
54238.12905709759
59237.01164508547
64049.44772247271
68202.05921703909
58343.46926227044
78731.46084948682
62727.49331653057
64537.04108926951
67796.64654997768
57003.057780356576
54549.101243137084
54900.53343614305
72051.59231611204
65494.34668503485
59918.85661034893
70681.43241511844
62851.20473253036
60581.634153296654
65271.08783075777
54984.421833154294
55383.39942948291
52989.00510635628
62183.95635692445
56374.89089866463
57394.041099028815
72788.00829996
64235.282690009524
55798.25215429968
60299.189921370235
65867.06878961327
67560.53831066993
56191.90399619582
63747.359575953364
52952.91967358713
52013.25500171257
53818.344062397
59346.6445783012
66456.78306930899
55784.308105457385
56872.57604545122
59121.05860945869
68318.39603261066
57559.684847580065
61223.44722609559
56675.82859852073
53848.1044876958
58442.37995626903
65258.8878100865
58466.57904581001
56560.157671305366
54901.00653102644
56295.24271239907
55199.740310442365
58982.82943193695
64062.916383984
60487.79119848639
61144.0431305072
62299.04066673664
