28278.53344220779
30748.682147512714
27257.11349840945
31729.011359153286
28167.303892720156
27669.45500798344
28397.84457384464
28693.652032158498
29086.06808220035
29587.58603907748
28240.197429644857
32404.970899901517
28347.89950018867
29927.932804818214
34195.1226336865
27886.4924984054
30634.213892364438
28840.377983842238
30396.194405720496
31519.731900624345
32049.010951289576
29420.563150540744
27888.68921737263
27849.392217193927
27033.349400325333
24827.578366360613
25538.938784707738
26829.532941871315
33267.077496077334
32786.430527243145
32983.8069673681
28052.170887026918
26525.937633059413
30615.46111139922
32934.3716995913
28054.362255238015
23260.148318293006
29457.73524365149
23903.222436085693
29294.475380590527
36802.90631818989
32140.095083278222
30352.202898142794
29519.39318275643
25753.894147324118
29520.01261146447
31421.14945992901
34985.14739338895
29497.13425379986
30026.95437035435
31446.784479239523
28984.188871853417
27526.725820090494
31612.208454694774
28999.738841093866
33673.57715145347
31800.581546458052
34668.750597622005
32458.609225850076
28819.172361756056
30641.246181346458
31331.11012883594
26396.306090997354
25142.134030623558
27925.735011949015
30612.246895448192
28366.41937203226
25831.561383572745
30070.269968256744
34821.73394495995
35880.91684452186
29277.50894568802
