100485.47076982088
87747.9661874938
104992.70203837212
101186.58965448453
85323.55982823623
107731.00380748342
108475.73073131178
105538.27976476602
105010.26516163255
110735.95900097195
95248.49422303126
91158.80021729678
104453.15221399692
88400.0930019313
88225.92895639411
93005.89617683183
106757.23805548924
96796.79051464549
104274.4150801047
129941.36069626987
80798.37144431462
104548.17571990489
102533.96161401978
105585.5672646712
107220.60672518125
107913.2236068191
104315.69441679247
93274.77365812875
114777.28554847662
96364.77138243485
122333.66556903213
90525.91074897783
112880.47535171965
87608.16620160367
94132.449114195
101965.00941268234
85907.44341003029
102863.04439873232
79818.49768592311
97181.50679397676
95573.94887523787
97018.70593441448
97497.75393165505
104091.48285076651
108276.30984000814
106289.40069541331
100583.83397276716
96571.91287339832
97578.95354432322
103002.46761730532
98172.81276498415
119808.84734529868
92860.64155202764
103648.96635851506
107934.9717972026
92044.07331970929
111605.98627187323
102769.09076957757
85847.4452220029
83026.03697251937
106648.6049817368
98924.74321413733
109159.42852785243
93769.235485524
89552.27276622342
116159.14874772077
80468.46949675611
111015.12183207108
87561.7286778803
79687.25213262689
74963.64131743787
121343.32167791684
