112243.79546245214
102825.50953556113
103623.3912791681
108885.19091549715
106214.26823898012
104118.41359296505
94526.86255832543
97349.16149304455
97137.39238211974
84012.65313207157
106684.84873895401
94658.11290819838
98919.89714725992
96640.15745314602
92286.13104236145
90114.3900846352
102261.02082097078
88030.86901905679
92356.69788102104
107851.75021848228
93880.56731939666
95147.08379478815
92530.62005582993
114278.26575348845
94364.83495776169
112431.56449756301
95977.39784528312
89784.3336100411
82196.71732864792
95452.43835698001
107933.06757445385
83170.22111623583
93646.78071599359
86778.0907825467
95149.37205836365
82168.80552454769
95465.69275223657
106162.57196070052
106547.1771837069
78813.48798877875
92350.82302606698
107594.28455711737
115442.85948358006
94043.18685489504
100401.60789006436
109833.9649012116
100562.84787065852
116788.05197463933
90337.75060529105
101040.7193495204
104344.3011890897
85246.92500646808
104803.52742271364
85051.615018497
114057.90972633933
114172.83399687259
104591.33758100827
105476.754566702
96797.70737204453
89841.00981791876
98477.24213022742
108080.19623267947
98449.93451155431
132267.01196955156
112344.97898002762
93474.43301413149
94411.94912599828
91335.70673183225
97852.49667916031
93548.77927883453
105240.83744224603
105954.90997256078
