25214.67454536753
29626.508850405382
28289.73295493668
27645.03036756929
28196.860996982086
28098.816322795425
29177.93823915214
29143.330870387083
31210.23983212189
29559.47120444165
28034.44694939307
24876.1958652207
28192.49063758118
28292.949080711966
31303.903418209906
32908.00436351714
29432.13082114088
24632.099122057247
24616.81631476407
28372.72829962731
29918.346721360496
29767.895984446055
24192.162319307514
29527.60446478224
33541.10314951147
30623.877038618488
31884.106831221976
32579.363076872476
27139.1637073214
30761.49598759894
32540.207112633576
36302.08824133595
30648.055389541183
27144.919582913357
29863.094603514066
25944.673553787794
29524.472826263263
32596.710816884468
32814.92677067539
30416.10715480509
33506.68768100928
30147.52688700148
31928.472627263833
29828.910628435435
31380.208148579393
28184.483670331825
34754.447932850424
30888.65893573196
32573.682730060256
30233.431964552834
29952.977452584415
29363.552671608602
26931.254188702143
23900.4431004815
29930.393470591407
30324.214022388078
27903.940823436802
31942.702904233272
27354.75496943286
30283.484723241512
28454.060614884667
27853.21282947961
30629.990598804994
33178.16659433013
28597.51361309313
30199.692872204476
29495.077279224955
33772.18149076679
27284.9775506711
29821.913713191025
29453.013806211653
33877.00502902703
