99332.05656597426
106518.0818851304
89935.8917417609
87828.85791193412
103423.09250004185
96718.53893358368
96300.0867649871
108602.46658417358
122196.35271104838
88598.15743265548
95186.37484571859
106001.32018177412
104690.74472213515
93427.03019878808
88938.91905126232
102635.53462722262
104672.32116369245
100323.61187014247
102157.43338670995
101786.25584804425
104539.38683522404
116342.26073772731
108992.45809199678
88338.34057013952
103036.57958914612
107616.7289533143
97090.72821646935
107465.63284558916
84980.46324668973
92276.56205060611
93639.62816883993
102485.09954741978
95538.14805207257
113286.16690531466
76329.91858563389
107530.74444417281
117312.86867564714
108240.57296980072
105042.26231175866
85045.06705581397
95054.66609882847
110847.9301510712
110061.71033404108
98357.3600797905
94089.37950913567
77728.58846540343
106933.14902204442
124495.54010506206
100950.82464659082
94637.66994979716
106913.36251508497
107289.65329859492
119737.52175122712
102679.59985774131
98543.87217635226
97247.0324296609
104863.56049593684
88299.2603413192
96543.66650329091
109102.76008770408
110196.3393961074
74923.29745415105
108657.27399851712
109182.62764337898
108229.25111224799
113773.7050330657
84283.92169664742
103363.30024064897
95325.44654887587
93089.821319722
74416.87067757081
107232.81949247958
