69783.42268582166
66043.27885681049
70510.15468280933
75889.22807277589
59696.21638743296
73983.65393343028
65402.02022606601
71547.65456301434
71498.44464616674
63162.20383669524
54179.61782113733
67726.62356384232
77165.84141274767
80662.49126500524
70287.04352037194
85046.07725716023
73907.03750783222
68443.53751121189
76891.27205735575
80804.84388327415
69605.20819138268
68740.53410965447
64195.44350618601
61447.70643294847
76149.39885711533
76622.34818317575
69205.66279132299
69543.52028189728
60375.75449101418
61597.32429734425
75538.6774143229
83767.30481767286
73532.74238186548
80460.65515607425
63134.59145492296
68636.98697169403
81263.77247923879
74991.90494891547
69611.3093272672
73836.59101806607
66598.56637684557
77918.63229979058
66521.58741490227
65649.9976773335
72063.31166226458
62818.09901199194
69687.34274453904
78795.22453611926
74026.36932003827
82384.73131163357
74682.03209323379
71503.80906301827
68587.011770212
64674.52504036979
74835.04133178722
77986.6368358244
65674.26962952194
67969.527419446
72418.15003611876
83767.1897494907
79143.04606343733
67025.59323173607
61861.42281184999
76125.34827032317
75991.17369450959
65034.886273541284
71237.78150256103
58163.531536148526
60617.61861203865
74477.98188828163
61152.57388497492
53668.92491740764
