63924.864641258064
60295.63123725864
52500.93739871487
50358.26925941505
57116.75161555302
58419.190111187665
52114.021100718324
63144.77004970367
65017.583554485944
67781.37707252467
51241.98670179836
71417.1964258235
51041.993130344665
51008.43265530532
62367.32619938166
64609.92563656264
62056.665636756145
60626.03331213232
63974.09465526403
56851.69834758209
54780.04402311989
65290.745443374726
46812.25005374282
60787.99845104404
60766.92362198301
59900.526019536956
63699.082964697685
60735.9940244928
57414.30847682167
61402.4508772563
62871.507049233514
52501.012742783096
55465.07325426759
57024.7967605669
63080.26738418884
64466.22894075917
57424.07939220962
64565.99876633894
65304.68835795152
63139.16538815663
49632.44892589042
59222.725453992316
59356.713662278846
61836.29324966098
66775.83224540566
61341.85918974681
64333.57021542
70904.83592623188
59082.85872965526
59173.8696976535
60765.0387518478
64916.15473652176
46203.08800782883
58914.905887661
62536.798414523226
56199.595210166306
71158.22744312446
59130.33268259666
71438.43703563047
63563.019928190646
61525.77391909126
56105.942014415996
59943.42114144774
63424.82257693803
50323.26037681009
61540.84826068665
57138.56723574066
53947.083786908195
58460.27591408874
64635.655259059415
57800.970828388556
52515.97675496829
