96912.66440335344
91722.72475411043
106743.17679744631
101055.73258942224
88485.45467371792
87163.49089824516
72605.2870327641
121317.61841133118
96674.43768634781
85308.99965640478
106984.8494840297
105763.75378448503
93669.44598278702
98088.75587837346
86761.6583137096
103359.23157434963
103809.89551731093
112061.53722181458
103699.5240723662
98990.80586866698
90088.00793780723
102818.4698858611
103679.7489049234
76322.99579172117
89010.17776385043
91933.49679660483
89312.41942857737
104432.8816172603
93903.76566641116
88733.94191704596
95199.90125383949
90599.26994987189
104492.66751928543
81826.01999735621
90117.56213256237
106680.49692316401
106852.68768140853
96924.50101409333
90209.1665747958
115954.38571524214
113233.14155716357
102820.65534215326
100872.5936835698
107700.21982307987
83160.51005441138
108873.69477459337
98271.45746426994
96540.53834779037
108993.72823199183
96255.01192948752
104279.71619544567
108952.09879610679
94558.57511436797
100751.50930631884
98279.7513726133
114681.66734388372
74690.47064104822
94879.845307698
107343.65479583843
86530.14666522894
76388.0396059775
102959.80514172299
98232.77845144027
100172.28893076009
102549.35293680361
85773.58732715761
80703.23380113498
100741.78842441554
100060.09699665713
99968.70694917222
107106.65061132539
104741.73987632833
