28536.423391518023
29857.56592232702
26632.744329425208
31543.075459905587
28041.668002276005
31251.41770952023
25241.11263151413
36431.99782374793
34224.98748188939
22784.57222839247
34526.01333145127
29934.80499927891
26551.16640460338
26256.365576870157
31199.593972120794
31045.114896519935
26370.59982976797
33923.758515551934
24010.1552376429
28143.5061837736
28258.827718273646
28630.483705208986
30046.519963782917
31101.079063291945
30897.945744798868
28695.12662886308
28945.1266520384
26900.826957873134
29001.433516144523
33801.30188584257
28285.587044229465
30246.857855191884
30124.351310350285
29436.66527680175
26745.480515901087
29505.86711963847
31320.77438817755
31015.720476111706
28652.514124166155
31065.81314884303
31747.316535516744
29627.049676853454
29544.149641612792
30571.569511045534
31246.981198417852
28864.005405231543
30000.87322406423
31866.24497949825
32232.785144916248
27353.65993637275
28739.267893561893
33836.10550151144
38378.45955307468
29769.880480670756
28205.169152287206
26796.834130096584
30988.24201371718
25710.3115907265
36127.11823802794
28461.52400144528
31475.55820994444
32231.78562897335
35052.95171821073
31663.85740534955
27907.62888695582
25582.935569051795
28990.568159389524
27194.241461319376
30919.309778578216
30442.720059427822
28305.53971354238
27891.12334314466
