31334.136154916854
27501.019837426225
43965.17614774626
33638.12546621269
27493.436493898393
33696.73926226446
32513.83805456766
32174.908309576065
31224.758248961112
34375.150441395155
31100.65771719845
31280.042321984536
34910.25128065316
35471.727532136254
24080.306352314277
30465.305187168047
29551.878284355193
31928.8416260072
34159.62049542619
31886.04571249832
22970.290664712007
32683.01130597873
31371.26120228166
31424.482055168264
30450.590453581437
27650.742532422846
27852.288544652536
26240.365412367122
33453.00389047179
29014.58756845802
28551.936252615185
30710.02297133245
28073.731936083575
27581.073048364146
32792.31545236725
27646.97438093447
27706.036547144027
32604.81984033973
26323.151708398254
29639.016625550128
28670.977664999577
32978.17353707221
28980.650745798994
34955.93059045853
24135.4990125349
26066.335446366305
28029.19260223206
28159.028879268066
30153.536515988108
30875.68626770558
30062.132079838466
28888.93351940004
28581.507088160757
31055.57736311811
30199.36006334546
28012.987878920077
29666.201965425204
28833.533554116377
30680.94905733045
27662.38898014284
28564.6234458425
32164.421031612263
32664.78870470428
30588.23981361766
30170.035414352304
31864.048014809377
24677.710348821507
29618.220225387253
29793.57754321005
25896.54420934596
29805.05205113961
32881.42671251817
