81628.5939025112
74480.19668714513
79660.34900818966
86371.76337006426
77705.58602018042
62515.23185926774
72221.30179366234
77460.3392464116
74731.83178703612
75855.83866324819
86790.40776504486
69298.89502515283
79384.82677581026
80448.75772250025
92502.46773893229
87524.93437617183
67680.3427623351
91590.71220682887
90197.2671834312
85255.27730371618
70704.5127484943
72216.35510101324
94313.94746413476
80438.38941831815
81523.88306628069
78532.4722802995
84122.79369286663
71367.22287432967
78688.75559355371
74795.29704824781
93822.90262182988
76221.90296110605
85179.99688784553
82108.72671933616
78857.90615909493
86352.73495720264
77149.55211861398
73364.45497989118
81780.46013601913
87901.46257240973
69652.98905180056
76894.89811448152
89699.72601148917
75940.94940284763
81889.33716509936
89651.35898198481
92804.33891530159
87283.38657422845
85492.50017448726
75901.32166915313
80560.11895632742
76489.4009580276
68863.63641063074
90540.11483933123
77875.16388522713
66946.42149049767
74301.18693451548
85426.25514234666
70030.87329829927
87889.0160085841
84874.7070559544
82275.26662518368
91276.92942742302
63381.74039052609
77821.77919439923
76065.5411007679
69217.78740262311
75780.21587895327
84064.05082440536
67475.11183115422
89479.23861574905
77371.41210004658
