124933.51300353186
131853.82949956023
108038.67883316011
119578.43126952906
138389.78960625597
121876.77353113315
119270.28701059842
119790.03171660216
120064.37610644843
112438.40657568196
112378.60077768743
135673.0319763209
111384.61991870323
114288.30057877723
131628.81871279192
103856.61898158182
124443.63158218352
111645.25589611109
128984.662654016
118437.63588494067
117487.07154735747
116742.48452189859
96319.9351703683
143457.82741965674
121724.4439504259
138571.2071841662
116289.23921123453
118878.03425678087
110599.58510308649
124037.2908496181
110829.25629212365
119824.88752479844
120749.06126263608
111813.46303255913
106821.75563081878
119380.62713347391
147519.7507650838
110989.39581052319
114020.44633204571
137953.33221699367
121116.75231569997
117865.59079341059
125363.77164344108
120635.95133126964
93199.68747622219
129077.2038358867
137735.51634908668
116789.2527074324
100604.12238886603
108385.69034950803
105900.27394001282
131311.3576308512
114582.388270118
118933.27649209529
108131.42034222682
145553.34663376558
108220.4631280462
108877.68860699915
105832.95855287483
131492.81935993527
142784.48934657976
107341.24443575655
110724.05037476127
100318.4265663807
113800.80666977023
132664.62844106974
111314.78678838765
83463.9786937595
110015.66912175834
126105.00178609208
115581.05081168145
123300.77193683223
