73350.12066049306
68497.41963864374
69669.8747744601
74337.58784931684
71096.78880768779
65108.15078753476
59840.04872685082
73505.19187504674
80052.69974643702
69137.35429677105
68885.11604788271
72592.1856332537
70099.42336220478
73135.01184999567
75332.30243966532
69194.86740794692
56342.10276707721
67603.51307003527
76742.9794051304
69811.36026928488
62747.48168733645
64441.25149992377
70017.26823197985
63146.762101261374
69284.28817206365
75152.83019498087
69656.0070470637
65092.725620692516
70445.79734876039
64872.7826236039
77243.3011040553
62683.26335413748
67437.1916422309
76837.02343016221
78488.09592896381
61838.31118575282
81101.93533352608
69856.84374685059
72269.72953184076
70934.92518111951
58577.15095793176
59137.710536347455
66168.71760739567
69908.4735858192
75347.41136419971
72543.10394234164
66807.92876461917
72997.541696011
68687.72268222335
77071.10016187945
58687.3131976379
77686.90594866638
67787.22260975339
71030.11654707906
79167.41244917766
75511.78303453792
64884.78262876661
63737.45827411947
64691.08380982611
69910.75547215965
72344.84980749137
60095.69763159751
78575.04739567674
65715.69470288149
77659.22295566522
73568.70360171584
82406.53544575731
74885.07468456496
79784.44763858277
75339.20533924836
77255.53087516499
65310.81283410363
