70681.99347878175
81977.54807808553
96021.14750760308
65834.50792618313
74685.60951208061
74680.56793540469
70929.5205315409
89226.46457362783
83716.55503680992
77684.55257302646
79262.39473756475
87649.13805644245
82340.6228998445
81594.68969496332
88477.81860330646
69167.21087975142
85227.9709648081
57653.77022195388
85263.73606809012
73463.66536082375
79699.02201838046
97458.42930127317
77427.7381563409
83974.88099525889
78795.08988796777
78625.73541330313
88213.97131359053
79631.7654150927
80069.90916859458
82048.75338594923
89605.29182176877
83915.65858261524
81994.79060549219
76510.73163184451
73120.8156474083
85805.28519311358
72752.13199892787
71242.97168343968
84263.02227904722
87118.0808608417
90798.44533159342
74362.2064606744
84633.56612707437
79325.77941087123
79220.93399368526
75951.49798885493
86413.11214333164
94684.79085551217
68085.08271315183
78904.44503317038
87290.10268046735
86061.23471407389
100244.99310323321
82418.74870128657
82567.81776395548
83639.72936605178
74554.05802694245
87231.15953549769
62965.89906160446
79182.08989127225
77820.99320882103
84798.9514685796
74248.56195197171
73852.02106200474
78134.93726837722
62424.1502998963
84767.74743067971
92631.03096549009
93792.93855537474
90354.6611045429
78459.203663427
74519.75638663633
