64609.011974568486
50020.144262709764
62328.233842637
57891.389566942584
60986.958996845424
62092.0705183877
61710.833960990465
68475.11965299344
59601.20645060433
46176.366382120315
60245.45469754728
55212.61547693925
58286.53445510818
67385.97249632506
64259.05153670576
57602.93922357036
55023.811686474124
62600.67287563594
68274.00062389633
63009.51351948451
54423.77629686609
53435.46253408972
51278.79811597358
55114.994981904376
70922.93014296779
48682.44448933168
62414.925564399884
58196.95521504547
60362.75102505033
60852.875726621816
56820.64272747067
52436.809072715376
65186.06992228824
62320.65147173797
61263.07337537752
55907.73960846087
59767.583369959655
58910.38649862908
61414.635993637065
52245.576747229716
60251.50924741532
60227.33430243277
64229.685261943145
51966.22503248794
44965.63180176329
57815.83529369098
52012.11550170832
58241.51449197227
64590.67068267408
61068.72802521121
53507.82222923642
55009.74408747844
64258.46610075513
49396.1889941415
42424.68271322923
63578.44173693399
68640.41662820299
61489.51611831596
55682.805780611365
55970.891384110204
51742.28997991153
57737.073606922015
67461.36458529269
71841.2355828371
52269.80066519509
53180.77616549236
56481.93192852581
51902.44190344529
61014.73340155978
58572.94426342512
67399.01641177802
54687.08910762078
