61969.86050111677
49066.011050562505
56864.82278635795
63571.26624229966
65874.95155114042
60333.04765537789
60495.27484449425
62657.75345487598
52797.04710156084
52957.57074709427
66970.30422228386
51625.38316989403
60233.56097973161
63839.50586166768
73255.25608465426
58255.7179575607
58970.78369192263
57120.69389349342
68614.10069473527
58977.761801869296
63171.86550937466
61222.19799515647
62331.77342493166
55643.41271825237
54450.42828685311
59047.34322746115
62517.0689582719
66713.79511348328
63920.96911209693
51160.178255318475
64188.952075965055
59114.835798790984
50284.95821212591
58879.27417934115
63671.536437296585
53559.75536793312
67814.33895562375
56698.24881674858
56352.73168196183
53662.84262649263
57871.95848736996
68928.67573332436
63764.218998422366
67601.37491757664
59348.945384482686
65784.69112407624
68991.60668411196
58370.10930035293
63033.19278855439
56654.91869311001
57364.279484906954
62886.18382555192
53988.132537544174
57528.48551573456
54056.75928736252
65615.30183511616
53205.07990453745
55036.391661790614
68051.73656724158
50266.84634926847
73807.71732818743
56651.1472554932
60100.50031272926
59938.23412220305
57721.88906752814
68279.32315934141
49950.96615969664
57614.40625666953
56222.069511883514
53593.11450222846
56617.7685774085
56399.83909941049
