66503.3830350886
69509.249393433
52657.93971482071
61311.21778053535
58591.05381026204
64436.78313340614
68589.11602159258
64932.528808079805
57125.106252867175
58476.336348291254
59476.24211981746
56457.543562023486
68474.11413646101
70104.02584525746
62286.06065227861
59487.86600007444
61212.24265929379
62372.71471544629
56789.020285040446
64551.14066812224
66602.44300749073
54480.89479998418
57592.29916171919
51576.75032672089
61685.09711204216
65814.2246694662
50699.536449286614
58737.46669173775
65514.05532047014
58077.86554299065
52215.49455793809
64918.10145956404
61486.44639142693
60733.24292607382
72241.50257855396
59920.03646876971
63411.867259588216
66813.02460522832
56748.6737500878
63629.77152138361
63087.383699539714
53553.453716421485
63086.57590670284
66435.90579378417
59000.525472777845
54506.35256441251
54665.34738467584
64488.339232686565
58703.58256812383
68532.00940756415
62127.7163627185
58620.92016057125
52405.88913127455
58976.838806395346
64589.196507189314
62837.871630819056
61639.81701666617
52961.46250627446
56117.21423075594
66000.57572177702
58559.28271736194
51522.20935151244
66317.75523673731
59421.406235902694
49068.008967131
57167.58619513187
56021.11274387982
70871.79290800248
71789.58322875517
60499.533933985615
50588.31958452177
59451.78748185167
