95145.09970160601
93144.94294737118
113035.06222348963
110193.14728852679
107543.18569064283
93633.69430761745
112359.87486156219
100257.98711621756
92685.35951574025
114354.39509088291
102998.67677957435
98321.10365714387
72089.0958330035
107441.67572345067
104467.97474202876
96247.4157909048
100477.33876365426
87088.56005397199
115126.08760273881
118230.90032543775
82302.80472675269
69591.70479264097
112311.17274656697
93092.05255655434
99669.54479618178
97943.67413270083
98557.93899363364
101809.3444907919
107677.12559731839
80795.80270024786
97294.41064963379
92923.478086316
118129.84097362772
96328.25361972164
98291.69916174449
95842.93529821686
91293.01981908001
105773.31082490542
93073.0593915753
99064.7076459211
92194.04255464391
95634.00357963431
93977.87445081312
110928.45228623984
94372.12191635834
112565.03251075915
102770.09616314636
108472.93600182228
91965.00787822441
97618.56661600698
107319.95265280368
106329.88446549705
96874.37107833965
90627.81858086836
99805.19736720182
98498.19239279504
99914.99987541011
83081.72656766402
101956.26311583641
115882.43180335478
102187.12291113226
101343.67077713076
106092.47075535665
111492.35061232751
103523.97385819869
95243.17766134437
93003.55476435307
89705.28306910317
109895.92924496067
104994.89100935326
86038.06876380509
107125.12481577785
