71641.19695923652
71882.41891572767
80379.50037849353
73320.56876578198
88775.27486259944
84650.48931457497
74645.11308358949
94757.35548092576
72781.39624719818
66833.75177333981
86949.953909918
89052.35216704184
95500.54055985999
74953.49386248882
76940.38069410935
100130.25535542687
89964.16475601264
83991.8057864868
70506.80832100277
89218.78801809701
69735.03236291648
64998.35545519327
85774.02278355365
76963.65522711903
94662.31376391223
80579.4987205434
83240.47493521059
66914.39573555568
76768.4273746467
89859.39108553917
94180.5586969629
76351.31283531764
72999.71496313445
77748.52732574145
84999.90023388044
76758.16769596406
84969.81880843412
83493.5314794408
70999.05836481495
79842.34576531369
65825.79233638964
85731.32945969992
68588.79918662077
73704.73346413567
82875.60008071049
93388.60066571232
80882.62529998034
93686.56806221885
91048.93457965835
87261.65177816809
72096.31257788434
76304.87850523704
67848.12120168122
74377.29393591023
82053.13414242568
81508.0225313208
96656.82636969308
90332.98572891693
73991.23063599509
68871.29746382311
76750.41535173061
84412.7491528255
79167.40508302073
75811.42278895857
76557.98124119047
77939.3230361897
92821.4095642127
81735.52318266996
95278.98287705547
83289.64701488287
86984.08024548701
65978.36883726447
