34886.434952846044
30560.609803803152
30868.662864029066
25824.13701417409
32652.359398952805
32754.862878316708
28048.971266348315
33156.74979369676
30292.788916718375
30973.909598761904
22289.597772430578
25804.27704292521
26077.68615571081
33467.1798625915
30550.585709101433
29958.25468308788
26107.012939658514
32233.504201442258
29837.110456169645
30370.340938272686
22767.459347056516
28920.80565510558
33512.77984580824
30408.272879865537
30145.316425133085
25327.933425383962
30412.638298815964
30830.335546305356
35403.078016823616
29890.40140450062
30896.980540466964
27584.71761738412
27769.13031796338
34009.08754484215
28885.20271928652
27708.348221943772
30415.836558866482
29223.28616390351
29575.03669079686
35434.47447741862
27073.663262702386
33189.69752369607
26670.306999615437
29709.52421119066
34306.45837831609
28252.612246554774
36552.17850424705
35595.45765370947
30451.983280087643
28035.61988086117
35761.905135977664
33376.57053679226
32628.619957528663
31593.110684812535
29981.402147547597
31536.819685176597
30812.06258217642
32096.519586827624
30714.14813268715
32029.251812303006
30273.448984297476
32154.357778299436
26057.47605259099
27550.111871302775
36922.69005734845
30927.33761915305
29994.321734361038
27113.97544489636
30680.12809573687
31386.06937795967
30790.246683814148
29234.763227118587
