100760.17967060443
86517.83131408489
87666.33726414418
93898.47804653579
105433.7686511752
99587.35648019436
99321.3980451511
93245.01202004567
97293.70018234436
107949.4424595028
108134.01645890542
102786.68193984515
99556.4933817517
94459.19992640476
91405.58696652137
96143.48572233558
117874.51997462104
85444.17510484895
92527.68882185154
114911.87803406006
112644.60100874458
96520.1788428468
82813.01520437474
83919.61862357064
94847.96841875087
109334.39652318708
102126.18391997794
82386.68346829042
101990.15162369469
118780.43768715514
114940.7035925717
110468.10111903162
99740.33495498438
101499.20645936708
99346.58824483475
86529.37573524726
103402.96045836006
120514.94705084007
110156.64946669215
121235.56670397343
99181.06913548663
85665.76166794219
77734.16054863704
94598.08478772418
89856.68726597127
120766.76346761042
109253.13337546933
96740.45476608115
78633.0747298646
100112.04750405678
94309.64175292669
112925.39935448903
110454.81365514877
87752.01927025699
97742.7746543184
80094.83363731185
111374.63350856907
108743.9048233793
79307.53732339547
94548.17081246727
95402.91651599745
95020.09873318899
113324.22358313025
101235.29447284363
93513.05857078577
86729.91266835255
82711.28599704185
109305.69323098591
102548.17517227892
123210.34317508138
106704.696243178
96423.02712990565
