65247.91050252952
73130.19664821171
70366.86648410928
68895.53500610936
71599.97382378243
74299.92208796767
67843.93252820986
67741.34037889242
72218.4422479692
78917.73811663549
72212.49857023837
69075.5649823561
65394.70380784061
73983.90138480482
77580.8514951594
64284.95806467083
61244.71507954636
70205.96175612403
65258.09844679279
70543.60975551356
77908.96082905844
68663.66640314981
72700.69616066712
67785.49367009746
66581.7337382247
59769.1354607728
77153.2145759
75179.3326289191
63129.33014815246
74647.74614470471
56185.34867675866
70842.89586810746
65096.15719373194
72874.6017927259
74671.60486960044
62729.67777803661
74693.59458554868
74733.11239989319
55332.97443912556
73957.80139577285
63154.931887753766
84039.80690095597
67585.00868857965
61611.66992481555
63751.14138814764
68744.42868863473
72616.81548927634
72881.21933407971
58389.2563845939
80348.3480696979
65618.59585165128
67012.40683081094
73405.81085204887
78194.5079854385
63953.527378942184
65211.54294008938
72825.14990562225
49833.959851552325
72768.79089655435
61954.39774101783
83392.76457158166
70911.85408819396
66358.71614637299
69332.79724788768
66600.02336560999
70593.9089777547
66888.91724878758
61769.35143446349
59230.15094083439
61235.62548111813
71736.88333483587
66578.05258143526
