121520.53089074013
123831.3121837848
122660.92046287005
102213.38759144442
123884.01711674528
118436.44325085981
123157.26584590823
116497.17969473553
114047.39133460938
126148.39674101121
94575.51566216521
114977.1142822542
129505.73262320919
104254.85226008025
95926.17084028051
118558.3295231272
88986.67126569901
129435.35882305249
126422.71030000167
106425.66416420019
125323.8891529243
114309.57129357444
154465.85822907434
119575.76441369728
134183.62624732123
121989.19493255868
118227.34045564757
127368.79408268453
112283.81539632943
107900.30227010674
114565.88444893832
132417.11019828715
132035.50479640963
145308.42537826605
110483.04255724487
127680.2538859164
123247.4601163595
107425.05583097304
111989.63639349579
109518.59805662531
127059.30652158917
118763.51322036215
131927.6958868488
118961.53518231738
106580.03973709607
107757.3684033727
111128.66739194692
132256.52330380207
153641.97316450943
123684.91759889988
124353.84517783418
121195.87459903747
129114.14932734963
122567.31156062821
123141.62670122711
109723.35352622277
93921.3927766978
96164.22662905787
125044.03035147337
131767.0181180761
137074.75144084555
108946.98618760532
114079.0666339002
120647.80093553518
114758.2599272548
108578.52030075718
137950.80314654525
126037.30413044071
120736.15967401129
127490.29079872013
107928.77658533397
125780.2038631514
