97864.37421396864
88796.67739386711
113258.36340390962
109566.8833316505
84045.31879508281
100829.92104771444
79767.27940544649
94328.58443141244
108301.1280710881
96571.30370068723
102197.57494597299
95593.54070753299
89635.95617159418
109589.90515521086
117921.08609038663
111379.81430098775
117603.69685200929
109602.40941007312
106856.13039142148
103727.72377457793
108628.67254559982
93515.90003708583
106266.46793030002
109982.51121173103
104190.23714796503
96356.72822010206
117874.05744883441
93553.35535204498
125024.47184335797
110302.65529731258
81880.22592789387
101159.94558644854
94479.14959308022
110143.2797934237
99117.51366882013
112178.57627505725
97082.33942097734
96692.88440485409
105488.64596758851
105375.04015307529
108509.44882843897
90988.37541318341
99998.07905280664
82470.35921801766
115866.15099731361
119649.97895932761
116258.07262217718
113742.58554374626
92845.1626028293
90877.39373657001
107284.37959291512
99124.91862496985
109847.82170696362
89219.90610464197
85997.07780049549
101450.09002836076
110404.21905319109
107717.90499018421
105975.45652039944
110527.31808540375
90686.42474479567
96570.11055098483
100548.20051929068
105420.75112127583
123614.22770591258
103914.92976860846
102485.48036930012
96636.6639629509
98194.02914086997
103819.75569254432
106369.34007683516
82965.22322344051
