83711.35849592184
100490.19482147523
73010.82235969973
85973.7532454278
87235.14186822601
86412.16338649276
79449.69021010117
83636.02050047155
77988.96495293947
75755.14024308334
74547.50278781047
88396.20724723133
89339.15812430934
67369.53477789756
91415.81879205082
77541.73933726591
82163.86058062398
87722.76132009292
82711.63496515297
71376.48085994452
69177.96997828326
71422.1761287615
85344.63666163893
62951.55178201609
84078.37825426721
94663.9809293513
87577.58731341406
79603.49032756811
93573.46940476923
76441.9514402838
77178.8098391864
84706.31563435252
85650.48320691803
88660.7833439789
74209.41168834327
69407.2818784451
85170.80361959948
100530.67754254158
83847.63762532925
72152.00694225513
76903.49240302778
68054.74832019157
71264.5716541744
63907.50146388619
83069.74604042027
71534.7505387002
83384.85701814132
100296.45585745796
88813.40260866242
68934.26536683312
84574.80177245734
81085.23643524217
84115.38052983342
71107.87251468684
70821.96816303919
99821.52116088496
67087.43019378807
75096.19292861705
76992.24462378846
86477.18126483735
77896.5360320914
70099.52103375326
83475.3520083065
78058.85673510042
88988.05316625805
63071.13858512322
74803.38737394231
70876.69548121939
74749.77292405676
91670.67049896056
73516.546752296
103185.62453071639
