87448.34911174426
103782.92680468786
96740.60479975546
101578.16294583475
105050.67199140842
94116.0166277193
99793.90582184576
113931.77877688089
108948.54463007845
103882.30748266862
90216.78073228874
106656.05438857642
94202.04095514616
115230.62883258461
111931.00375729914
95442.21980203307
102331.53849055279
107739.93595193041
108285.78842564787
107280.81644094552
88360.87540817092
98182.16517274745
105485.8948703139
104286.37020099483
93865.20414194823
91182.2643414217
103589.55403387721
107204.25541473375
106869.87753969112
98829.98054328447
92731.08169601658
97738.77388556644
96601.97939391709
97051.66248033916
90070.6568689249
107978.1099133077
103342.45087961615
99024.26646243008
109672.35920040899
103881.72695363262
108155.30851152561
112490.05104802636
108019.90277502713
104008.1079214514
91471.07539711309
105254.98218771383
113675.38401228221
103243.90732713084
117174.94313260652
97826.71611254658
98051.84558076321
93017.26159858827
100137.29940923856
85672.08377002836
113125.46306973265
97537.86526339962
99077.84555380001
113420.55300677156
97698.57470980781
94642.59393179695
109024.30536674643
93609.29548462237
100980.79239608717
115414.84074305193
111089.10072799263
92434.70519019222
92061.8557296992
94319.62713925095
111525.47701972986
100428.03471447743
100646.72502406253
97669.66655723269
