64962.062737310065
58457.20119606509
61601.98033629934
56023.50708271445
57386.197126330044
69955.8549876323
48798.936741941
62205.00714987156
58909.269862224566
52879.21694935487
58916.823586430655
54792.10706746545
53496.926888086
58837.73770452469
63884.14644609153
58651.41833093821
65534.41778674871
64367.67455742787
67570.5919762424
54209.529911325175
64088.48102585111
57852.29225793211
59190.62589383058
56308.920582471736
57805.564777960804
60504.050687790455
61348.35473465646
57071.31999280641
65429.776713860556
54761.045304364365
56934.41007050593
56576.42904383913
60574.853048285
55702.175727120135
57031.29286290052
59890.246719908064
70172.39984275737
54358.49592666051
56141.25490183366
56684.975118183414
51658.9360886691
68487.89263436856
66116.19867847045
51453.3532300377
59392.76327700082
59953.048359099885
64285.58767267916
48325.10163525625
58205.575766888105
60353.47745470705
51165.73510113948
69309.6940958464
63541.48182979435
62758.08916612052
64804.13788035975
62087.809368270944
45456.08455324876
65005.75544473842
63639.622205622334
67841.76076990881
70438.99749925992
60611.27621837942
64929.4673314615
58781.24891359868
64818.21247199175
52532.75490252938
55562.08194761553
57515.80338184943
68430.86052246334
62772.68166755278
66720.84212750982
63583.98315454349
