86276.66189696446
61857.07781398946
74999.5984497405
99830.74201672873
79011.11375816951
75163.5392094244
86803.37839101137
94172.76269969282
82944.20344165667
98150.54331157466
70181.65344106153
85382.6399775197
83943.16140575703
99794.89728366901
66902.75885234507
78793.3210231147
88666.5100220077
86983.54650313537
79192.02828742367
73681.32179667153
88201.70010156775
71235.2520113234
69629.6017215533
64135.876546951185
86712.11593650664
88420.63866861396
73568.88056902925
96457.06202264964
83833.86792435462
85101.9244342048
79934.61272112206
82891.10224334875
75498.71684146985
73886.69903822326
82886.40202076505
74257.70902307231
72271.82120010427
87295.25080932998
86386.84873112373
81042.96936096741
63871.74179474775
71427.91321969294
82945.88483620861
93716.29925047801
82121.5041597891
83836.42273776111
88529.12083715147
82802.37991646418
76820.17807834382
84061.83037849485
70450.85114423522
65830.61435163036
80132.5101499808
81244.9927314317
73896.64448699218
80252.3406292203
82438.64429628314
81985.56646599292
83732.82033161045
76835.61500221929
94755.22755010804
82427.13190984676
63746.4242544431
86593.22031485214
82908.17722832832
85483.81675209537
88840.10331324076
76315.9287173524
85122.48906027556
81466.60085520656
70202.20832733801
79840.93746237377
