68173.01046556533
63262.58496373637
55152.14871878368
63934.35085417495
57308.6110247364
54090.56353027178
68631.14253815179
52518.26095021099
52875.37449036009
63891.04706124794
57093.86129472317
59682.638555324695
70429.61494822345
72496.12329239624
50337.45423333841
48048.618212539186
53809.68016447106
58372.842196172394
52467.69676297278
64232.61236404559
63734.63803577867
56278.402113852484
58178.42769097102
57224.54458264794
57524.393385579
66371.03879981575
68225.61253028292
51108.4184898156
54177.951315853374
55239.89127282114
62425.248230597295
62035.41813605383
73329.30186447629
66797.55591634686
61235.55864618253
54169.96567529505
59203.4133468598
62056.1429314638
63155.44953756259
51156.00350214131
64856.753912236156
68043.81033618383
70589.31464742166
61259.64883079837
57451.32239143643
60316.82471829204
60028.4140685429
60479.08694006569
67688.14815129896
57773.0868980403
44918.66483076
65498.01227737511
53125.99252928023
57585.059926175236
60393.41284237456
50355.52264880849
63154.20182465269
59691.16432688773
58411.4432216571
56982.12652659778
55807.94789179287
54745.01314474398
49281.25593556322
56890.90284175658
58737.8302598415
58860.57661338056
49709.61859241821
60351.684527502424
60289.5798888493
61202.582581718816
57054.36154781767
64246.80350465125
