100369.50012106089
123130.36065867837
132297.54791040145
140297.27280591935
128908.2155486172
120648.66315768576
125551.730195297
119404.62789813832
143001.3350514663
137009.77715165043
115720.7531380231
122918.11274549561
130992.21704543022
118523.4481199091
97361.88773725326
128406.13162444443
110703.52613050028
108847.74519767967
121056.01668588976
141688.19785787183
127407.05900169894
123574.9903835506
107986.12888138529
111798.76280294004
114722.88506735905
133996.79956944528
101973.02921249023
130289.26741878915
135234.08383267533
112806.18434457597
126725.33066081323
124110.1173531006
133426.37750261533
120112.0361741737
115937.76641657001
120467.7158805283
115942.44990489674
145132.56261093667
133600.61449465694
117442.7933517943
123159.96854213001
120999.56448125666
117157.04669620404
132196.6049408768
125562.33370647732
114814.87267553585
118369.18502917563
118451.30614710243
125927.97157622095
116479.7022081331
146656.380574608
117494.79900751267
126466.28643956105
111559.59923401951
131194.8792891059
134872.80694204115
123463.31241868057
124896.84704024837
128879.54402365
114756.99009613322
102883.0321415542
120803.36393368877
114361.87238853387
115244.06522680479
132226.9863834851
137071.75108296456
109945.64370601851
122391.70222529689
97131.65945221172
155368.27348093258
118012.32452309589
111535.92912757538
