123273.27228802313
121656.43742155525
100290.77944043622
113302.45250583977
124139.14872171661
111211.49339773142
106624.2948576179
106787.92110813675
121033.74668085432
123185.09024861304
121408.84316666888
101424.06649359508
127101.76841612713
107795.98382282417
109896.05630551375
103525.78281660058
115418.6371966487
110180.56910834083
117374.29025320186
135100.07203845298
117016.47254716024
112297.09112216391
114295.94523486476
116076.0639397323
114608.63900853507
100776.0482477208
120139.76615729969
109806.78157652642
111375.40041366348
123397.24335785366
119905.80295136392
113579.30809968231
107050.78359110144
128233.45558084479
104190.5710610236
121376.84338445743
122654.83188688662
105023.70248142997
117598.89902313033
128342.25431269563
125771.5777037328
99487.16188160649
128776.39928402951
145664.5382035979
126977.8371042867
101655.83421854512
105577.20864302394
97676.93913022324
125851.51563063463
106140.80834948954
142270.9287757166
101260.93589918337
115937.60535211582
131970.5862123888
105567.49557155892
113785.4337456653
109755.41615205408
135576.31380454454
114855.34367851357
121773.53907448462
117251.02380112675
111909.06721767275
123856.26356033265
116405.44991724408
118042.49346738006
115917.82567884924
145271.58513407948
113523.32851308674
108099.37591061002
128843.05281675959
127780.61509535073
118246.1935042959
