70446.91380021186
63208.56484659679
69571.07951575931
74920.81107502485
62231.91788319436
86627.58039787381
79389.02813724277
75801.78238093473
68352.94693407192
67336.75498280667
67454.45378916197
75076.22800656542
72226.25896474265
71545.00254176655
69217.28358199065
81485.48243228623
62215.10895615868
75076.45076450071
68190.62301830061
67288.340755907
82602.66372926204
77268.83442675936
67330.9974444518
76539.42079321523
69982.80157174951
71095.93774003503
69506.40871366586
63897.358730848064
72707.80555431022
60318.09164951118
69998.90886455835
74944.71006766552
84783.5727092846
64237.83490003458
66393.44536379194
70244.47822454368
68233.81043670808
65936.42864687069
70675.07774204292
65243.290929915274
74993.69339031252
66911.36966242605
75665.85506575991
66976.82593586108
70923.34129039125
66937.44575952909
67444.45918271535
59723.93480856596
69474.97410142313
59780.8708392639
60874.53172470134
60661.89668426844
90027.43860049466
79354.69085431192
70461.40225153574
84246.13402119956
60287.10355741554
68052.54564431257
55658.629695110154
76653.7950211151
68965.52498569437
81387.226748153
73399.59767666558
63866.25377667969
69129.3498228421
77585.88188577963
74525.64188210807
68669.3153407078
66314.2807555344
71116.80066537342
65801.58519003082
66567.52523480209
