134558.76443371605
108903.37255069657
117207.66953457127
112484.63475609658
105134.37907506057
120276.49550497942
141141.68607057811
120191.98690749961
118632.14460652211
110523.33951512974
114772.77627771818
102215.8256710795
137024.56188482203
132171.03098101323
112599.61433602261
119667.11914752412
128235.87922579542
137444.3009885272
115567.72243363675
125957.20303706027
111056.76750991799
121506.23516761104
114467.3119388695
118264.70026427384
126955.50793164659
112078.86081821016
131224.63484295027
116462.29762422455
113204.15576315625
150449.3856986667
116793.25682543703
120335.80731821354
110593.2765042551
121674.751741021
108918.71716762723
102978.72953835329
127330.36167233552
143577.19667130086
105460.15454912523
120816.34073141968
119270.4608699832
113851.34670799927
109273.75849259453
138091.2258915373
111164.24829725602
137801.94216432766
112463.37023684842
109686.85625626906
122526.41253029235
124929.1907479704
111635.52099694201
133826.80726185293
118865.55154734329
107051.20395245048
102064.62319012977
123915.07152758981
120109.05083836868
120279.34480013748
119082.46862646012
111424.95817460306
107241.08419867778
119613.70235972105
114802.37292956744
124747.98225627384
89693.54610396977
109544.06627306742
123186.39149777444
129665.118733213
102187.57779099149
134787.88422583853
119257.93880540544
111460.26091648507
