77166.9500327597
57038.909650443675
63033.60074975814
70947.64281165325
63810.654970241456
78655.31350176719
71214.26703529368
72807.3857101655
51308.43543512718
56074.64289725952
60218.02609872188
67678.27855903414
72133.24072817693
78172.11853709357
67410.81675703662
69980.09633346097
81207.84470051953
74039.45357100733
67706.57897095787
68427.40573108048
62056.38632121661
69100.70660765175
68771.23048717913
70043.98443891427
64520.30674912906
69931.15082158541
64604.1054974124
69661.91003084065
66957.72450184078
49634.344513610085
65236.106132393
68161.19841692035
63611.47847892872
67253.10183864953
66245.27867722345
71329.4906341753
70577.34811709914
54663.63955762673
66301.48497310346
67596.92339489321
71176.6308616704
82551.23525720187
80696.78830214361
72318.65835477055
76285.66048410325
67846.38801099588
88325.28031499487
79978.69467639508
77420.29708282197
79088.27449787354
62028.24312692672
72566.28610934377
70303.42127396257
81249.77223770195
68561.10246845424
63317.37254407869
65381.07459991663
68558.09201295531
65583.74061414921
70877.009702353
57832.097779802185
62012.196271691166
65953.55676966177
55515.46219945705
71904.56143197158
59086.40575620721
68532.40329609135
62797.94892774592
66186.86353664618
62972.191161386196
69317.99667078828
78169.18545482344
