58997.028299326994
48700.4708894225
58839.86959979791
60534.41735340912
64455.95785533437
61400.306144066795
63971.41263769847
61401.41986329383
76040.75013762788
58548.66787051535
63280.47205994736
63022.58253797117
54920.57180848168
59892.532181076655
65658.11067119447
60014.47871456693
76315.0409179017
60153.76521592003
61836.91452518932
58299.00747089047
70579.23767467139
51285.32299397978
68437.14943402738
66558.48833039595
59348.72390982324
60930.0798224263
58306.114568721256
50751.212529901975
63049.485673015944
48714.5339951098
64942.18702397512
59084.130310611225
65687.59108698418
66941.62276252828
54567.920210255594
66106.29703314966
53580.11677840489
49858.068827662864
63822.92157317153
73513.35973849725
60190.45316285314
51461.51728607741
54092.77430581119
61230.47367318286
72200.0692890537
65726.01364069301
58675.84421031474
55452.589810264435
59676.607157039696
55674.49754315503
65610.2011560873
52978.270283884514
53016.18181977848
59605.53717251646
47789.991452665956
63052.3194441659
64276.8304745485
53205.53533230281
63650.57488525342
58990.84218490962
59879.28369292452
59176.38736866909
58951.415973029405
48629.06901171967
61033.217377809975
52416.64639394239
60930.49298941608
60010.64365408416
70510.88648302305
64856.55902638329
59059.642298847844
56732.30142964322
