78888.62784128339
79244.02344067568
64590.159378402604
71406.67131869734
66409.19130760917
68709.09085026574
60834.50284906134
57689.10887765563
79156.60785471732
69272.00428813088
74688.39843221416
71329.13719550197
74108.2396709072
74103.71118106831
78390.44663633397
86435.05701371783
63869.10830727295
76891.33765542746
62011.33500424387
59571.032605310815
70068.35231067991
55964.29558987149
69835.22898272052
72760.74491123967
73779.3088477187
65818.26661674421
71058.25346785234
69677.96400388026
75622.17112696444
59712.594022777084
57327.773431777016
73823.65803743692
63697.47485567647
75736.71773096535
70633.2985105483
67134.22447658787
67207.89503549848
71476.34593873125
67259.54214702646
51064.24079189499
68769.54888612308
68459.94675794723
60143.69159723132
64448.76724219724
68411.4627347335
81251.38038663767
63141.444517479846
63174.604040406724
71522.90942639725
80737.99966950601
74859.83222085025
69674.27725119385
62752.25024406311
66143.74057825535
61969.90777251678
82593.5801666883
70422.80579272326
57600.711384209266
63062.159331560586
69962.57353987245
73643.35211950545
72158.86638319629
73641.44598358679
61337.84420018332
72954.0555698726
76626.32812080676
78391.84113871862
77559.40930205579
82786.98927948294
75447.22996943012
68661.87602495486
69342.82574123358
