64388.10129413619
64097.05193732223
58566.43974347328
69243.12635552719
71053.0217155402
70289.94562199582
77877.70206418868
76213.02794030328
75322.19051696023
72762.27599672612
72663.05621739838
69441.27585382087
70745.65138516211
65428.74780108157
64954.513650123015
66235.50390839406
71664.39806782034
67185.43114385719
62609.9322601508
76477.3616266135
62106.55057932731
68711.97147646475
74704.84785189555
78211.37654131977
58698.062353730835
70351.42229092226
68033.9956627501
78533.94901461003
74984.01827708472
66260.34172605444
73386.81121849558
69567.22661911113
77783.35473899277
71182.1144437693
82996.24433878623
68790.79393745397
62473.23690350967
71667.71024282806
74763.56957443584
65321.12983713525
62864.591519527516
75481.24075029108
85247.56271819027
71286.73423235849
69383.14687893211
89081.0417164694
63283.35929186297
71209.94693726036
61562.21575340041
64308.46203384434
64642.65259175972
76672.87654858938
73716.07573092681
61745.05323181072
64572.739434948504
66039.88880639093
75628.17173067346
79761.21373296063
71339.5252242455
69884.31993894544
72946.64671618017
66372.63264812177
74996.86740670635
84810.17175563356
66898.18723933554
56394.11641936215
64002.51925624098
73120.30647242945
72152.08296417011
70290.17426572755
71828.00717712834
70698.58642300354
