69826.83782331609
63438.78404649097
60886.61920741213
59246.594140999616
62527.64419506223
64717.13187985967
64728.27997719417
54245.28908394903
63419.80732055017
68589.29488407157
71979.70004045549
45084.82547422883
63045.18306105127
53575.33183252208
61137.15219303435
63874.78150542816
62061.773983468374
71154.53194459851
64145.18361821614
61563.069600933544
57502.94170173609
54074.858143060286
59447.97888582969
56358.47056664318
60191.22714390619
66340.05630805978
63697.12834935095
64130.7590451857
59004.902225315236
52512.34199674786
61003.44630560608
57085.19341500525
53928.03504855321
58882.200652915155
59165.38925500218
71348.61634945268
66311.77099356048
49525.46465419235
63682.393973912796
63400.44198969744
57227.734120864094
52332.25747966439
55506.56814517922
56513.74715313808
62916.75392239875
58578.5012500114
58167.88398574297
57913.919055018116
61533.51195590269
55898.61387307513
60975.06468903885
55829.637818847885
59992.63862653971
57917.10042109418
54782.41061574205
65062.95568002736
56307.471544075735
58045.03157044474
52085.23928727445
61485.81658155681
56385.54800556143
43722.158937915745
62784.575850681875
62658.258896703395
59151.74029182977
54590.537193446566
60520.96118536904
54895.48969982483
56973.04785467663
58555.430545730655
61265.54545883327
56003.08184746837
