60528.6329301747
54169.61028173149
68778.09802154645
52595.38950727987
57341.335375447314
58438.271859697874
60358.74689754985
66906.90369489892
60989.34619958134
57016.39152066921
67835.06364807299
59912.99490796086
59274.9418423027
57914.250392077374
59288.29397932412
64049.025548577934
71200.23609118597
60850.10856812328
62255.8589195496
65297.255819987375
47844.12020054571
60740.077043252604
70094.85567319056
59875.65845431776
57801.35340671906
65049.33817060754
62938.73865106556
58606.99168663002
70988.89290560078
63529.05857621708
58512.23284426963
59704.87533920834
64790.86573221808
69761.62361337843
64475.35749620491
55421.45589216891
60967.36965193115
56590.77373234312
56043.80420105069
62037.2701350598
58972.74310555218
57536.62827730726
57053.80841691206
60665.83773682823
66187.70403038821
64496.15424431427
58897.420639852535
69238.27948814568
59539.51778740915
46957.77319233413
60655.46958143258
63521.0886493018
67291.59601588255
52530.33745702929
59006.22266679534
58684.760619317836
64258.01767270722
49583.64546660379
47183.35095172855
61242.99258210474
68194.06444583909
63200.10798126623
60877.88635068673
58777.010014303545
62156.6755407826
58326.40351013073
62111.15384406209
54178.93273045383
59999.30013488956
61482.53215505171
57491.8758224907
58181.22400700452
