75165.73170973045
73850.63792402568
87544.64376942297
76846.83144347616
91932.08499975728
78441.20006662572
77852.83541999057
75783.4437950007
93353.48367067355
70279.90133584468
83240.04619678903
97296.42020663097
80896.81389976917
82045.48612197152
78418.99089130534
72151.43224157895
75938.20393108712
80010.16330537063
78870.93597169251
89265.33871408555
96358.85930085316
79120.95607024916
88338.8255152981
85045.54320730941
88346.57130816288
89275.59582674583
68494.46248614008
93388.00674777248
64004.808741516434
84890.29175841287
83390.62768586045
88385.7614485085
85516.6706043987
74605.20181907635
65394.82226704248
90735.78655949258
96488.3482881785
77389.6510128026
83078.21224206389
71532.59883666146
84420.11377282502
73476.53467835761
81471.74892107114
84187.05723260423
87897.92552920882
83566.05742958431
80975.346383298
74732.7984520176
84829.888394712
79006.30845539876
88610.65004916668
81095.75131609551
73929.06186781877
67413.26536726077
77577.80312036561
80912.02416095581
85827.5932105672
78245.40230932993
80971.9226025625
93451.45631225045
96010.4390564086
98984.83873392928
83643.38417846804
86288.77846288471
75020.02770567636
86929.22639575241
82041.27257545393
78010.85859294473
66066.38434424385
84353.78139221175
77207.81005152005
95700.9429231978
