67156.6006702608
78110.77609936679
83850.10560193208
65658.17999492462
83528.75002828459
84412.90482571708
67749.31154725852
100506.44794507888
68590.47748216132
77245.1440916087
81588.70702600182
78470.15422345143
97086.36802626842
73407.16851311621
87416.93673011576
84580.95316145042
93221.4734845892
79684.93954081251
78884.82393196442
88415.6564583056
80664.45525163042
76320.7010583824
87105.95396468067
77790.56811781741
69403.95448211595
82215.05346016813
83607.73363900423
95035.75514636823
88239.85075157498
87455.58401232115
84098.35250269996
71465.75701414322
83504.17372189545
66968.28199716916
77459.88626876877
74814.31162906588
82794.6083545489
84551.57250993137
72636.99840723329
67122.16758712204
78821.26169708898
79898.83093566558
78914.26081970405
79021.80334232982
80010.45712938393
86676.40515453581
86180.62676117188
85525.99755957579
74227.74048526875
72379.41115455523
69723.87005471624
74179.6044505547
82480.44738918773
78198.62085564507
95896.03983431002
84842.77494458617
68459.31855741328
74385.10874984202
86101.18568507968
75942.18996542816
72516.59179532611
88346.95495864813
72588.46301722189
83288.38325713662
80820.13727757146
69767.66799248935
83510.56150099971
66003.6329213276
75927.91265521236
85693.07569040295
84632.2944359394
85538.33296537123
