80312.11591605634
77206.36378158767
76828.0448202409
68262.0096913854
72505.89038750628
57441.26390761341
83259.88855864927
70369.28972079043
79672.84613915013
67029.70903421886
72436.83849706377
66451.31748042382
71273.20891882526
63135.41549388976
42096.545012294446
65861.69528591547
63819.558145133204
69683.54068242255
68519.38542253379
63732.57677930016
64638.59714474086
74393.85072214415
59413.83822263375
67273.0241829375
71364.2926478615
75925.66393361047
75504.98669434259
67267.38941775034
51247.75628850098
62280.1788094046
71788.19798592183
67315.57123852013
74536.96078484756
66537.24991518774
62234.98433002971
76339.523305142
79154.76684192524
61304.69762971127
66981.50161130329
52203.60108464689
72034.32174562509
69680.84547491667
69586.3414916722
73796.5144667208
70225.02036208486
66456.54331489852
65692.61561532972
74231.84855374566
62320.036023154855
70150.46287723814
68355.40429099198
71620.91266614669
64259.89336877023
72548.19762516407
73188.07547675414
72368.75266905512
58143.4171317564
66867.44168181921
63899.978399203654
82721.00731551117
73009.46528497175
68768.05137328559
65192.48505587124
67522.12976532897
69115.20945035724
60970.917200259944
70806.79156289304
68277.7803980978
80796.07847799748
75054.58856168033
68173.83710226281
64155.25027655466
