99768.08379608922
121957.96378013083
127881.80730948465
111701.68449690707
108879.96848998057
99392.48797953835
125143.99709523362
121804.86182693554
112988.54576174195
102543.6567037838
125780.32518104295
124781.14689606104
123996.6985682985
126477.12128559084
100843.11961142514
122214.38337296924
116619.1812613164
106042.44659554787
122638.83379315544
148103.24206758087
121784.72788793122
117063.49976202335
118477.11963574642
113467.62181101828
116200.64681616236
117410.43674145904
137594.75716897516
121608.14039511127
133098.15023142952
124516.61598769984
129768.69815636301
123250.95618079425
128626.08858943006
101436.5424649149
106443.55422514786
103391.8020392761
115553.25466639528
125085.99998916207
122160.53430375415
115378.69998559043
115750.05843866072
146335.7933747518
105579.19469390303
93358.71335207172
121398.87035122963
124505.62260208763
122969.11434144578
116152.69185348938
107250.62532326944
104884.97177790591
126085.21893096389
127365.78894329368
124956.75330913524
107170.920247217
134216.48363859256
142107.06601379698
136207.54303994696
106222.25010672405
114610.72217122636
122906.25015745053
107104.91463709791
92996.69405191559
120890.61855765016
113058.15205471907
137967.2560036456
121982.94485898003
96434.42862488069
129048.01551423223
109974.48643640113
82036.84268555624
99915.72588792937
137710.99995792235
