65221.72573224128
64987.299367725456
63508.67209634394
53701.219786042486
58208.27556473983
50853.725230836004
51981.081695261
60124.752542202645
60101.48722409
56913.822531381884
50861.5275809171
53210.59928020286
56003.163902026536
66042.00512682355
53438.62545870514
63314.04293188315
69978.75743344425
65061.80882098429
62490.08030203978
60521.32146434004
48046.566889725036
63389.043339195734
52994.848189953555
69464.19935412733
67703.1376151707
52412.43357816123
72720.09576748645
53121.29857181134
66113.47054601186
71443.62482341944
56335.81526409021
67941.80737410304
52393.44594118359
52278.3768168747
60701.930184768964
53943.42851606058
57961.00969856939
59598.738300097444
66660.6712506386
68617.78535650423
59614.17328992625
67966.96568663896
58362.7525812841
63545.14675457477
59148.069555385635
69596.34704354803
59793.07725246947
53158.661878359184
55810.83949020233
49820.38566280885
61478.608864642556
59971.27144338527
58438.053539293454
59405.35038040505
65171.645014913825
51853.26905255457
70238.24184883593
54087.42663289774
63807.83994024878
63262.04533608543
58796.04973433019
58309.532644083236
58658.224309678946
50676.209671719516
45792.96124326008
63204.61584269645
64720.60225597986
68622.80720096524
49241.814229071126
58974.733493514235
62978.184605760645
62723.845424694555
