93023.46232405883
100494.80520241614
112405.70508210486
108804.37696173672
102774.83610763468
94444.2796602649
95260.48964194507
116117.28208183724
95678.47964054771
77449.57805057759
87572.49311082614
102421.67317516124
107839.3706825216
95343.82351417017
99403.55549609811
102042.74777115064
104190.71574764338
113793.18092004524
95489.2685082962
76682.72535885483
119109.82135157741
89627.39909121118
114057.02324620426
107232.64845216736
108603.01294513927
101846.85533996757
88931.40021450003
109179.04829217304
100706.79918190601
97079.19713136282
110246.61286405189
105945.52316056725
101981.8300708558
89188.3992373894
106035.00919114883
98626.01884099093
109419.00443836128
85855.98321053371
103992.48480985379
108979.85399385799
102545.46859810651
89203.88311769736
87372.27682308313
84981.67914782582
109012.42363771156
108569.87113924905
111051.57725499597
98884.51006481648
93157.29598664965
112345.30198446002
115704.3663526969
102625.25225802923
99992.48577463048
106195.2077599859
91182.52937954647
109180.54572545413
109201.92259048278
95173.63929013559
97644.92557909107
100693.57163922538
94365.6137369208
89783.3834954657
112257.4496654663
89509.46939982592
99649.58550297728
97204.43760793349
80223.16774485857
98214.1449462726
93985.50783256708
108829.7126741501
76829.41231356387
107056.50030817541
