71625.32800601282
94437.72717202983
72654.7268509341
82293.27930742831
83207.61454225006
77153.78435967345
85401.8248218066
69145.99715334631
75589.20505884523
81889.42476930375
89487.17394042436
74045.5794884315
78839.1803785088
59756.951783023615
79258.80053883667
71457.45780105928
82865.35425583653
66255.24278657544
74228.74358372607
89607.46360474639
73831.89095333962
85743.16693419931
73595.90328570799
64375.67152437723
81981.49855883779
73211.3857666888
78719.29559242225
64604.52278774652
81122.3663576756
83962.19219369811
80162.38830659572
88966.92812791656
89786.26868612047
83164.73745886698
81414.38092328809
82663.89079203796
87826.54984862039
79751.70622561603
78899.76704888554
77558.5898929328
81529.84647789387
94507.37323656041
76327.40074959029
90687.38247550844
75401.45888256078
92634.64122061638
68351.57108603227
74150.62906484689
77451.16894647032
74608.24053928095
86755.32718416174
69301.40719155682
70565.22092955143
96799.19983664983
67229.85190141773
74990.04501235514
102508.73366300462
71591.47615623345
85135.77171416613
94961.68177083648
77787.93214476825
86973.32587899471
84341.92926171215
78865.73765931379
82631.0508349906
64811.37680843102
79919.02375023009
87303.2917244137
69748.6944134817
77144.83201547417
80867.55007007848
88277.52658271576
