114696.2479993549
124994.18185664961
155017.311920694
104583.181857085
114095.22555866608
123232.60979688553
116214.99863179182
120777.98725732102
109767.74961054859
128321.75091549158
135854.4769781978
117647.38969456658
155659.37449472485
113489.07269202103
115599.27208278773
131581.6161248844
120662.90288209735
127968.83899570702
113701.88079012118
123188.69003514171
105484.31179676404
109687.03166484874
122772.31798260813
120464.48608177302
128170.76727965484
108026.48274597702
111243.81671490631
115471.20080022464
116690.60580127678
121070.58151007524
112337.9610108347
114902.62519846446
118025.4514329276
127766.553896889
122795.09121794542
104351.68683753962
108481.06047347531
109377.14985454467
126624.19064122978
107086.60433620268
146976.59702140425
121718.56129694746
111193.248219735
106641.07757177275
115772.21779246084
90595.59920463881
128648.91981175823
138591.61573107843
130094.56999421977
104672.18169803807
151223.6667617139
136906.5980949499
133003.04581938076
114260.0699557461
119363.30024662815
133169.8037438328
134740.6144830337
124695.38728168537
123022.33833307907
122511.21166784904
104363.19814118753
120751.10927122804
116876.66578419512
121911.07832486689
119991.39668561763
130213.66224201448
125629.21508276692
128817.12845191635
119362.51422118847
128451.88095900425
107788.33891829898
117954.62787423423
