65287.34972748809
58895.845150113164
64834.657921901744
52852.26670114756
43170.78343167167
55095.24071765586
76431.12208920639
54972.207995392266
56785.626055238725
65894.30930382133
64460.1739275273
57487.7186347639
63381.032591776806
64118.842289675005
60443.52007621721
58950.19263062602
60843.66372250121
68737.2753580659
56362.30380551758
55255.22236332903
65151.122111002136
63560.728571933774
64711.02347431899
61626.256037718245
66993.12267593088
69336.25764246496
52031.033137662125
58867.09914840706
62168.54776823525
65796.92065172885
67562.55375918702
54990.99167343823
46898.92576384742
66802.7492778157
65400.39174640643
57529.00074894154
64641.143374909
56977.6307091309
68550.83916658226
61524.64396894405
49355.66940617357
63912.67338568714
64553.580833693195
53498.2676658921
68199.31336701785
48875.59091986786
63451.03127431034
63866.49886626751
52005.64518794694
59082.171558393056
58408.82740811451
64171.82011133011
56046.76264839222
61869.00035642297
55953.06087704334
69065.96405165107
48725.47265625058
60313.179301702614
57495.700131704274
71701.11460126108
67597.4053692715
57948.192173427014
55659.56378739618
62279.555978215954
68954.73616512028
62545.64336978585
52128.57152977653
64280.85067847121
60361.84902210864
63404.17609605473
67638.8242471657
67547.94944982116
