67528.23110557043
70427.49641694942
69872.03586265298
76868.9022372198
77315.02009153774
82448.69781977712
79665.30491102401
74473.33981356247
73122.55167404238
77629.67499032465
78903.76450494459
62347.54380128824
69136.91934569395
77338.12580277666
77615.7507451398
65679.41421603224
79744.0306118782
71395.28158879888
73377.61649432757
69653.12421492446
68741.37906812866
72761.63283496132
71833.62170132993
66176.72868385835
53745.70322652179
58833.10333766008
65822.49426396406
75228.22064691928
61888.103436726255
64650.76445495039
72215.7079249676
70165.21137446558
67464.62737487408
65293.3688540925
76616.6561091288
71780.39696892729
75282.24784594566
74954.51362005682
69656.5547286624
49425.18863651027
69563.9029643579
64490.50209472007
71413.70556450634
79524.67468016001
69283.04559997289
65008.87782378616
59841.83690547667
64827.394783890995
66332.29444033571
61404.98158729026
79995.83937949062
71321.36680639574
61905.39039479542
72712.01034973156
73977.55144757965
72187.06000812602
73032.80763457867
86152.50207023449
72517.99843300984
73167.38841663483
62282.54263652633
70126.62152771665
74437.78340856498
82905.8947868274
74022.87652930734
74560.56013292787
63781.75842945325
79570.8557119406
57942.47249216968
72817.90432355026
70988.10547711085
71209.91090128866
