98673.04155423598
93395.34301944725
104970.17652382504
80605.95322330562
83000.56208971479
94770.56812452753
102385.62119807563
109895.10036948383
96079.5999415098
99239.38563843736
96584.52935978482
92287.82008591028
100431.10564954691
99801.81698533449
106874.62392490996
98904.11386430466
101838.8624725588
99454.56044222691
107907.3725472412
86395.64573294284
102993.89183539888
111305.99601506049
107102.08705603586
97033.5799181149
96738.41247711612
93331.88023747841
119781.28001368606
70842.61897403996
86296.25576821333
102740.91100105192
96238.60576579497
104906.11925052402
96097.13486681187
86085.19426248214
96619.14836912233
100195.9827295984
103033.99439970894
96157.60298786269
118647.50305022864
101743.20813027436
82621.82144586372
97980.25191102437
90235.4679940526
100842.46009041318
101627.65938082388
93509.91040963982
90825.03569711954
80621.62037583956
93274.64228291751
88444.87808756779
96288.58494375556
97332.394008717
95026.80090111167
98493.27463261737
123877.50115734315
102147.68752143868
64972.95993947236
108566.45942639429
92873.774686406
92201.37944002781
94733.96274966777
96056.4833502999
87901.28814245692
106507.05066664325
104201.37800328912
104498.79451454294
88793.3715870892
107522.86208056341
104449.99925697797
101219.97464213199
112834.16441600118
101919.6894661891
