82580.5764610023
88481.25693417525
79020.57549163849
70285.48777489447
82994.41672461142
77677.74104734091
85531.13942185053
84047.86735956924
85654.62745714317
68114.06832250723
70387.30897015473
92289.33768600607
86932.99724561565
91838.78636338854
74155.86546974002
75006.24330149479
92825.55222090898
65286.538857124724
76128.57466048474
75426.76385925285
70146.05308166257
89130.16427737595
87051.01227802549
76003.39830214385
75427.10703975825
79265.35473879786
80357.77157145382
88392.44361629443
82150.67972130475
102513.00774827541
69723.86793659473
84866.86032843814
80487.71785058588
96006.81444663959
80672.27164530045
81651.79062400473
81987.42114507043
71535.38292056251
83580.56831205504
68828.69875264296
84270.84789914671
72273.79697169192
70374.73752355092
84449.66874140497
66479.30633040708
79647.92856929556
88004.753321885
69377.19014126502
78212.27670025085
82524.24482642961
76819.19000546442
74577.2759078543
76343.19678051875
84512.39823255682
90209.3469530961
82998.58505179912
76041.70736089503
83145.62679484057
61652.999387072625
76452.00000503575
77070.04623841986
77149.74334862188
82192.7334867607
73083.51205999176
90553.26257842463
70285.2338030577
79358.01868698468
85077.17315545166
70565.48002383983
80858.22688323072
88272.83747745276
79138.87896042461
