126303.36516966138
112834.47778503936
129114.79658279057
131957.72156755364
118998.23952725233
113035.48663991931
133247.18630240206
137812.8221495447
113882.16163846939
129382.02828230053
121405.66508760134
119398.05147076084
114545.96087424368
124137.3613491878
132390.64309256137
88901.97805255161
119400.00194266517
125013.86805723693
127247.16184627096
116549.69133484828
128924.2493805606
124506.86244177993
110393.32848019077
175913.8743977623
129972.59752823833
113366.80604334839
114967.65171553467
98548.39450474129
113714.43209653854
92484.73341422043
128310.0533806206
125547.38705297292
114825.37006468802
107602.58371180222
128377.49736613048
138628.83759640346
130692.35265970815
112984.89166194723
114036.87068915638
127701.38343623948
125770.63375958744
118283.61937657539
116802.68430826077
125204.17537750682
97352.86753428505
127267.22906910477
114014.61251593714
135910.68800162998
117076.22938663444
113769.43910916754
113523.96844961679
129725.85014111774
111365.8504498754
130025.49355426348
121399.23643693875
140769.045049002
88839.39561708577
135035.00660869083
108461.61430292304
129338.18706764924
141971.65400402155
119183.63208177518
136371.48495345938
131156.31166020717
130296.17422776404
128245.17750925479
127265.40146992952
136357.74248532826
120620.88075157595
131080.14286542055
113400.17128552558
140078.21781734625
