111906.93572949545
96943.9913976865
115301.27196562229
113963.26116356523
117470.0654460208
114970.95099765409
134069.12340607526
119050.71572193489
115431.33372985915
102944.16276787502
124989.07543116347
122690.19872350896
112354.43045882821
106290.4013219982
119184.47041470112
128586.56410297554
118119.51834481869
121281.66199465813
131980.77309202362
145392.51054256863
145167.75916250653
125764.90321070058
125347.90946817436
109403.10896872239
120613.75316953658
121953.6107434386
92784.48435286636
117140.35355487687
114728.64929451291
113837.3490781139
114086.73066003996
116504.41692038838
146831.2426549676
124663.43168209224
97858.25167496988
130335.24012430638
104038.52265892975
129103.04439446653
133138.6910489193
122189.14087812933
117894.95262062034
113110.01980599665
121690.06556861482
126514.6538612807
112335.07113180008
144411.26015195242
116914.99828996653
145170.8243409602
127967.7508576597
105674.29404420141
115292.36389125559
120938.51976563282
142932.14958571878
114717.04725256938
121219.08933881641
118781.1832777673
125151.48356433699
130715.21562824782
132447.753848682
140833.25484622634
118649.3568996367
114497.94022264646
108369.30009346716
108862.66949485523
132230.34611565247
114099.23830817424
120126.91095191539
126708.45588662181
117613.56894882231
105813.93279559139
123517.6859828956
136215.58466714757
