101263.94189172718
106644.47520607812
86135.56053760459
97033.49762228862
91752.79494748812
95274.32583657998
85680.45738052808
107176.68457826614
101674.61356321357
99641.687048186
96512.229467463
96126.80870296559
123542.41924794868
107032.53589557699
105973.42021827205
110116.52680116953
101217.98370664645
95129.44465164315
102349.36861696519
102486.14117979816
108044.8077475671
102286.36494904355
94329.93718401865
97397.1930714844
112592.13917495686
102622.87720586763
93179.99295236546
94376.40059391955
108140.8676448265
86920.56786311624
91868.24692643703
108679.42586291129
99362.88588768762
111768.8876925195
119131.01138550176
106135.1378185665
99656.38523277815
111700.48201385954
99851.09457242546
106815.12967540455
96078.83939854804
100624.9245138781
85051.0695936961
128422.46362348004
88537.37830619547
101805.69194783912
105297.95638672425
91151.69248875376
110642.13507846092
109078.28138640375
109921.94452543961
106042.39210798494
103484.88142784678
104307.46540366235
112170.0256225264
104446.00968510973
99308.53547400616
101826.38013174992
106552.33220285259
117676.20682434655
109963.73949114326
91731.95880284403
104806.29931632853
116114.9432437627
102485.0926663083
93146.60376554847
77082.58179974311
101092.81322510859
79430.07400722007
104686.90192961007
90056.69190554877
103303.63192070031
