85405.89095938133
108451.50298042555
90487.13670213922
84762.03141653702
86876.97138924937
102336.05180098274
103719.44466300929
89343.19308098615
92248.26046087465
99075.23369455605
94663.72350727355
104233.69393991542
95685.51908079007
101099.16713302396
96588.49758598983
97664.65648914942
93754.86055507576
110487.72630857566
79474.7809569343
106501.22555763189
106574.06073452889
101710.11373359637
94485.56402295036
88545.12714358966
97696.60219242572
113165.17699467005
108753.38248639114
104957.4056642134
106447.97846466028
102216.09120122039
99868.9784922767
104183.63591798235
94075.20839265756
111615.98767165652
91196.62472954101
106643.89180985212
91028.0309364053
89848.50619709479
112189.78692618666
107429.89915653065
108630.48190038247
123275.51645417589
98529.10936787442
106333.92836396034
100911.49423038281
91257.57589032777
98926.03889602832
95444.06022810857
107320.971352227
87742.84930960696
102132.76308845484
109703.55037620981
99655.53536014969
94960.66007871433
98231.71974913994
107867.98584781385
89248.40135023027
99418.07423370301
109171.38631613318
91748.61110144347
95183.39722366334
96411.49893647544
114564.53579837024
113931.59855017811
97852.97102926581
88211.30035093549
94050.27610303384
110247.49397790874
112469.21481912049
95914.92764891371
115690.65773932711
111312.22331188286
