109667.26400933084
134259.2064608013
100551.51399929616
101793.53427591808
126696.57297821832
115899.4332925141
109178.48110370603
122769.89179046889
139276.56220445628
136090.9949369142
136590.16804507337
122248.17232622256
127472.35270726803
121824.56496186751
112265.6432569119
113851.72669953202
127588.31127392633
145177.10050070175
134274.3461742544
119820.76933689522
131519.7651460349
126893.08986750153
102410.8620227846
118079.55169180088
151572.46750501622
121263.95809400146
120504.021598119
133812.08470234615
119440.004689021
123133.25147806003
125575.9046059842
101925.68269981896
111909.47080983265
114521.76203764266
132719.18284100425
126489.68040201384
118865.46704884066
120547.85287752005
125557.54593499287
116444.80973348628
131932.6616917986
136905.48156178914
119362.1266940558
137647.5120400119
121360.28609883612
132201.1497090128
123210.65138072302
111918.6652195937
119988.89139260002
98476.2924557852
127706.3823985483
125233.44354975138
109641.09669457661
92748.96750351139
118284.36766389127
113167.16689713257
130039.84180102238
117388.38865585749
93728.89195532695
126580.31819698945
119001.71619575871
141331.51337311853
132197.45859112675
119375.60924708353
113136.91769598817
103096.85490309942
151092.92074064672
112096.26507598619
121196.1883185693
119934.55364052323
128138.96838666768
124248.39495648697
