88499.652320605
93845.26489005811
79280.55873404209
82773.74379567167
79743.14447123441
84424.96721204976
74027.16129126599
87598.52240234058
103926.68706506267
82163.16933596855
74946.82060044033
67989.51740579313
82744.4343257489
96759.39551847757
76325.47689325984
78275.61837902824
85814.64108006572
87093.42134710861
70292.34415233466
87695.62809431674
71452.00224084426
69955.94560172742
79190.52335131905
83282.16743403045
92547.52948246496
69869.1901464712
84540.57870439421
75093.34485639066
71894.02232725747
71308.48937000569
79673.34017084251
83200.49323674264
75028.97857005522
76153.46586109312
80840.43841135848
77167.29447654859
77198.60574725438
75703.44705375453
76701.30190731684
67775.61640662883
79272.01509350227
85747.1567542594
77491.07265601396
77104.27892341773
91471.56724464928
89646.5723602232
82687.89742293982
81310.07778595568
84201.7062021609
90131.21287101514
76498.93597806232
75660.06343276381
81816.80322076396
82535.43325562558
70813.73979619221
86257.70032468972
82609.17790140603
90225.4138621463
85613.87233896363
89672.02011513856
86040.679442175
61593.92141864829
77962.82353689364
73499.829071072
86261.1148569292
82160.16900797728
83614.1561083671
83159.32139648712
89839.4736883337
69975.1805886494
86160.55077279353
81308.59858517129
