59358.35651770505
74914.32034251792
65603.67757994855
75718.54329627228
74436.04992684952
65816.48385529294
83368.32644864859
94524.19728337562
71046.69244597122
61126.107337239555
69466.88155800749
73472.15248143872
69809.27028858589
74510.6583234739
65457.8498660606
77724.94693282868
76903.21307499222
78030.29507311701
69682.98496448973
67870.29662243067
70647.5950126028
60381.48233660235
64533.321111466
73749.49910766188
72977.89349110304
73465.22693446768
62268.909161179276
64537.409758470305
74117.46439950718
67799.44299626001
85459.32534073801
73229.21187782753
58904.813157943405
57260.27261183421
74327.59152136385
72037.82499120974
51777.934111756505
71170.83389822312
62956.69652693607
72639.8673995364
73185.92635375333
71149.89044627194
76197.0100197339
63689.871915030824
65812.17255650705
73253.9918246608
73218.55023542009
67756.52121072802
69807.44898645024
75075.87823315758
61090.95246162232
67298.61223348438
73218.60809373306
71751.3231913386
74137.95055566388
65766.12000908436
67345.47519815667
67465.42433103129
70825.38418097801
65103.69043588884
79210.53500209229
70219.17851441537
73091.76583966955
72763.32469253744
72371.09038189147
65457.585983518504
69735.86045671637
66286.82633704608
73340.84002374201
60192.160456743615
71162.46068354846
66422.45452753696
