30575.46954571139
31606.493468278877
26795.89853018363
29509.686435207244
27207.870424611
31344.94584140702
25119.94678749417
22484.878127524746
22830.443739653965
34494.99536482747
27309.35442579624
28663.519841763286
29991.333239406496
33312.57691991478
31227.321102401846
32239.018408909975
31076.756050918804
31856.46995121868
30350.2960846724
32673.305389605543
24843.052520509038
34969.06113412458
31640.3644983027
24816.69339478527
28595.55725788109
35444.90437417904
34832.9288587754
33284.583187268574
32373.479389667493
29889.512306208824
27638.518274936785
30422.774749584612
27506.315351332916
26093.626153759993
32734.19925120099
32794.00421639982
30740.507740464152
30206.413130352437
32125.395533309846
32457.94403339146
28210.675941373353
29725.424382939604
35887.35080571763
32000.62557201347
29665.38652034659
32171.27013846124
30452.223676552356
28077.208581839932
27549.404219764852
33640.2988822927
27160.77785391699
31024.590535544645
27537.61588025371
27403.501341599607
28187.338730655792
29160.51455601879
28873.876406485473
26302.820751841646
33707.968105618536
29167.386478675387
30967.619930129677
33038.692563187986
33432.31366565799
33295.10974076173
32631.28979625545
31108.27891882113
26516.425127091086
30400.777460224876
29446.829931005002
31907.87256260706
30979.10313839848
30516.39922553873
