93244.9467181508
94544.26362563703
92347.00010849857
100602.94504485064
89375.43950139939
99912.43401794053
85939.98521758837
91337.95411255569
91033.92644814309
96017.42587864657
102540.7285009744
97263.7201377884
123191.12354196468
99652.16152399189
106914.60774536863
99476.66167501354
90629.28185858262
118514.63476183036
101869.99829954341
109581.9187691522
104038.2354701157
83905.48473022779
97758.1768734846
92588.92393285924
100707.6068487807
103788.26434625342
114299.92431224727
90004.77422845406
99426.60974715519
115994.62868021251
103285.52992675526
95234.42112065766
100004.15200928279
90788.50929322632
112797.54384784424
99551.4316320028
78104.41712084634
95397.4452805492
117005.66477727282
91049.57675123725
91864.52794478505
107975.19525612646
90005.41211014059
113322.46018869446
94962.97066130345
93770.4026550584
85935.55931074082
103378.91689202569
88725.07651027678
91643.56378079728
103267.59212116592
108313.79540147062
101370.07618348238
118214.1011816183
86805.13046688783
93254.38105992592
99394.40524736201
115060.19413264157
106447.54836218746
99359.37118298239
115949.93525861284
90351.28844734957
88801.41998350501
129971.4488636716
120049.78453353683
97745.34636121872
102589.25784591862
94032.2943667338
91061.04943131037
99898.12559236253
98576.62063796628
108077.49778821258
