112475.52983940758
111827.50816826554
116834.05326938821
112668.88147855013
118350.78273066961
123195.6943301682
141647.6244398632
129837.90193204534
109777.33876728694
115888.37089770696
117339.84246930429
126812.48530386179
144978.93295863087
135184.84889435722
133204.76123379587
123524.99369289364
110623.26939670357
118056.85470891684
122941.83504165593
127478.0798419601
111495.78919564388
124130.79267877823
135098.61226555603
101761.71671961228
125243.17143155911
118381.92991450214
118746.3157294561
125785.47642147138
130759.55417183062
105459.91852541773
109190.41859158939
149809.41385715856
115352.24442812987
114374.04033956192
110437.68696919184
127258.35407269238
114805.45519743793
120385.50814696442
112337.59751009484
117714.63276562901
108507.90010239506
127982.76864753454
129659.02913948543
116695.8599528564
138615.13224495502
116751.41553350423
112104.5889905814
128174.35484917449
113560.26402632019
133987.33275757727
121162.24332204438
146454.3316646993
149082.1809309471
116138.80831943762
111411.39593836285
121919.12027424289
149853.35696680722
120804.15453030505
145348.33858248033
124497.67864082896
110747.11877540115
125182.50144719247
122833.83824418088
145435.17589063765
117496.00579526825
132486.13335051035
111946.64903584796
106731.64954566394
146532.86894824874
118426.97239059347
117671.19478108911
131614.30710543913
