79439.82424294684
74677.51317876508
76413.98805634724
73495.93468270726
73087.04424157551
75926.10514512184
65355.72468140036
62630.073541134254
63304.86866991881
65432.19684941744
72867.53224336736
84092.3544436523
75424.06267452493
65956.88317505304
66817.93589670591
73582.892611756
70557.81238090956
77203.086272738
70850.80633067497
70972.65480270548
57016.21397834209
62513.624986457624
71951.87355873529
67200.64303847538
69350.39180643548
69186.69263812235
72725.14899041853
56400.912232592906
67252.60721769829
79024.86026767013
69453.4148658303
68879.51192767367
84033.30283183134
58461.03606614683
70968.04903672579
72802.5077888744
71468.61954661598
70671.11587661895
72928.53105512165
66927.54178851278
74635.06446692989
75021.83755484379
78840.92449573184
61742.12220042851
72242.99864550636
76152.61437438591
71242.22388468862
69221.53071964813
62289.99754468852
60238.45538827172
71784.01523283798
67976.82088648628
65022.4543395554
56506.24255998553
65803.31535238893
70975.55432239828
67576.57892283566
79454.24651032865
76464.24578651419
68471.29573262628
70057.32278151259
63386.08411008006
59313.61860660089
74187.95121329583
60219.961530029956
78119.39334694392
68719.57198744694
66031.3038317284
69229.68675605577
66406.11112667076
75711.00968640386
70768.46729807931
