62596.17615904681
49442.488028043204
63560.76938153117
51887.033029361555
55463.157286136186
66485.2643618885
62833.38105322689
57030.6317464259
66412.94498349911
56347.14536493977
54234.11242195655
61304.880388545724
56846.01930015752
60318.50456520631
61860.147650389656
71185.94777866085
60276.796902803064
75011.21562425508
56202.245052054954
67521.37072645174
55170.63171885183
68927.00721191271
60527.24794039095
44072.622110999204
54108.323967565615
57510.30158989858
72091.81615096754
63428.45900185043
58244.66557369394
53574.556538700024
64354.122501281956
57691.11517086064
64618.94062458625
60988.70873782736
60949.38134858208
50611.841346995796
53807.03806968145
58969.1302817954
63939.328785628604
52772.022166803654
56755.514391312834
52038.8998928425
51077.382536141085
63924.110201400996
63892.44396180711
59389.46749876943
62747.21744049956
74275.33004425383
58315.73053634072
43414.237161738885
53966.66287707976
56028.07867425481
67161.89911025453
57041.478410572476
61595.23209153286
54105.597196959454
59455.00689076639
56352.2091241133
51695.39907298754
60923.360187232334
55845.787675814296
52799.39980855244
59280.117032121416
48483.82807694596
57165.001013934154
63327.22382084575
61973.43108293323
62070.548520568176
62043.76582406641
52273.2033637215
51620.93619866603
57689.70728374008
