26078.96333766852
26277.63214188897
32496.009464787578
27381.159722186847
32913.56446126457
32239.161419471442
28076.355261390807
26350.755268511453
30446.994021222563
28270.221717421773
28772.881874261675
27929.368245024452
25834.752770509018
34046.44570683651
28710.31439484743
32986.946477253405
27305.052431362263
29569.88575857147
29747.630608301402
27361.02583811213
25560.45664112718
32730.369874103762
29836.90515833856
29152.605531074685
29108.034245961182
29473.485379561847
32425.462644543255
26942.445372526057
31373.61922278481
28497.89337564359
29698.656202111222
27874.584984253677
25694.780379370368
31083.016339983227
28009.198158232615
30680.258645494792
33713.46305038123
25360.938702325835
29430.406963689285
35932.97925648568
30525.42013018511
32337.466802455132
30673.114776894527
26022.664152040532
27282.629623215646
25399.328096655787
32894.726897456174
32854.14909801552
34139.7378254711
33256.09188079103
36565.771934368015
30688.822419729735
33748.99105884021
23901.713230304584
22955.933779732983
26665.937690917726
31837.98978074427
28916.730024220706
29042.306963306884
27401.781247077397
31088.970477783274
30249.464850999288
32818.12389999787
32089.285419850556
28028.83189161415
29994.067306702596
32844.38410066014
31142.51565097061
26144.959626126136
25843.615835055043
26104.977994403373
31838.78389963321
