64964.50511545117
53537.22218069078
65163.23937722945
62278.569747126414
70497.83394362094
71859.90542777756
75722.80038507388
64281.119505877614
65035.75398956198
75664.74243297114
65056.20809488432
74023.9897478936
77050.73871861151
76998.6333359495
67636.8569359117
68923.91467178288
57942.01761674253
72519.34220883455
69890.41248664932
64964.20643005451
59746.69404249634
64305.64825388851
73293.14443461041
84322.59795392501
83657.21298003058
66443.29936038746
60125.82955148172
75087.18386314204
82222.3665577009
72510.5488531976
76543.64189524998
60480.833927306434
71079.70204984506
64776.72215388747
58119.59919515693
71916.44165795752
73485.72741764954
69431.77868496219
70561.87919769644
69182.51663162715
55326.9778127787
78544.64988169559
62951.30744790178
62446.98663075382
71285.64178868834
68202.43919080871
74198.09692760921
66779.22687193422
63219.89146609884
64206.98773357117
67514.46623594096
62182.46708292215
64815.105812737536
67789.826863199
70647.96255259612
65400.53294195904
71448.13160096439
57556.34833218142
74247.46707393757
64243.16370888754
67624.27919526375
72473.99558530771
70330.88355981687
69824.5542284921
64456.035502656836
64571.689197723135
73995.58595413799
68493.02554021461
77971.5368467556
78382.19080314212
65805.61813494921
77538.84155738396
