90547.02337094658
76272.08476914214
102074.12681866456
105426.15977494878
95608.13133534195
118829.80681093098
104075.37775640372
104176.85870638442
91786.68096695853
94084.14641172794
109717.10531905985
91080.96001857369
106590.2430548143
104124.88715293926
87583.13705573125
88588.174774087
104068.78118530042
104651.54136481331
91155.27015176222
94628.2890771447
89906.44604714715
104280.26267997919
112808.56127281986
101761.55806901585
97230.86503313668
100726.221799392
105397.89114827756
97897.77648515778
102592.36685809144
113516.75703247996
104815.5085149304
89573.42084569616
99534.76993937767
117387.96191990648
75162.76999304876
111523.50782584646
106501.70028305448
100293.67016401984
112984.62264284772
107604.66228864138
97998.34719836299
126931.79654801301
79372.68183229494
104224.61510873438
118004.77227096212
97860.40775179856
104752.15435259946
116737.91503723862
107047.38540833563
102620.0034550006
104286.60882375325
96602.4776637735
104512.42033071363
99628.98579131838
111534.27904651256
105937.616013531
115027.13688357387
102654.90746707183
88184.02260633899
84596.75300126313
102447.57549177537
88608.95642176263
104214.96251707738
109436.23800768385
86344.21957090068
87227.97802148576
106764.58957196111
107800.97058746057
80456.38182257304
80589.47613792629
103362.91052549546
112828.03124256537
