132392.26676338774
131184.61859034727
110445.54649632136
106996.91522924697
112379.56701853371
136227.38479113783
100299.57709567164
119815.23590712833
121625.1155583877
124342.48631977319
127398.92586379808
109529.97673946146
113691.39216192899
117180.6424574556
127481.54657040308
140275.90757946653
134110.05103707407
135820.66501627708
121174.92707780535
109379.36022225373
118221.79520629719
109645.46054842547
111775.18121296058
104699.91040457602
125018.17619806483
112491.34320613791
116249.83533204111
119841.73030304087
87004.81117574256
125929.83730943277
125205.7282044414
131551.333886485
112888.67886914164
142631.04577775102
111782.55820579779
138531.8891174094
110579.0752044935
135445.49240308898
121832.98582210782
132546.28271113525
126073.68705489764
134608.6188916716
121020.98870273179
103370.25017849122
117722.8711096793
105626.49234440664
116991.98803322898
117547.86108289922
137444.35032175537
122268.85142529332
103453.22785773846
125774.31018757561
112202.19645095333
124661.65093426414
129001.1133940283
119760.44510912587
128142.05202809516
112815.04336345507
146307.5415353129
127573.49573562422
109911.62590766218
106975.09993512336
126101.75941320386
100354.47438330579
115905.74692349568
114378.85380368303
129491.54783050886
106877.8390284336
123385.62696128506
123047.98971781632
134138.90801954895
117489.913534705
