68015.64966699411
83970.20740320526
72202.3506801643
65786.25765420901
83725.96723291335
79929.73701576772
78219.75577404714
81482.84242581888
68447.12511518627
87622.93230402669
80237.82120447747
84396.82888043488
79268.9347097365
76677.64392998537
86832.57030438782
64256.85429505547
81557.0360896188
70508.42182674193
80238.08444056842
79627.20976486939
92274.99763246803
85579.71046144207
72495.03505283095
101208.83328798761
82009.07661075091
87792.66467170785
84346.49708657933
87831.21974813395
76269.36082429932
79380.60845907131
80014.51330169951
73233.95155412923
95535.32866109184
60595.01139753883
74962.81577504234
77978.75835407348
77020.47667884674
82535.34358994971
86851.5905486958
78745.14414405025
83908.34178485052
89855.16545785718
79216.23747187539
82454.52892016353
97727.45201992716
85598.99993794394
84683.4296549873
81192.99359450606
76016.81139373884
83994.97138845516
84499.59032280784
90111.07898338603
76247.82592852863
78428.36134300767
73306.36239441071
83180.87824724762
83547.62067651121
87857.38915084426
72801.5162533201
77097.63990416692
66839.57593536298
82809.93133381083
85657.41019622315
85742.61802977775
85139.4171939714
83749.08235869078
78797.42409203708
73020.96146177208
73605.60689415
82529.47519232235
63835.472898861124
77970.72792575035
