61380.33833943961
51661.43700551425
64083.55675563021
69107.08308204162
63794.13190677916
64363.469330001484
53733.539041980155
63875.12401475603
68815.12035799572
62867.87311500768
60659.74979508257
61607.40954119815
58568.3410800134
58306.609906294754
58733.97729549987
58233.56568617862
61588.297926352134
52322.745863251206
59962.859245943
67160.03924297144
66442.25794521016
61639.76882284569
67086.6390343987
64302.59073041574
58766.809144900355
63228.78595423467
52738.90785478256
66299.7366864398
67891.33311915347
67346.5649837013
60642.26796694689
56274.046514306254
64685.38556210251
64790.767786648954
62429.39263454883
56525.837534551385
50530.609576247625
56423.8213907642
64843.04460919335
65064.86900786539
72608.01086479882
56918.21129432865
57812.11273456492
76631.01602404848
55060.870690183314
44529.44831509244
58183.43981415127
59339.974127225345
70068.20241698407
61442.542128244575
69763.83452767007
66312.34428098472
62506.51392023201
49629.38458073936
61365.105684053415
68381.64983879586
58402.960569890245
50984.06352913745
73523.42261610363
56625.192628313715
52132.13903414845
63809.8169545875
56758.18036034386
55285.892141228454
52508.43093251206
54749.76807377853
51704.307004226124
50965.07414431303
67897.27752628595
58882.194947919284
55901.94067179997
54715.70220045557
