125241.92099588456
107707.41324637443
112308.69024949767
125500.09340505213
129281.63790855656
123191.91245099205
131745.58650942842
114471.07719095887
94522.85412137161
120814.48561477877
107914.50304448865
98805.93557220325
85213.66428137188
121648.52457246635
133022.8700751945
140794.9650231789
134424.01625058346
118306.34053631115
114782.67919174589
130495.50094234466
112810.56608797079
117441.68422443066
119824.35832874957
136740.1609640274
118111.82815323149
127870.62464494345
120654.38099833946
126032.84271983776
130575.70665276113
138820.52313227355
136216.18247098912
109957.58091086868
122146.02847584705
127153.11759907674
118429.53784811507
136216.34617331135
117940.49112083814
122435.74671862466
141525.07107555453
136507.40810727965
105112.08645019152
126738.02729405543
109941.36600543257
130716.6401314472
101757.39600776705
131599.51376697305
140058.82259449246
149317.86979328064
114437.55741480901
110514.18862363533
106159.25313460798
118590.59667434747
123005.37310903094
132526.78010470222
104997.367562952
110810.31210285517
104166.10167736828
118239.36142160473
119870.87659571032
117444.38311169799
120912.06378158228
112842.90460037047
103411.70040345422
117918.27035562508
138777.91081161206
119001.39345304498
108131.6516484203
129284.55102332715
110061.77023310613
109497.05649763376
108578.02307957248
133790.04511408723
