51782.112530450024
52326.23990499037
62390.65107971036
56365.79696328968
57645.07040999177
56103.62779239425
57651.30578584171
69758.55636947461
55377.915351735246
42915.94685730884
59855.25281840187
52252.45638562454
57737.164259172874
65296.87847919026
63817.70483513893
57743.07222226966
59967.80452244114
54484.13336668568
60382.86499419543
72500.46296112619
60540.79299408928
58652.33609709625
56812.67083538487
55042.88082256652
66351.11400151301
68038.06380758274
57734.73204461241
46879.223958814044
65697.88542806823
67688.1641800065
54979.15690935737
60560.95447591657
50027.64560629823
64025.422943453166
49323.99167694497
58695.87630604302
56523.02378952321
62705.11868379243
47006.01114733485
60658.92850030216
68354.11346827858
48845.74221415824
57208.219944055694
57942.910422695524
63319.404794926166
68466.15409125338
65056.28808719774
56235.9120486838
67323.12402030926
63764.38140533252
61424.639684771195
63745.45931643312
62866.13397029665
66414.97685498997
61077.61905921429
68261.36124704004
62137.796236771195
58552.30540474604
48609.623594847166
56146.21687352875
72909.04944782649
60875.06516803789
68249.39549247398
60225.77289241935
67889.28090515782
58611.931479917956
60361.64397857519
56798.496234866216
57032.85285944011
52868.789807410416
52106.68067458231
58048.780915612
