53453.839078876495
55892.91305279119
68744.49430249093
64028.02773542202
63536.31360909261
60049.60842622699
53430.4925695485
61183.904465144726
53142.794540559065
67586.81739580727
58977.45716600345
60876.10002656312
58561.226303944066
60183.9716662594
59023.742300045276
59383.377475604415
62176.53396693277
49494.2445457893
62720.8470482394
64007.63426556846
69181.01181755337
69933.71473160574
65563.50179052788
66451.72986299297
57748.281034258915
65762.82462832815
62963.22808022358
65920.88110343264
61161.519890667965
58739.72932580928
69320.81038763077
54073.221204410926
73999.40127482249
46499.3108872914
63979.575667569705
69560.61530585117
58324.21197194327
54954.95878516597
54567.32263161686
63682.20100081187
57591.17204428157
70033.08261240715
60677.82882249552
50071.315934760525
70009.03623145407
56775.77598681093
58129.75331670253
62483.82332421197
68689.21826636647
55719.20315170737
59260.96400720415
65005.60559160116
51722.95590716274
56233.43880234259
63878.84414695483
51237.73224610535
60794.99960618556
61230.97765705499
54016.46919829056
65796.19752871367
57308.98834623856
52312.5997930025
55120.22448452872
58000.33817393773
67672.43144512415
58256.95696464213
50531.4983020084
55636.201196703085
63392.548442668616
65017.262875920365
54525.13660860725
66699.75758975555
