68980.99714227623
61673.42143197486
52611.278910804256
59092.3911528184
55483.657170561986
54324.77469749523
50546.44718134071
55027.94969267085
58787.773457902316
58495.77575819296
48949.57987369304
58855.86265127435
55946.02610451317
57259.014261134216
62848.99710660029
58365.37311146178
61003.63586992984
56489.02970948918
58108.415198187824
52955.247863488206
60278.79775496843
62017.949671485105
64838.85067269029
64079.97449786766
61852.07915650419
70248.51336889237
62044.34222662184
58628.99544324689
51403.92659114105
63834.23607502188
56380.72336936968
59847.67878163396
53398.29532548558
54866.113213410055
57140.54866071784
58190.32321671284
66759.83956699322
54841.85452588122
65413.37446909469
67308.58710935776
56804.056495383666
61003.83370825693
60909.8582192243
61768.01020169119
51090.55158368089
60261.631244750664
53717.13960673704
55239.785206050976
66351.05825276113
57634.71510294074
51082.25602652703
56831.608568842326
55840.152444458254
57219.25766903294
63784.73748262948
60723.013714508445
62037.6722169942
64570.29195541738
53918.2001701548
52751.06079700129
59195.23248569412
60574.07198729202
58578.84169584897
60132.31951599037
62609.945657700104
53754.16355554534
55254.785863771096
46387.861183161316
70798.40475160911
51062.85345275181
56078.334382267916
59982.78931159921
