84217.37112175621
101278.50971671444
77581.05156413146
120957.18682248177
83408.33129428588
91989.47230102122
106498.72853921463
100643.10988338146
105860.2913412988
105924.84380778998
112514.64884367022
91010.0279517182
86456.65616829575
89693.76509388887
90922.5384567993
105038.66901170704
113272.30552153273
78276.70138231677
108547.41900566677
116058.12053780288
111138.50913914753
88031.3048179771
108261.40206289281
90385.12373649313
126399.82416151305
81106.73415982242
97656.52995606048
100082.31209137217
91539.7854056724
89451.7885244636
113901.78045582335
83953.54465275534
97505.53653097666
102034.35189219663
94577.4023295811
100634.36378104099
91667.02286432819
101252.54412888477
102710.08788989176
103732.03363121313
110663.94184693118
93189.80473446714
100732.26997864193
97534.73892434865
122357.34486810598
110780.17556987985
102792.9806042152
106286.53685629005
86500.4271191676
89060.6173235585
96536.25823765046
96438.63147193856
104880.18904094616
103946.00753092021
104545.21704832227
95916.49584108168
91886.53682428563
75342.94678732876
119111.33844162412
93496.19211912286
97850.35063546915
93316.38110012269
98905.18562867543
102114.43440666817
99531.71219930922
91295.32194181508
74292.50643380865
89839.28167399595
90673.49504732895
99058.59962408207
107860.3696227782
112628.93858429302
