70892.2946434316
76272.63362282088
89699.26508534925
81482.79972778722
82913.20066258051
85353.1582672524
77900.84476721741
85598.98039347921
74429.12707980227
71687.84586526014
75086.99948030914
72570.185653714
87366.94445304453
86131.46727855597
80220.28625398164
80405.05301942765
66837.41197493553
84380.03350420225
93905.23061547881
95004.08691803068
74611.95981940452
72415.62939716954
75753.67300761545
94966.20622111404
63253.63297163198
69220.1460138077
81944.60093925818
76604.08591640077
83211.2839523809
76086.52993384266
90262.72939718692
86579.09674962972
83970.1183509389
86612.57473359852
80630.02540758601
77983.23857493453
84835.84291751175
75469.87674697176
78596.12523744858
76117.12149982149
83721.3994001721
79457.7268956538
78445.52562371493
73174.36425523547
88598.14106500082
94757.84867546312
80214.52879462934
79549.05593295807
86746.42571144286
92918.9381750237
77322.04214967783
92759.25318400175
91085.51355028189
72209.04277011903
87511.4931688087
85271.8349776729
94276.58765670678
84568.3722855054
75519.40732293976
89405.3540200045
90406.14099949639
79070.35157339662
81575.16113519945
79242.23422878826
92103.90354498831
84064.31139421058
86737.51465564824
77323.1199872831
85145.73283213396
67448.12022589307
87397.48085118229
83392.6231444023
