91708.25547529987
78757.54934473975
81913.26655168776
82718.45741534834
77978.5684721319
89896.16402232302
72255.87795795068
76693.02802464084
74900.09174789606
91085.21027487658
87202.28961119744
78253.85060855528
82454.58156552473
85501.30911349575
84629.63512113602
80203.45344241588
75448.40386812425
85199.48922963545
82720.56757771655
86105.86341620925
81131.91787339834
87461.86899840465
79745.36224324134
68789.0326149645
84293.61520589562
83371.11738570656
76816.41818838399
92179.70280675888
73083.13458302236
75722.1603709467
73261.45071420657
66232.43591345516
81024.72327853926
70906.18299620728
76027.40606980037
87141.54778296755
87698.83728609372
89326.18439499734
86243.80204055746
78944.22569690415
77825.35343503661
81929.91990660639
70274.25147919531
88772.55601468777
75018.06844738133
90869.24758080672
72108.26147418225
85284.46682252196
87516.04673916656
83068.57193083399
99287.79896591674
70210.51879754274
80957.90529626772
88969.30774915534
75777.75130965635
69436.9204412059
83916.95446437455
77574.82508208681
72376.33822616762
72216.52742474404
86772.22810918376
83549.45883947788
88992.83296691682
70521.40088332987
85723.26591432706
77501.75407025065
81125.75501679217
84032.12200599391
77987.271111857
74489.57595900877
80560.88082584036
75796.88057401286
