29362.8369769102
23333.774180247114
29141.512116602593
28942.83022904802
32330.573002418365
30164.674182572104
27587.608936102333
28668.539072755717
28380.810505264784
27926.634561346153
31660.052799515415
28622.640195295735
31710.531786083775
32083.190765720272
32131.144702632813
32297.218670907303
31389.1501862131
23489.912195662615
30606.155745835953
28578.134187615717
26948.37003771916
30436.370728323298
34340.71377345
26496.994343848095
31350.545823018707
29785.0295692873
27882.12234412584
30160.988291917798
28985.93244892381
30713.549158320086
23720.267274654623
34034.96719239926
31778.2317287329
26316.569731528907
28628.308021771303
31856.242348621865
32350.697651386756
28346.50943590158
29885.527895969826
31331.25270214535
29143.814751043792
31013.33875619918
31201.929348870708
30711.068692015146
29854.053540956444
29641.01295921514
25282.74754676912
29587.99275263254
32535.12273940564
37112.09433543674
29497.48900969515
30935.444700430995
32537.800561724845
34810.77479293452
34308.886240535285
29643.07699575503
26361.52064297969
28492.869962429017
28384.27304864426
27481.876858077412
30654.698858630352
33797.14271110633
30847.321656093016
34552.707301481765
29732.794035644925
33084.75382022516
31605.569138321156
30944.939988308208
33611.493789287626
34097.5140460299
28734.832099864474
29798.349220029297
