86339.78794863568
103412.4244284645
83406.10631319523
85357.4454779282
97130.18524215734
87346.78662804366
114025.53551598995
108291.54188120167
100182.833229
87696.10339786978
97400.62356763605
98337.90028035408
98957.92343823578
108681.35359078174
96991.52475185148
102563.6390072696
95528.90044170647
90049.05096098565
102201.31156534575
101533.88509055332
91841.55575786544
89915.92211529036
92336.94239028671
108877.17621745079
85682.94978527105
87760.56241831246
103796.32984369306
118687.66304082888
96391.50066186498
82706.69834836047
102559.63251970119
77161.05623178477
98776.30899189087
84897.22052233451
100252.62774675543
121948.36328925144
103870.15988165884
111016.39902218465
97565.97933681133
101822.85320892833
90059.79086986661
97240.23863132134
93765.77728661394
99775.23270290965
101512.89591119868
74085.27286645223
115672.93997962182
103889.61009633042
80096.09670456694
112086.34175145971
119612.16045981416
97629.39040205455
100916.60077507187
82119.14076565753
113811.77649819433
99028.85345669472
105444.32564658148
97943.30803964587
108103.07488831197
87289.92193189987
111704.07731217335
92832.02556197427
111152.38310438753
87576.93640638981
83628.36684031636
111456.66577189503
102011.61165834167
112415.96764782154
99814.69771447188
82118.37881870249
102055.2702131185
107987.31150307617
