61104.47236096657
60579.74293454535
47929.43181223166
65204.592165324604
60911.978031795246
54251.34170776682
56685.40153902035
56048.49835371936
55416.651443180905
64557.28443913804
59647.30334532527
56099.77845472769
58437.3805101339
59109.84721312242
44651.00033736501
42650.55503024676
58805.65387233162
58752.75517420206
58193.87454734459
61755.56363109754
62086.56043292963
48871.084638781365
63428.786679771096
67175.18064278892
68742.56870493334
53336.304222438346
68503.84020270193
54137.458941860685
56590.27479878969
59214.33090815821
63815.72997887985
53205.945805195865
61942.01649576225
61873.630353909684
70544.46149086361
68899.3702133162
59677.080657504746
56021.78036638161
69644.1802192001
54172.45639663793
56285.829506393726
51229.062789180585
58708.73212906277
64633.86542442674
72272.8212456762
66721.27609972861
61812.10002388415
65378.08836930942
53291.10207377716
59323.87337982934
53698.421297364606
64366.44921218338
61451.27494510682
58273.07514236127
62653.4014805832
60845.63310928655
55955.87282861686
59146.53334451335
60848.58935658499
47955.223157140776
62094.15976648777
58299.61261873746
59007.482725782655
71976.18884764798
60216.01911275578
59967.973235763115
51371.18009964744
58883.19695377915
54874.61899992702
60024.255714261
63706.68388070819
56269.79440999104
