61248.24342884754
59175.527575683394
54245.16563637285
58900.17305465593
50318.234408067234
57008.12862379885
65959.58125348337
67994.87544960479
62143.51056205588
67156.90332807998
51035.64765828308
54764.07310306484
65838.2295619987
49030.843614918995
56052.27539744693
42167.600919246855
54237.875051644725
49141.56025792179
60500.389016689594
65440.26976708231
57510.55685712015
52298.83442908156
51652.40099881501
61277.094482261586
59076.76399245177
54840.94140229001
60618.633993571064
62322.36334991698
60907.36164581381
59062.77664137174
53259.21198592466
57134.17315928793
54060.2972187048
56077.175547151965
68186.91786484692
54123.97712654134
61117.00686171249
62363.92464808081
64870.214882221255
60154.63245682464
55469.7017640499
54432.23421031003
71439.04038188739
59152.58916187599
60365.756509632054
49278.5338722235
54595.28611176843
59719.78327020443
55257.10135119031
61607.626112678
67719.76241796698
59717.41379915554
63621.05942288519
63444.12457641519
65506.23714412486
60499.95841257034
53942.755276832235
62971.47682644694
57632.021318870786
63871.019292820005
52495.103151286705
64851.04487214788
57690.27345051582
59672.5788622561
61675.37155323873
60471.00407861601
57617.1510044801
55987.59450683063
70629.99294308026
63993.77772283847
56937.18183297897
68590.4665946071
