27993.943899229387
26903.213553429687
36778.78213685377
36866.61120357169
37728.6893176024
32688.0995912309
31247.988860412057
32779.013151012696
31630.38484653741
34095.541010812696
29820.144308103936
25351.928220179205
23717.325074887787
30833.36961237522
25265.214372914616
28865.54532701048
28247.50660390239
27505.831125827397
30894.005751572993
32678.338296004807
27181.393450930806
27881.571756945665
31234.06914667627
29777.7134029142
37118.03429767258
35014.48189210455
35786.72184823375
29939.1197024099
32478.59672136249
35066.71600905798
30988.453470525186
39721.899060457654
25909.173706228503
31779.901095433586
31533.680057698653
29083.494989521565
24675.186457259413
25627.669321190795
26575.9473859294
29778.885572456722
24464.943361478072
31495.81300618077
27292.43161453166
31239.13144609212
24895.708601885555
26919.438091116983
29309.650823683653
29673.822429470107
29383.58416097283
28335.68703629907
26166.68935279289
27952.724234867408
28941.953578799876
28508.66673364911
27333.008523051405
29085.377829077996
31368.484415568448
27052.074628997794
30723.991946970444
32911.65219327864
30831.121617969817
31487.40747729519
30141.54349207387
30901.529739827824
33374.0023814286
24851.321890486088
31335.853096007162
29434.914904454457
34100.30946802809
33068.292428279165
29729.659339070062
35646.306731100645
