60991.31539843356
64895.38888530504
52381.037289919455
70502.71049958414
59521.19246861756
61911.80715344837
53210.63838391172
55600.11347161469
61611.94189802175
66461.07183860644
52055.94098572228
60129.12971554676
60047.74222940065
58822.68128958903
54269.54158223592
66216.5711859391
67546.38712321346
53442.91682602636
60931.44043672195
62664.165583204776
53659.04502603171
59610.80087772774
65587.42501670876
57674.46463988732
65480.59850529347
47935.281047232864
56467.4061762226
56951.87333739934
71117.2416444295
57918.350532298566
48872.254214499386
50137.35283626941
52910.66900682741
57690.9289462199
66582.13970007314
71032.0098775753
60674.54725867636
53000.07497192493
53158.020321603464
63223.311037144
57464.76852976054
63074.00925051853
55641.61236328018
51783.38736763965
68376.04334396086
60633.085239610264
69146.71134830065
55616.39450612508
50196.058467094874
59280.96721227578
65520.183733542
56381.14879974564
59334.775552712235
58324.16333527411
55962.72810185245
58960.75032113663
59367.64458555782
65987.70650085028
66625.81950466438
72867.86915704409
58628.690009860315
50526.62661421622
70127.55494085012
58809.97815938252
55909.96656110803
65427.48890188552
51643.761144042066
65813.23515793045
65408.876540801815
57689.84351156272
64010.07332538453
64578.91226616284
