52848.003767843955
60612.94461904244
57510.588325865254
65753.78958957149
57834.9829846683
61453.57671602116
52169.46946693736
45922.29322829952
71165.82549153759
62334.82720591969
54430.71534750515
56519.52681061813
59032.602683541445
56346.44950936178
46772.89876760736
57975.94585587036
64274.32755070334
60905.8937332343
53471.567612013416
62967.5288423833
59405.64002268079
67911.61572340509
58167.45718929512
58120.87010850543
60469.821932495484
54428.146581094166
64083.56870903248
59360.84936632937
65734.48050543127
49675.400840498674
68490.58061261085
56284.37940383598
59837.7141547497
65304.83907624671
50578.0468910845
68686.74125407396
50389.07225215643
68486.96822399888
59485.87327962552
66685.29105107093
62164.76456095669
55837.3250840394
62491.50729826366
47266.22598762728
71149.56178827859
67163.30103111756
63263.708380587756
64439.39937255601
55458.56567621827
74441.81615873198
59686.335477755434
61627.37752055134
53673.99535441255
63929.64073430066
69108.12029368841
55489.92298034751
54529.33221632291
54088.11815847762
63400.34855358595
52821.00741898648
60293.1689460371
54122.4170217723
54790.5590298095
57403.98237342062
55400.57802716986
64733.2659679502
55595.98719156263
71189.3557736853
49206.84818212641
71400.14529104793
50958.062759682
50734.23999340614
