92209.04356860736
73739.38516160943
60754.77402989128
74100.0912292884
79155.51656606102
61577.43402784714
68790.44033262279
89339.42994280464
83453.52636009446
66254.02050938559
78267.44966383874
80895.98936610436
82635.49498513546
96757.41600696227
88676.59164712345
78686.7703758602
73015.00359227713
82268.62840655612
81620.22770174444
83435.42217168734
91723.38746423778
83566.61696596583
84695.53772143763
87655.41618490509
79846.43001897965
72547.8157639928
90536.20869785352
78847.47771827619
86256.01965699939
72670.78437097298
86039.11374964422
70346.72162049144
85867.30727142659
70089.11450947756
67743.28976018802
81378.13506025168
70736.21653660462
74538.30955111305
76449.40629907242
75857.36757946425
92008.43754483412
81006.09867040146
80772.25766484837
76261.32311066063
84933.1094681367
70285.10132356049
75889.82514396447
75043.7783684894
80443.64273135005
84084.70393526516
83389.81796583046
83500.52493436745
79593.72088701435
89558.160885832
80484.92081550993
78077.19498381572
79278.29408392875
81705.64621423944
63810.122424060384
81158.89849831817
69809.21250175548
70958.9173480114
85049.93841150726
79222.16834962915
87872.57852801321
92143.09034823888
81744.55400076893
85192.33854686521
83064.7014691567
72692.54893178484
88605.95862212229
94325.49467826556
