83562.78156251676
110270.21088124058
99652.73144929885
107582.92277822983
93406.7277973669
95246.74109730576
112129.15790547366
90514.48956076779
99064.20924847525
98092.85394489471
84139.93715752228
96122.52882759039
77909.26977556807
82073.89659376114
106453.6164305499
124041.24470647839
106386.17412661198
94145.30335527816
89128.19863273362
95546.3529434107
112787.35426899149
107242.55754287218
102226.87987909013
100142.08023223392
99597.84742427796
98339.10446833179
112561.22627434724
88179.47723768066
100046.9848661605
104129.89809199833
106817.06179937885
100934.95263675216
90839.50680223272
107774.00837894637
124842.92870320355
81911.01922182375
90923.75798302397
110591.63792676112
112228.44245645427
102810.46966406135
97401.61753484659
85423.28605126006
99239.30734010835
104877.50680972471
113410.74916223402
91602.58086821686
116210.70878862745
110734.88966922584
85589.22156997441
85631.29725948295
93128.27713949363
102653.36403562913
99720.95609553464
105059.14975685735
76630.74386218774
99985.00327413043
110449.82589312868
99653.75187369152
98152.22131695195
88295.47857427444
82105.27252957532
105592.09803774509
110842.31664823162
83996.00761566315
102404.56835360252
81106.23123233538
98161.64707983726
91671.22090074071
86862.71384651323
105655.3673533126
96882.79631802386
92351.19745655169
