62716.05097168616
67631.43980878798
60292.72065531599
60077.35045067619
79874.89650691711
65048.736476183025
82094.70259768209
82118.93957910313
83090.07790507576
72228.06147738479
58368.24146246021
74362.1981754196
80061.99544986198
84233.86980572488
76733.79364870221
66377.84960901045
72212.63624414163
65603.95615886486
69664.52405669191
75703.85935380307
83030.97643384484
73874.85410932108
79653.10462663256
71818.13988542184
76657.129844491
73772.44325129199
67872.03492953753
62678.99105767543
78535.3275239523
64914.522063090335
75920.35045245016
72978.67262220483
74419.35198279111
59319.04920826922
78657.16480105615
72511.95952312807
72284.19375979148
61486.0964094075
78152.2915288675
73004.75735509765
72287.91164969279
81788.02199221194
80190.8327135174
75712.03673430078
63943.60629473983
59096.73890885832
85062.65585145996
73718.10687636069
66516.67914844656
78588.91122004105
71101.55039037616
82763.77487126643
83923.23799154299
70923.17606160369
79332.05761145233
79872.7919279205
75017.18328724473
74424.86463000896
63446.998117384144
72233.76001540653
59642.84387582679
71182.87631042491
72192.62948163119
67878.89232289643
66636.83055368277
75759.47452845665
60704.41201975947
70123.93119582812
61343.74654489201
74206.34819738613
60518.17177534588
70154.67258764645
