60815.71555893177
61310.69552895543
62839.28500865448
59772.017929439804
54641.67803630028
72392.93991399674
70884.66214095162
62804.71969463065
59289.81470751684
60112.562986288896
56465.328892617705
61839.82460541441
66237.3497712853
53847.99248017379
52125.245223124475
65388.899443933646
51638.61989780744
65824.37037530821
58396.116715129705
60552.12091171546
61899.05455767686
64395.817863375385
63271.573375013235
66611.96479708928
52275.681840932615
63974.12597631294
62313.698582501784
55554.56887034585
75987.71168980566
53610.27019927238
61405.74212233889
65846.67504609878
57068.060524172
75190.985421336
55227.99185329084
62026.386617858465
48433.75416101703
53536.97377552469
62073.01450601065
58681.624470499606
63165.55695556903
62313.39969959239
63943.38714029105
63950.80695073316
63189.79820716338
59819.17283379649
65430.90237802312
66419.8604145671
57366.084456797544
56839.96136005348
67436.1754641959
71494.41267119092
57445.135357208776
59394.321241059486
60157.61292998943
57636.44519582276
59857.772850865505
56532.65100785507
57897.698942601695
65743.10902535425
68156.36751292938
60409.333308096604
57898.44600163407
54119.14579039164
58444.11489751495
58251.39755022313
61908.342770561685
57511.098145970616
65568.98077599819
66862.76300511425
61646.94724592339
62860.40770061053
