86686.86854384674
112933.06290077865
109908.29241718158
89995.45313564983
86738.74448174294
106826.10758171865
93350.39484369606
103403.82400071569
101651.268796939
102867.44916127593
89594.7510391764
112706.3444769762
103542.58914247867
115800.00297093924
108600.57009939119
104162.29976296601
103644.69739472815
79511.62503809032
107092.18903998742
114438.62421248342
112246.5289227604
77889.34811124143
96655.82852347346
115099.85979739601
89423.22116904518
93503.40142856253
102593.64450400714
101533.9360836671
113816.26645747575
114145.04097147928
98489.49591971065
108071.60225566172
97359.6169799531
107531.61659349641
116934.73481320149
100519.97376697033
94468.79725233941
98162.73907723241
105938.46601091283
91665.36126258405
108375.4327072706
94201.00555837112
97951.57438750907
103853.85261262095
83615.30249775975
92462.27924043997
99413.42693593001
92218.14785206807
92779.17600834691
93496.93531353316
104229.76965109115
94721.99878751999
109009.6906677491
116547.93562146992
105055.57355449577
98569.09818398331
103944.48614905388
103462.9497060496
101417.05634008216
83465.90915042158
95450.03977173675
94284.94282742376
105932.55425131385
92958.1750135253
87249.73193121469
93887.64724659988
84713.34232665249
97071.46960574662
119111.83262415901
91707.57266667277
103863.0965150351
95168.53002164523
