75126.88688564663
89877.04100952252
75998.77591138905
77602.02133737979
81907.88271857768
76673.19236006992
75372.48501537021
73789.18245221573
89506.52037792583
103650.70060436778
92415.43414234885
76186.84312404665
77656.05027855154
80223.93513074679
74446.73653923515
83806.46463103023
80634.40912989077
84729.17783371992
88396.81783925592
74923.9568913637
83766.37625406326
81523.13483684641
73406.96863035609
80561.42721909378
93070.40647162305
94180.41885535231
75296.06747681121
77879.47525921879
77526.67768514031
87096.93608455254
93999.25585394214
71703.37457140045
81019.91864310195
82302.45176538853
74039.66964128107
80734.53732493169
82821.948139363
76514.61478295253
75209.22732394062
94476.28621875703
85081.23695094802
87370.12641887412
84084.4759687643
78639.28024590334
99711.07565067282
75752.90450891624
66686.44550482363
84035.10680662283
82477.32443337778
85076.51739334724
80879.82799049444
84116.93799903488
77622.79162778452
85778.82552016426
74742.51162382284
78857.94034738645
84969.97329551217
91226.06801769814
89225.20214095674
71981.92625024372
86388.28950448072
72611.75450878023
73968.27627053478
74709.66822258438
80575.19215767072
71062.68356868823
92916.35234156466
74948.30300741846
76012.78795903955
84091.01807607725
66304.58278887969
77147.5674920286
