29262.16048341423
29026.500888829905
28165.350955649195
29971.50100091535
35903.276899543795
30310.9877910708
23358.662491566167
24315.35995839475
31926.58373150457
28922.66060301127
32320.46222442652
32475.750963167084
31328.466636088076
35243.539060792056
30353.897742012465
29385.40055706212
31067.93733791037
28416.20531585934
32808.60180467815
30731.557444382066
30224.31895953191
28184.928670796424
30022.878773292432
26951.763905363892
28467.587223931714
33453.1324415804
23483.146300646196
34443.06443726033
29846.390970150842
26871.870051365713
26834.736137776647
25651.365520344694
26896.32422434029
26439.969634574823
34586.491197912
27177.54512119539
31097.142347762903
28850.645781352767
27955.070282899556
30886.70680242443
29287.483248513705
35326.01371375891
32273.341390355086
25494.35003505693
27479.440986953632
29904.850298932157
35122.25302849672
31005.80509368392
39044.34721572669
26035.548152787545
29025.182106039236
35020.7690320672
31241.53943795295
28713.784994210608
26330.84879480127
27241.34844659477
27332.17360276587
28445.530172849347
26237.418098374772
25872.101812389967
28400.640613633397
27576.52548074908
32012.771002889076
34731.69021171119
28439.13746067998
27786.548239391217
27277.767495027398
35405.40094569701
27765.730554679572
28295.41610092565
33072.20151721565
32830.752248344674
