96540.23187458662
82206.50470808837
70773.48195819686
82476.82163898954
85484.65686296289
71264.73041448086
88698.02984409107
69617.1520533294
67701.11307567821
85667.5782225592
76650.79738551463
86366.8029158398
96395.5457394222
71713.34378836778
66795.16372766755
91794.72855795133
85947.54849409618
75752.0337128063
73615.88142361771
70805.89580178927
81778.87442066688
79639.85307054826
69344.85699450955
89702.30502272084
99393.96561349541
74212.06396826565
80689.8036498936
71212.05439459265
80645.70963841377
71616.84689713453
79576.50784488392
89936.9235767284
79023.53363725175
86336.06646695019
70971.90671987481
79997.9791145322
91521.03381832525
88292.650088762
72305.65269232301
81626.81150770119
88337.0461518056
85900.43436200089
74125.81492867248
77220.84137655236
82758.4803976206
81732.59381469821
89748.07479989986
77448.0251079329
84037.98659290743
76570.16718756936
65566.6080394585
77982.3397017787
79452.75446072538
79564.29168067792
63676.50298172242
78943.52814729259
88845.53266844273
69141.96710754352
79937.48226904175
70043.7687410317
73912.86932408075
74192.72459880346
65116.23049930748
78882.44118062285
78209.40941833948
74782.01339120687
79569.13514938306
76171.57712389354
87653.89852335757
76944.57041429037
75020.8014892876
72993.05143484879
