28903.824702939633
35031.90796716334
28920.806382089966
33477.41789860148
30972.35181757363
31061.36722374957
26392.59619316001
27711.958801829453
36351.80005111219
28457.889787605654
30849.53766675877
31227.700292168105
31112.81282568477
30519.59233805621
30835.442978611387
31350.337426119695
24700.424976470975
27555.544124926404
28526.759890939018
32914.62318619228
29428.40236686538
30538.95417601352
31859.268320566927
29639.72068852316
34736.33192417854
27109.08329846263
31290.688563534575
32886.117149674275
34067.05962765018
25136.472585510535
25984.85520966247
33437.75873692578
31406.756411620703
26066.015602889547
24481.404553386077
27861.338177261794
31183.12777094492
28290.28716902739
35003.85374543263
25979.954609960725
27448.201119907397
31687.83239084322
30472.932084821507
33397.159128753476
35905.47905556022
33073.70452834023
27476.77890114859
32975.01101524694
31369.432630945597
33862.77583015601
31473.07267514827
30753.909270538068
24602.901684617653
29652.951309194705
27662.655173257885
32874.18038992227
34820.58341413315
33539.466849617864
30586.525329846205
29417.15198613547
26145.917181086552
34040.07475446285
34733.00759773365
31165.06557485918
30003.34377350289
29456.842221259936
33741.7076607781
27789.139992706816
27804.7622794451
27648.470375135366
30804.932792226453
32795.17547068177
