30377.256977796347
28295.428187651956
26747.793773569734
29712.261451180046
28935.389108363408
33782.673562167554
27933.173672057306
29882.210833913232
28014.450020087446
29352.935222346157
34751.769030599215
30773.047039090503
34967.22652895815
31027.670295991364
30418.16291260117
29204.627049758612
34210.26952550673
23823.134949860134
26721.979860115658
29455.39909602101
29433.22220953842
33168.46681631417
30547.09023796266
34074.12591662531
28942.412821263155
25015.164054826073
32282.483120961297
33550.25157786589
30981.08779400146
29317.37756472186
30571.205691361774
30744.590123416856
23632.299286944333
30048.93506358058
31336.760508139403
26104.35703567295
30426.899312896425
28065.729775710268
32787.02106309668
28056.01408848279
31945.713145223195
26911.876939076985
29571.52909215491
29163.555904053457
31132.641029164606
34288.199545517164
21530.608414751132
32790.53639604223
24804.66361467873
25334.7879497827
32158.623666218333
29086.118551230087
29434.315129707593
32526.434165075127
28583.60294756056
31056.56892742111
27265.982841750203
25057.416536318393
25763.61300811672
25699.675900216236
29026.686080801643
29614.048662161567
37914.51756232601
34231.86341672161
27274.75461763146
29500.87266946829
29202.160841038247
35537.42828625066
30023.484346131012
29444.163449010968
28950.04575392757
25541.656132588094
