33730.34921370252
30909.10240565323
30593.822345877074
31762.22042743202
27061.073346435514
31296.156716375142
33633.01851670144
35012.30106811227
33476.538418124976
28701.47113334082
28730.68762113703
26371.867559655057
28488.149540228213
25371.692417425988
24895.374497757814
29069.039477184684
32390.06019793412
26276.566211801986
29493.284241922323
21411.05945288283
34163.9677043394
26119.22658663314
32148.854153673048
26580.401226795766
36164.49474033037
27772.381768598345
30945.343725473598
28703.016201807823
25433.69572429375
28105.27701362275
30229.055985445848
30505.30513376157
29397.14233189463
33999.6458785339
36544.25921652957
30760.162224125408
27825.802807206634
27892.925050318474
28886.34837662192
28296.043700404512
32501.243753549097
31019.886125454173
25383.176731531647
28978.435939590887
25968.481726611026
33169.44903311034
33585.34965279567
31391.224992714964
26115.920190409903
34075.87406942251
31759.889929440273
27428.687541912303
30340.747771424856
28170.256973914104
31535.90782700538
28044.59040828996
33523.38129803157
32502.203138006415
31766.91699191121
29273.863088267262
28288.69879811066
31457.930153230624
30515.838028960923
26940.166843918054
29328.394179427196
33283.59198237788
24426.188051768717
32496.921625536426
32567.166368633712
29884.836656229076
29984.497847276878
29500.5965639965
