83944.67455960781
60790.10772128286
65481.917098462705
56808.6044461798
78767.4217554738
69656.6023588641
74858.8885412637
71933.59861218798
75884.16843775679
63351.28570655519
75281.61942480017
74636.09288331594
66732.90361091756
64984.49736947997
71474.43537080455
75887.22672378636
75423.29661476893
60992.21138578313
68920.75960992118
74298.7756155238
76660.67066132156
52396.68660619643
66629.66276849736
67299.43400197237
68620.87058686222
72001.70640566072
66806.93591353805
64791.72869192661
65277.08512768974
65360.232019881434
61468.51471543724
74921.2592558024
71454.20994266386
83990.67066462954
69576.20235215651
65054.55756305178
68741.50172354127
61187.10619684756
69362.38575369735
58905.36784363981
73035.62043220647
69950.6031446128
69929.8785260563
76839.03237304781
65161.33642924222
66015.24645080947
65084.65273230203
64784.39645090214
81949.16649555303
64914.84860595963
77805.69492977497
62507.432293994134
71476.07003163414
83090.73616188811
61712.99696395683
76238.77930813008
63440.14363807369
77504.74227549262
71660.46486401458
66628.26931686062
75316.57380168504
71537.71718160722
77322.9914825719
67782.2393423015
70976.5747883022
72241.89869364323
64047.004518508795
70211.45124139497
71735.6368568606
68911.24596212355
73401.5645682299
58584.37172018397
