71418.33376667368
77974.36749950338
83119.61560546557
83844.84043725606
84990.9591093866
76972.34375837314
87447.08003956992
70552.60018866223
86299.96307603404
91486.33068417391
68832.86399615051
83715.22168175648
72040.1249962472
77314.14301716287
79805.11337136968
93009.91735795069
88251.44098290437
78883.65302338738
68850.19864742027
95506.84853336554
74010.98253577604
77393.19926329548
87636.899228327
93396.30175245936
82251.27732221442
79166.74749741309
91047.33138977255
72948.82568123391
88844.17138633809
93478.20128765488
74475.92757788216
79055.33360127121
72833.57969738882
75930.81815280953
79548.84047258178
61165.657203428826
82651.59121473644
66730.08884541025
79752.57387162438
85160.21454248513
84733.65711378529
82259.84667815284
80434.67461416159
86810.76447912691
70921.04165173061
81115.90716981585
86736.75764999045
67587.90855016938
85429.33141023063
74966.16805327332
89480.57461939275
86185.40756332182
76047.21703913824
85347.97128222404
77634.06587449636
84719.93582572555
71186.41634359401
86498.90481528775
92751.12885247717
75919.97839067869
67376.81464570703
75421.171198997
71513.67811051894
87346.25001391613
71354.29934219876
75619.41610168495
80036.6384685915
67494.0271561041
78287.01755498782
93038.14910417312
99623.8356222521
75134.71875698882
