28673.539688029465
36287.124524942155
30560.7168608555
27941.683979011657
30242.682719004657
32632.895519556092
33561.026709703765
32749.45821274321
28162.238138699002
25697.820316493868
28823.1614093987
28653.55380929412
28405.540411076094
29131.298387751693
28463.916089229726
32074.18331671059
23444.420969648385
29413.055438163803
31328.02256122776
24011.453495741927
23208.632807233254
29252.5936849359
31735.373384720457
31020.866989307022
25070.720080079715
27961.833813117297
29554.851060038127
29467.33337898129
30354.716584119557
30575.07008339339
31730.278764993578
33475.86680783612
28766.27722398498
32891.93951388981
30697.57292378448
28404.158909871734
30280.976051314083
34570.582541525866
31376.0800880634
33358.76251205772
31597.516857904466
36391.92029937284
28587.769820499743
32522.895222936302
33252.607125148745
26391.018524347815
32945.75398506964
30844.36159844202
26417.846262824634
28782.61030421872
29478.053061905954
32858.76139471586
28084.142204521053
30596.708245961345
32344.275212901965
29018.944949490335
30588.15034284759
33565.63674440617
30142.727823738176
33336.9493610606
32748.587866940816
35401.92992660761
26473.61431402901
32693.468295581122
30266.067229129847
26415.87509169612
33088.49547044935
25867.418569960286
31998.499148731113
32272.607762318894
36307.736749386386
25080.58033389199
