82647.34025145051
109626.65373388074
86159.72097397658
100645.73584824719
103832.29755392019
98981.11592220509
102287.85000278761
108680.52449964802
84290.03934262224
116028.22166225342
104770.93027969748
90437.7855777614
93700.15709429365
106262.23978460283
93527.08940738777
89466.23524407983
110152.1649277404
107767.09466913914
86650.38125997591
108377.0979871948
89983.20112001107
90500.2579695132
84247.62965077562
95894.74554357344
103668.81501455492
98687.58971389188
90012.95279588444
127247.31927784161
103720.56827004933
107811.09118049363
98213.41612826686
119507.29255148376
110535.30997914304
97416.28277496749
109200.97884338514
90986.83990541358
102127.23968569754
89137.93889094566
105304.0611544455
94767.08828959551
103409.16362466941
115888.2227206955
105455.47562460582
117852.32277153825
77510.23858289293
101291.0365608779
83978.89523596749
95617.50929924166
100903.36502732305
82102.05718904301
97255.20579511294
109486.66074850516
109378.4954246555
73076.29657636321
80848.05903293591
91254.300734977
82663.1221933649
98615.3308432178
111072.32524905347
81893.24367725375
93280.42347310187
113536.36185995433
113778.14631614674
95584.5184970132
104514.35162265277
100055.541769651
91376.59310828014
100822.80103969223
109360.9954849915
111166.62520980222
105452.4101545361
91570.90278297258
