60827.054770974195
42965.8762902402
65003.7960881203
62559.30671130946
71166.27974166255
56147.627854610146
52448.45577683612
61511.45801164818
70022.30255507234
59578.37683585929
68951.75076450683
59982.838243773425
67984.84637462204
55954.850457374436
66097.75899136727
70636.56354348533
57667.47868239524
63499.020503004205
59371.882301780555
53321.056661228045
58294.536068146284
65617.7308279558
60548.85904230339
59865.891512535876
56599.69880426133
61090.98368905296
57009.904957829945
62965.40382689933
42288.88381965931
69544.1332638755
61215.99561284901
62322.373835632476
71201.78265979255
61821.272856358104
47258.15170844825
54221.71747826047
66681.08571641195
54108.7428168441
63705.751176037746
60005.29635511597
60782.49646803417
61886.42715784782
57163.39233830568
54976.17699159254
72177.05833707092
68016.55454808306
62230.72633859144
57014.76092440098
57985.01891957848
62967.57589597651
62231.61455378253
57494.85286108408
63369.362389873255
65963.09664144168
63807.235750183776
61804.492952329434
72267.96086482343
54054.096960876836
59166.66702245423
67884.72590920341
55158.84797834222
67162.69579271897
61715.74101255476
66808.48678820122
63885.621325504115
55423.776223664325
55886.43720657218
58236.402052210986
60036.90317357086
62258.14511966268
58649.11713092422
54444.94381180173
