82743.06399643426
73716.17969786405
66034.6723723987
65922.86276499406
77959.25959028395
61880.44842647853
73802.21510956094
73187.21576094061
69731.99502537264
70450.94826812408
69591.07507176585
63976.14106049177
59840.484166614624
79150.92993458039
72909.02750238302
74700.64618808086
76496.48900860216
70118.39385214166
70749.8403788524
70546.87730440104
65017.81668596454
74012.30768421752
75032.03754460646
57662.75113668876
74209.9849910913
67959.98544984998
73298.63156523251
76309.23322242705
71890.42759879825
68022.32209700067
58529.50704785098
62745.85261793076
66678.06662015557
75700.74555568115
69931.10755475929
60173.7206781783
62180.20211528221
64244.32470248735
67525.25115759904
71650.49360760613
69980.83146160598
57197.64015081182
81981.38793507846
69286.59126479655
61194.37475676284
65905.60495287119
71324.30249372796
50594.58209084533
80964.3727003242
77700.92154418307
65019.294599769106
70446.78618191791
67904.29656156899
74933.89933649304
64661.64913339844
59719.00922339717
76750.40480986434
83614.5987176946
72876.40329183447
64236.488269555324
84503.80123357048
75732.95241324566
70579.29211931965
71983.92123383255
83988.19301122768
76138.67589091952
73591.90630105976
53834.70364219263
77398.41745555725
63473.99160921587
71947.14329998467
61433.56665011708
