123149.60114395905
118704.41772295503
85165.50228884458
133337.57630368535
115523.44814831547
115701.93832824989
124174.62569030275
126595.88803275395
125755.95992241126
117284.17955320836
156010.58096633642
109096.07155281166
124468.93188429606
116886.81687798272
108111.63122245354
113321.22279834951
135255.90543368744
100952.57893333698
127146.01800461319
110842.42462515394
103359.74871926568
128195.33323932502
132860.09893046695
106424.93251593412
136911.94115227944
114002.38863691584
111861.57212347198
133263.0446140647
135243.74134017396
118259.29994430176
117104.65893419656
121582.2604721098
132644.3941496704
150618.9358170334
120257.6794093271
130640.12997202568
139408.52400287671
140475.9482332871
118875.98781349785
113474.07435499041
115384.66195866319
126857.12472901218
128277.97666966333
133264.4017301931
126696.07843490991
118860.12179445314
127723.24055743437
98424.5796506861
132298.4718896002
134898.86758746923
125925.69431510562
120939.60585869127
125646.65532019867
87782.64281967648
121578.35370575463
127628.16093489657
118209.83174063548
108007.55029245531
111360.91003378031
126619.392613797
116667.99089719968
110339.9363569728
103513.15966304918
137422.35751983582
137264.45348844456
132165.3659993334
118454.78817274114
108549.12020860237
89608.86602174732
125880.29396637132
141177.72358722182
147804.95638330013
