110535.84120256417
111475.96570390782
97219.66764774962
102143.61760137156
93205.02742966278
101458.77439735392
101382.15900833812
83384.11016904036
98039.10687030066
87831.01854453878
99968.22905391136
95467.43726113405
110686.01474863186
102787.23592463876
109332.20148527429
103033.57143086524
100901.70372439444
98621.83993825945
98035.42253353626
116987.11298936946
95185.51415057371
93155.18012374065
99959.84511529897
83277.57146371063
100676.25657723004
95405.04583986118
96070.53533620626
97313.82170923763
89339.01852916308
104366.22089443583
92145.29649565455
98082.84120000382
99812.93091563812
105975.73346385654
104199.5789558364
88118.81459768087
90748.43570460571
99618.5627686151
115145.19329276316
107223.79132335028
99839.33368407894
88090.33634901157
93562.7738595898
86071.40706502582
121885.30786096581
96920.17705244153
108772.88333785134
98030.0711036255
93409.59978853664
93351.32647037406
109797.54214026414
92345.3513188434
80626.67900692859
98392.97166210618
104401.09221852929
88938.24525312376
89337.60214222132
102187.48572488294
101694.28330943671
92085.34957975296
104672.21409229212
105253.63249578279
92336.74150263163
86024.51069344525
97155.54789241921
101069.81727731008
98773.10672924986
98926.15158412368
112405.91587990565
97439.03800627163
105472.43747950468
100480.81940654936
