68036.96746353371
59196.947411899426
56874.459865712444
58876.79288061689
60843.912136287414
76970.31313706389
61403.97555523981
62302.68652135988
63495.681544337815
62978.90009927677
69702.80319708101
63397.613680871924
68136.77109475095
53075.50109051533
52924.563207877625
55935.498073518844
67530.98862414714
66791.73566638086
57998.25135426859
63744.84120533709
63537.73834062327
63601.45948400027
69795.47075467288
57588.96024220248
58962.70210870266
57580.788224140015
52435.72893229857
59937.92347724501
60740.81646525158
60748.02303972568
63182.993423502856
62796.72477805305
58487.87214790469
57156.82870974092
66833.5556054613
58612.655713508095
59377.900499372874
69280.71664278524
60594.122156654485
66058.59907237977
67161.30815711893
57962.739034940256
64770.353608260215
57638.64263627561
60773.19393871981
64450.224187007414
56787.221138134715
70042.76629426675
57562.90489905605
54572.94945601715
61329.970701975966
64009.46414050294
59111.29083208884
59824.545209811346
47537.81900073385
57991.08642910014
53148.26236676293
50138.027841881325
55345.4151253647
58800.25931707307
64000.18654109573
55127.984674690095
48484.827796841724
66180.3794807947
58841.133050346434
65341.73664000746
56698.92872748542
65258.94368940697
51020.88954739817
56527.169269213504
60561.32910667282
59715.3464661573
