63148.617560948675
60340.55515478317
65459.228133753095
56173.10294564168
59822.587221491834
55930.997680041626
56631.34799380782
55628.40439624288
69015.21256759048
64514.14396799618
53272.55211262164
62280.741996064564
72681.83445791683
63826.719364121906
61023.25275658867
61438.124228298846
52400.718683238396
59885.273796935086
61942.253070620296
61799.41542137907
63353.13648547099
63136.57915536573
61694.76050643681
66888.47044320901
57094.38457685228
53496.543965104516
60075.49122581393
60274.56952723457
60347.99658354135
66039.691623032
64502.37705156518
51773.4487566487
64518.49853467366
62723.6565914515
64457.492655178525
60176.734081566676
60003.71962734826
61760.66552938863
52974.303219194844
71750.79982220806
58408.13499905038
55778.31743826543
74753.01412586193
65518.25041029754
60290.23653772455
63117.154182102844
53593.266440357
60599.2132708886
60969.86983663297
56947.64283759091
53856.760215199894
55970.565735438104
51919.64787151193
61278.09026363662
52222.46355281175
59285.10898419767
58909.364012336424
60481.48901637051
61384.49551101648
62000.56260475465
66520.00886456847
51170.278210768825
60277.85869751534
48380.8763626865
62199.299112917106
45073.81769364147
55771.28176655164
59112.0235191932
55885.34579424376
59227.43807270707
51225.25429939559
45772.05899520693
