98531.00332434778
94516.68909044903
120541.97654483169
98952.91534299619
90574.13861085239
104956.39540214645
93647.75814278255
93434.95937479728
111084.18763411063
110591.9483408454
103765.38461038971
95038.1436683196
102464.27114110396
103788.42893522633
99935.32236304102
95380.27132652533
105163.5548980167
88880.77921121538
117953.8883845193
108585.65591054676
100588.64150108752
113523.930479864
93196.75187469296
95472.15214987649
91300.8347422863
82896.21379986015
102927.54888595307
97224.00341390546
108360.52875528608
97116.95260191157
114161.53404777017
99248.30984044546
112839.75984903087
102892.03317162994
101720.59578482508
102493.3563309074
115359.89365803126
102936.60003266987
95817.2512178132
106322.7526058007
105027.93917112681
95438.57324392544
99922.42493726006
90375.95771836826
95444.27098987509
82722.84428392044
101992.77775305606
127827.84216162594
101898.94809157687
82950.81511001824
98546.952471477
94667.83276179059
100973.59428760492
111809.15012042043
91307.3149408605
110679.47789191957
99681.66673959856
90874.12433255055
102292.51388202794
106229.1241316262
102284.12448677364
88017.13149649327
99026.43743858548
98592.37851811314
113835.60334228493
102286.32339916301
109723.12802821845
99165.16267401433
99179.4257020209
86316.20093194433
98109.13527188182
94391.7182028139
