74458.2222707041
77036.14769698227
69098.16685335302
77788.73613998546
58444.45613001463
82421.62204804538
67981.50963068257
60904.3049917058
55448.3755985586
70891.22309865356
66789.75335431434
71845.64362028052
84221.5958081018
79089.35226499534
71730.39017920688
62424.976882053794
57659.86832058885
71992.40576016299
65181.43400722242
67084.02595164902
76048.96827019527
59004.924929541885
84486.4645809257
79004.57354951059
81084.77689889746
67090.6729101321
66828.106340652
57081.31462846318
73548.51718746201
72521.10620942112
78849.61093632857
71207.06746153532
54975.695068122935
65104.61526304923
67698.98789883431
85991.30853285229
66412.07548748536
66665.01215228996
61491.356880766245
77931.69720885104
61033.768314200264
70273.83887647984
75274.65489939907
82501.40612051876
67609.63922673276
82220.1668846251
61170.64995301384
65692.1991095278
78384.61189939035
69972.7681333627
65666.19455635421
74328.83846524148
67076.79086108568
75135.87595421947
77062.8720353127
74608.64328172526
72797.96433129617
78236.77431934982
76864.29195136127
83163.5009158155
67629.8990730251
66068.88439383758
70330.74355561603
66322.26010218513
73671.49748339895
74218.75938697456
80679.8934602206
71934.24068702733
76089.05912479252
66630.39447713066
65022.670616091564
65808.49260507525
