62167.324804508
55806.51090509578
68708.43351909937
63261.27354619858
60578.985993679904
50402.98817332992
48980.21953372873
64667.562224682595
55191.5774709818
53031.38401265717
58644.53651854515
65419.33525464824
61913.72273331386
48498.7420378401
57116.38001289435
66233.53163594175
58817.0073308829
66776.65501308761
54110.35617719376
57996.94552006494
63228.638835987804
66316.58969525983
60159.41510823556
63825.66781398491
62271.621062272316
62225.93527020718
60171.870466297936
64042.89157043268
53279.293488432784
64984.42380417811
56376.58244213037
61944.2689928971
64967.50430459749
62445.66128036895
63121.110892657496
60090.720791492466
56782.321965795505
69942.81013471776
56245.75372864389
59607.833240155815
57930.962990838205
59556.63631975762
68194.98639899101
54119.693892290365
60298.613535728626
65514.829333717455
66381.05888865034
58973.01737801427
58740.923193104245
61328.57385871714
55287.49185549661
58206.41482288768
55424.395623387885
57232.13386163375
65342.57790440056
54526.59534159056
63250.620785123785
51602.95502623006
65160.238357868126
63778.31335999339
74202.20777760482
59432.67558718568
62619.45216865201
51859.270483228975
63129.53977953257
57555.36633791831
62834.876401719404
63154.14472446195
50042.69140345968
63980.8537069656
52248.57120237879
53279.31494735768
