63986.99179569531
57374.99283830489
69286.63210650944
67808.36818703967
52981.16708034463
59523.82900525511
59585.27683104395
59543.47358691463
62271.1565113966
59763.07188818307
46775.6621693843
52795.33324836626
65487.15317872207
68000.40479570407
48665.665562412636
57383.79215741584
62494.46156495912
57831.44928418198
71181.62214553307
57515.55892490304
57662.3305099552
57661.74381453141
62703.86426356657
57817.77767772596
54589.979603985965
56431.26495393632
60853.65511867669
60655.74034263888
59312.43399395974
56711.30111153927
59838.718519144386
56223.33421137783
60879.85191284098
56334.50681246863
60546.049310796996
53817.03807573969
55638.76691379387
53737.107308977334
62313.92760266198
62182.92083441342
59772.924067252825
66453.01796156248
64745.456047040134
59890.65500438869
56525.1520916648
66511.35160200944
64393.470365198154
54526.80732885039
71260.96640598279
64366.43903023719
63821.98239856426
62693.201882555666
58196.92965346356
58197.797735452375
53759.51315207088
56421.139505145125
53996.81785925799
64328.12855799381
64772.716633013806
55016.80761201047
61007.94463725329
58731.8939261198
50975.32201382946
71416.15952748685
50493.68089199823
61990.92520315139
60093.10501401331
64540.22797272867
59879.266967879266
67890.3282092935
52651.62019589883
58665.76688136791
