82515.23760427895
74327.14521873905
67894.539878529
73456.6835571139
77303.18361807503
80672.15781292836
74431.36018843549
87404.02754992353
78568.78580371168
80131.48189515751
58030.8561454208
89475.16507892274
58295.77189673411
85570.71166433534
77985.12036793388
77374.25327635238
64311.78834792259
97870.36600190481
80970.03543790427
76797.58931966308
75589.51533356117
82550.39944290947
92114.6226226038
56147.771204062185
88351.44904725665
82852.49146196048
85676.08079808508
84353.47967549365
90048.68218340524
77335.12924061735
79190.9059340795
83478.84544760306
72895.79213930004
81483.15083458611
80523.8101963705
77055.94843373503
80758.8289201426
79985.91343172538
81351.46391236245
78622.38126234278
65394.95867264266
65797.12833121924
87624.03763450781
84726.89523390139
70455.27818346066
81334.78768548819
74311.72557829479
68663.34508880498
71387.5104216432
85062.27424194572
73817.15388373133
79332.97441560793
76394.39321891699
75919.45361833637
69649.06363073927
67692.59619851144
69761.73264393481
92975.99020023839
74086.97787681434
79082.87922959984
78120.9449620209
75063.20767398879
80254.1202652155
74954.64235638503
83360.70116593566
82363.41999359752
82757.25886073615
83360.9906167711
74674.4832609609
74512.04240306675
72757.73654090607
76034.00885656122
