131326.1224737258
124306.39806802264
96413.30316094801
137969.83892859824
105112.67372115333
113110.10917448845
103572.39652023018
131673.40132814826
133969.00356226324
145461.1076841117
123213.78311546407
116721.28780836587
121487.31424905399
125186.82352204922
117034.70514516017
121899.42958255686
140293.3914331892
114639.16085903815
127438.93077236139
130235.19748503424
135317.42844464164
92082.11183225311
117156.33355379959
127062.24622636371
116838.96915249756
110422.14821611259
116394.92796373306
116359.52604623669
127878.14519254252
121666.79779173802
124051.46127856638
114460.71375456365
110188.06590286795
109104.27588097971
105115.0497654943
121814.49757810155
110450.32192884604
129749.96949910332
111540.94627320256
121933.93130292851
122541.05428081413
114238.07580848802
113937.16934317397
97476.33964822571
136752.60668521828
112008.69647080918
133497.16555891192
132030.7406228835
111061.66433778292
115506.86647393969
144657.5054358604
111433.68962869488
116379.86946557341
104298.66433903889
136760.7449878545
126179.95194292393
133246.44464360573
133241.71910709058
139774.26377134406
132825.71199819114
119322.8775900407
139307.8097039559
125483.05169607571
123153.32552090229
113413.46940246565
121757.53229620813
101158.52892775682
106716.6836054303
115221.51559558988
130422.10687469193
147293.32410950094
140438.96178741465
