103300.71238486459
113843.79716409984
93472.08229982901
97284.79702070223
94162.91972741282
84234.37998306847
103750.91968688017
110224.59375256473
105577.620653597
121086.12958181128
94862.31289316711
111843.7898775589
93468.95689205064
93684.2372438931
102371.41894292511
93236.47854401397
113314.21690841565
100071.42893802751
88537.06982325097
108826.30433195567
97878.12321989682
89933.81383665542
91948.29041511241
106481.20607932543
100391.32456898842
103544.57757655426
100215.5017969044
118808.27241757745
117724.41855828658
95053.87711019456
98091.47100719257
92575.95265462995
95840.80714412348
98813.47490817904
105526.56741751776
92809.33449596897
106713.13183645741
94287.76980892755
98010.02796453667
86370.10737508717
109810.17040290823
87599.55547118219
106490.17632229436
108740.4936728357
101600.05018832526
111045.31658936673
89841.26297795518
109465.89599425285
94837.15764807256
100981.09947112983
99003.06016747748
82880.02897761068
100342.29197948745
95135.12705689807
103287.71965469194
92503.66586925084
86600.46233139356
100885.26642962992
97085.14317991752
85834.4887756985
90515.60138893875
106289.5167481442
93550.89030807556
111054.58363415887
100725.25117159619
107609.84155727511
90147.41095071519
105980.5978318333
74684.19952303187
84784.65074542693
76745.91759487422
83870.03723937563
