89799.75897267138
73146.34262843106
96658.2698367183
102035.34778902875
90737.93258888384
103007.82217376403
85834.53886453815
106763.39694949417
115567.83968324232
104462.22360199255
80639.39050951885
94350.5423550405
98135.56172366497
101686.62151990194
83988.57539889385
115416.64326602692
112961.1507821963
83356.39811389564
89272.41319122052
103878.0569184357
105939.60415549483
96199.23595116001
98143.21111883529
97455.12411229662
106802.52805199752
101553.31325343129
95898.6637867923
126827.27178516258
82314.08863232657
99714.56862813048
109400.66671863322
87584.98937762243
115096.0414549679
97774.1640282794
90477.56687250949
97239.16435831106
123750.52621271292
104098.4323202093
107056.24313252747
109359.70829405435
85315.43119152902
88332.40616408977
104615.74388518244
94385.05800678198
99579.95238745233
103195.52725011509
102247.0613703206
94436.34422276448
98946.35498254409
87155.05833769175
90424.78310079049
105051.6566536871
104683.8888747873
104425.9490361193
116179.69741779275
112609.6135132307
95443.99038292584
105490.56648391901
87583.1016000316
89166.95647318917
90290.72430341874
96850.63029496327
106808.38814128186
91339.20621879287
84962.32966130988
86422.13512521068
102025.18088492459
93026.05764472093
95129.66239043906
96164.21743005245
98296.45112254712
103664.35559845746
