122958.72793771593
117942.27328045697
108199.85988861595
115059.31032877986
133759.05983009445
131254.65089431638
108741.32300407038
120982.62313828288
114227.76231333989
111921.34032013406
139365.29193236196
112939.84583745434
118158.69955042661
116157.37481930364
126224.72125975577
95452.32697115596
114610.64831927815
117269.31287903983
136513.3628855303
115196.20781243769
104044.16878920131
118175.51032176193
121527.25850861194
119115.6341358516
102689.61420777353
134958.67980982055
114234.78171631468
125012.97390755013
125658.82858049957
114645.76975590414
108367.67297287028
107280.9806004769
122847.19009514751
121034.10483579562
117465.0373108564
122809.41027445534
129269.90056784883
139087.04778016862
105711.5602973407
121911.36541308108
108252.88989460049
142729.14940032238
115617.42135507068
110494.77498692337
113135.62473046986
124134.6762428736
93192.76068077973
132443.01405508906
113569.34025849536
141626.56172596136
137816.98574584853
118161.27570963684
115754.04559088398
123624.8902173076
105865.1417761858
147369.5502996062
117398.50128371519
128493.86691038197
117624.4991313651
116725.96378673814
105896.47444895701
110870.22953897784
104420.81948998787
127265.75390157141
101632.11470456497
129084.30673272321
129913.19812309176
119423.7420962067
122413.89072683966
122200.08489960292
123069.47906332464
126549.50925387008
