74823.69677882042
83398.68604352338
85076.68646691338
76925.6754082195
83385.75855991845
77954.95007973353
83177.71019164415
72766.49264091905
82013.93934978245
77215.8173951474
76416.50870108798
73756.94242083399
77136.3517235863
76418.4583473716
67638.74842160929
83255.12844807337
79655.32208996055
68570.8331269106
83192.63115598728
80918.50212970508
78021.56248731581
70341.7685741999
72726.88165969863
93562.01587196006
80997.244909864
83667.98308507404
77659.92419335883
60133.06708121839
72049.98824210149
82158.340244464
81655.47484016346
65694.44503779196
68460.01208367979
90502.24852700694
75695.63840661521
87337.51589927118
80030.91389050415
67816.16030897024
84817.82587639344
68057.50463249012
79435.21629362446
89090.21496169959
76123.15871726973
91848.25576214433
64889.84102539342
66863.94837635937
90343.7479727411
76313.98651433935
77161.79569433154
70335.4749660528
75625.26677894205
68139.6225250653
60604.81643946705
82702.3843358114
85924.6455937316
89061.74580598126
84929.88473561601
81678.49860577383
80686.32700639722
85540.65682918465
70964.99124082485
78122.55825471043
83816.22563210544
89531.8849747585
67122.01701169676
80298.8753395887
71809.78281413761
80102.81135189281
91689.53343728087
79480.894585643
88448.65734409828
77268.22188353853
