71134.83792566163
63532.24606726825
76098.70910005037
58290.26305712412
60051.231381123376
68634.6622546593
75148.81224449306
68103.9450386312
66946.50855903712
67504.79567909542
68150.36275631639
76891.98822062317
67238.60571452562
73035.06725534516
80448.20586879547
65372.44258196823
78331.24201083757
61427.60522685997
72804.62939755624
61126.17346975884
62156.2117636038
71986.2516318807
64111.33040785172
60381.463956581334
66687.06355509492
71448.05320611405
72489.49198138177
64449.630483911234
61939.807984820996
62499.76091699118
64280.50028597184
69749.06359565278
91536.56970701272
62380.830675499936
85197.92731501407
53687.66460630513
60496.64950967388
69924.60256564005
67264.88637276676
78323.67770331736
65983.42514206235
69608.92767259933
57741.151200961984
68838.6845931552
75974.49318581118
70421.9855584054
65587.35115036526
69747.75052195844
65799.45004178408
71376.08151243317
72320.53862808889
68390.43130151593
67862.12836142628
80481.6161244439
81807.05923180173
72259.66652971307
65691.7828562166
73198.72308864392
61876.16553005989
72739.92734587665
71773.16251081516
65222.29232269615
69400.27135047856
63031.44717681409
62450.351350649406
88348.8602934836
61464.40644525518
61390.22756129595
80154.97418120607
62787.375146448496
65202.36128519305
80790.75048450634
