84622.00294898375
70779.01735135341
76566.56441901717
89940.72964527895
88328.77183658631
73083.05943355878
76779.4080698273
83759.16277867937
84743.93127449475
80420.35185526151
78519.15052698083
72759.92229740266
79563.11673306588
92489.03372575984
72317.72909067945
81488.64170252942
81410.40004604279
72771.81229791985
80681.11055844503
86311.8096077333
79897.7782689942
85046.59461062825
93596.22980549828
83342.6788542738
63965.40039784681
78109.23619566811
88462.45546275428
61781.862819381065
82879.28544277805
68883.91339686881
81600.56761020242
77760.4509532418
98818.30771905914
84190.01032463621
80285.5714824879
85301.17871564516
85242.72495860604
92447.72951516755
90291.24280510601
74897.37454747174
65658.17778823305
77299.49811295109
79090.91960779205
75023.372601028
76472.4725865506
83327.90547143291
75518.40364822041
79591.43293432414
84396.830506159
71946.91701770373
77233.56740596099
95195.97312986982
80654.35558492878
72122.292447064
91276.60583051968
91077.68032336299
90235.34495193862
74930.69713191655
85107.11073470121
65782.90348277899
81798.53984178643
76195.47421302386
66218.76342552737
82406.30688143075
94983.08211546739
80134.79385994165
80116.90820214064
93957.81719552456
80818.1640898751
91042.28718396509
81283.11184013697
71851.89466492123
