73369.60753630857
82476.59496732047
73970.30984253841
80730.79794913168
73262.36042463055
83976.97429064116
73315.57313283894
75359.94546273712
67178.5050630717
84657.23638364952
83677.11684986397
80286.7371905385
76635.75250089592
71398.14889563489
72024.71084224817
69359.51317813613
86641.90330306855
78540.30187563194
59363.862135519696
78979.61057855481
81268.36537373098
81090.0588042362
85737.84644729382
75282.00477655114
74716.02867269173
93335.67954949716
70829.96259594682
79812.00330224563
87543.77026174233
89137.48095302327
91183.76995562953
77430.99817031322
79892.57862074873
70755.35452692179
76541.61483443198
74694.55278828938
90959.36703708822
73605.1480091812
91641.29749529005
87727.81681475823
79857.8988834138
81955.19246440985
80809.35590414409
80287.5317457337
75443.03881628087
90701.35914614724
83235.10822057491
75890.97991415892
79806.70841005727
83145.94565332326
89162.9693609065
67649.01807811872
70876.54145237479
87829.13065369925
74119.04695723305
88346.43410673144
96152.33512128628
78467.54934818039
90106.3807293232
77172.18827323847
65171.90535115573
86716.46020064346
72756.33549675283
84762.51988888005
82264.51598791512
89276.60825742283
89820.15335181003
71701.08529600856
67746.23806640295
79490.25633184398
84420.29747940671
79385.62140518075
