79122.85266212768
79906.01722459358
67357.03482366461
84684.5578626329
71261.07243116616
86732.94325883403
64096.307140963465
78814.58947725993
80002.52299016043
80620.751911766
72208.98773690316
78779.62603284462
87389.01450085465
82089.65323729237
83401.07688031087
73201.60709371755
84960.28081100104
92109.57604432917
67565.79156822091
58556.64785181343
81185.35166697473
80727.31724492543
74918.9282125285
70334.02378491333
78413.32093062578
74428.47822061955
75274.76513678623
70604.27231454165
85379.89883954985
75626.00421378034
78133.79259423983
80102.66710503354
67332.52322338616
85817.06204763502
90139.69565118027
81487.44227655488
74714.7087844259
82075.16277624771
80502.05030158909
74875.1103595952
75433.35068964287
67979.54336823648
82087.55213779019
82686.86826235814
85463.1836276797
75296.92414942426
86504.91428937002
61737.552429353425
82802.78832075305
74340.21960175282
91848.92237794602
99014.59988979888
77150.87545201911
68998.5587065125
79278.44945698362
92388.75222697947
82095.81094872895
94279.91183450585
85512.44472433941
78572.07863765006
73005.65211620534
88433.41917229196
85225.5203456993
68395.55901593008
82364.63852158691
86242.61300736976
80683.51626038279
89940.8138054944
80830.17616616706
84847.94675852102
84511.04718335792
85568.28713205966
