53759.4465930733
51766.30688862337
48077.62585738571
62663.35103108029
55180.02151441141
57891.52647689383
65905.06220342361
57112.60262990437
73147.76042785622
61870.17022118028
64448.24801547909
56689.13979196772
64977.308420491354
66825.64839834049
67494.34457227829
60857.423379519394
65388.45731630848
61483.6850850996
53978.15769833877
57308.4450822209
57360.16027384728
53607.94357645976
64495.45371219703
68073.11408712124
68595.13171742325
68088.75174980407
57266.47084520771
58167.61883165141
61435.717444834605
68345.76246978175
60820.22329559623
61207.37718002991
66293.9679444142
61844.49809045769
56774.01485398215
53913.65378024848
47919.03354778551
54151.52494203079
63174.535761637
57871.067442445215
58932.028225868766
56827.284315069606
69654.3011984348
51558.45044617903
56226.98210274015
48711.43759462174
49176.109274913404
60638.582654129845
72198.57905605508
48927.13486061445
55100.92135847447
49097.463488270056
63422.81151023531
63963.195844986556
62275.2185130896
64824.57414198939
70523.95790831058
66756.95741812015
66876.60398768917
67721.17985695247
65382.38152397358
66332.73187835111
64672.496951633366
59283.90719085957
55540.78565602709
50966.871433600165
55174.133980736144
62909.45435473809
58032.04842486451
49735.30081173432
65437.52919135725
65588.62398243175
