99224.47441648827
84183.9377088065
94622.50491936071
96189.60313029563
103478.55564218693
91995.75937471597
110631.72042228015
93838.20944632796
97140.97096108575
105353.96506846538
88484.25943001533
100333.95700958517
126191.0773721177
110343.65581730894
107799.89112377775
102761.16859618813
100170.25617925686
111990.33962411704
96951.4329469659
92351.44363523397
113697.11514245864
105213.1259572938
103744.97334221835
107500.00292971375
84857.44946876961
117383.45861479962
116898.92190891158
80024.97536939889
89257.26733537503
93701.58493766659
108073.23054533124
84575.17230136364
102068.67835306788
89264.28195723656
91696.75792116397
89126.2189757846
94236.2692315048
94186.37149865982
95255.5869458593
114257.37457524103
108374.70628358293
89923.25891527135
83804.69102484183
101453.52933504606
101668.06770494492
105410.94514329296
86142.94118199286
106959.11938728826
100773.30461510403
84401.8976363242
101221.92667423822
94276.48411629818
117841.28707252453
110802.43097045965
129645.99827684298
97793.85327724839
115731.58818030043
119821.48536466733
92720.05579363073
102669.82299594829
105550.160323703
95608.55396608902
103231.98281854272
104102.9508244598
91157.66782680506
100110.16217396378
84424.91903331917
89952.4597069525
96364.63799888322
101366.95563559812
105229.33147990459
90518.21640793615
