30728.568691641078
32967.42924105305
34338.25810103056
26530.46637046427
23947.842893665245
27834.16459841283
30493.656775397245
28444.07036887685
33166.277388247836
27755.017302187192
31237.972428368485
25811.91971026407
28362.659111243764
32865.64607528361
27642.19571121877
29184.573785887438
18590.61770478948
28056.694664384337
32302.345142710965
31943.331787044637
30736.645732810128
32941.78969334276
31887.82198689168
23289.580955269095
30842.992127748315
28839.601243938676
34078.51927126781
26162.99315845591
31917.492056297164
25722.75641857902
31774.714803232597
31304.338054862852
39354.77706140537
33393.62866959696
28647.251074916683
26774.20818501584
27808.918623939717
27918.84874187698
29293.41371770602
31576.588621111052
28482.835875604887
31643.310860217305
26877.248410608103
29371.573127967004
23663.796982626493
27352.441720300078
35594.888458812384
33129.46816329657
30759.235505907505
29366.453356760907
20894.016519592053
26789.961064170126
31945.89775148884
28857.605542810896
27393.00756558356
27296.76771372141
29905.002249063884
29579.436713395407
34355.0718615412
25969.575899478175
28234.521063237586
27358.71507799301
34123.340782823616
34338.85357920247
39809.8492977713
25590.015067182507
29292.506059045834
31075.253127516648
26822.09089506998
31457.70827997375
32717.325227952355
25394.613071515636
