95639.76734803176
98402.19393273603
113118.7144612682
108925.34740604769
92048.01855063332
111412.85667178933
88678.7179132254
97846.58996268218
102560.63592912644
105062.53878940584
100247.64425070646
108067.41762756673
88011.7101133402
98167.6880812254
86536.06555524604
93718.30392066673
104477.17905633083
103691.10027565128
95597.72622732772
114925.00266082346
108107.67245251674
80108.6586401992
116401.68743955002
82284.51905385505
103873.47892109187
104306.43468629972
84746.70522876357
77836.68890875997
112084.1838642449
94135.39822285181
103512.2896492881
91287.4898816129
120249.86681576716
99619.39813912063
114893.20153471021
83880.3847901334
81247.25350405766
112337.32618022576
103899.64278179138
98953.71692814813
106405.67209083022
87133.79982019546
97707.30418495226
95372.88830951822
94483.53934123633
94808.33692193522
101740.93015161088
96699.06197522757
110435.0798274201
115944.86226812234
100491.73702685219
98013.02268801436
89975.92256877822
105148.63737196926
108890.96608970752
111366.50047978321
95707.73308587985
102633.26588561137
93649.72925294972
93014.48037584554
104428.2319507228
99510.51412525172
96607.85935323454
100742.24376232801
116560.52814538042
87892.24559876889
101822.2121927508
91980.15721397339
103169.96011572814
76700.99986031449
116054.35006606574
118800.01001841323
