94879.94814453849
111936.45356730167
119847.92254566558
115236.24578332315
125950.42764003607
127553.39432616343
124784.16753247994
143203.14817209326
100355.8070912809
131276.65520424236
137167.9657290125
139067.6290387319
124240.18428986288
131702.86983900075
91057.98813665388
134868.88585290208
114186.27783242897
125307.04545332851
124923.62326040144
118821.35850535211
128954.00958927102
105508.26405764547
146290.17992897407
95032.59891835369
125535.42696931092
123797.02807860188
108656.55150245562
132122.45033937567
104909.08180165298
133232.71058464755
110977.12574503892
145873.03438464107
132357.40903321808
124239.58173759525
107817.52734131178
111799.5580373536
132596.33181366115
120812.02221456327
108729.31845767947
103485.27343688684
135950.20611933622
135382.44969339823
102004.0100919236
114009.77409858211
124659.69408721488
104278.14583651112
119116.78071673447
135009.27651404758
106826.56947283006
127705.82721557198
131544.8329862915
140822.44989963816
109866.87648530245
103676.96479230197
120228.75716820848
120469.16395414904
128638.66514313489
102406.76677701352
125401.00995418652
110340.14236037555
120533.83912411272
109271.42269114514
110333.25222454927
135747.10479733665
127439.69641659882
149199.43011638467
139906.60800368784
118722.24621770241
128042.43831960422
97579.54859844758
123424.40737905918
128676.56133085271
