29901.297944706243
30970.40729728667
39181.33684433669
29254.373227212287
25263.947984325903
33212.97635025816
29011.746708264058
31686.039907054976
29833.65827200832
26057.744788438813
28178.59632318055
28280.363861743695
31106.99996265753
32620.54602170618
30381.06318865971
29256.47262166561
29485.62589413737
29858.27609344345
36685.39590618876
36562.276563851054
32262.24355793146
26279.66362440135
31013.106385975545
27534.123936939668
30846.2317343335
30274.296045531068
29846.63906927013
26309.91251385479
29380.0242283779
30430.805022106117
34670.80367614707
27183.715857423827
36989.25316870876
32361.801696153303
29913.988482324887
24765.52599470406
34456.36391223843
27393.329271731876
28379.94993208895
21539.05800582654
37007.04660947393
28605.966763283053
30110.677790961163
28843.266956182557
35314.58074017016
31942.829441284368
26718.012547654405
33613.665935269
30129.478557468712
36594.450839576435
25436.353029607828
32057.161941584935
28283.975571619263
25438.03672910039
29003.73438213547
32322.590896482914
37178.913776258945
24327.882212750952
27580.052811577025
25755.377469561907
32384.2273121889
31747.67418256485
26322.90760147809
35927.09016412974
33826.03017834481
37357.811301262016
31897.773362506225
30627.452470023938
29112.344353656463
31640.41626942216
32707.33236636376
30800.323414492013
