103500.78433172758
99420.53380610688
96014.97185797973
98876.0231944368
94706.4851392745
107959.5383952388
92258.82775366829
120654.28858821755
99742.81002200971
93371.884562192
94357.26158063077
101324.60053650176
91446.2483273047
90204.14954541376
88463.91490072048
120843.549628687
101283.70862646605
99996.1767220681
107206.29980355527
97979.13166077016
113143.68335234055
102844.00759552818
100148.05811355574
83465.65654793024
106728.17004451099
97626.76603467696
96112.92628046875
97682.75048975484
110922.79997092695
86249.86625032112
78905.64151442057
105577.74561555417
95588.97782217427
96210.19990277967
93002.65819358309
97542.65983651674
104641.90802602992
103691.81616375469
92412.22815437378
90999.24355996975
79420.86815390893
84915.90995845848
110760.4418985704
113604.60579517564
95301.25344574281
110752.22213707767
110180.26893130162
94766.53238543446
116158.50376258831
84040.37271608564
76358.81130204267
108217.74099809956
89363.8408309947
99428.71812348295
99432.25395179485
78511.58511280552
87386.64377137319
89867.29614273593
90672.05271302123
95462.62709877222
74647.16237506304
99687.4571511666
114715.04661557806
98108.15545603861
100927.02394296434
104977.5579941711
102893.62217759028
86650.10054924662
105852.52233065854
102964.34250199587
106597.09128334527
101427.90368913213
