104234.41635603431
95846.94060821057
105104.0992077284
111625.28327780026
110120.33655075147
109405.51316578027
84657.11108214507
112952.84305146127
94605.11930184356
94884.92047010748
104199.36481536065
81205.17246162884
87261.81265697085
94338.22089914583
93962.21164863656
97589.96736493534
103385.34260039403
85268.122147732
99458.65755940147
89517.95254168204
122904.01212961362
105889.07627095867
107503.82307320418
105119.57427582979
113062.3535010023
95605.67925829811
90525.35654718088
103868.80954612275
98250.76443918707
74848.70494836637
94189.70642902926
94699.03462204995
99921.52636346404
83472.13327120786
100716.46425885061
90844.40038581185
105283.84755452439
111234.1966912076
119918.19315720831
105648.07980970989
125505.04897412506
102931.71726524978
107843.38498459318
110306.90186102419
102863.48602751849
97924.31738292958
112940.95365588728
101196.74157292882
109657.17838387874
94007.18243257885
97494.87941705433
107796.57147439077
91775.2232904626
104251.8498333882
103143.64094894845
99963.320167291
89817.34007182588
101076.0725516823
93791.97738048436
102086.18016398507
100092.3406611107
105025.89571322345
100244.35637520255
114733.76078756877
87608.24298537137
114210.81824830714
104051.71179724508
95068.29165682445
77263.85053689936
102928.59838698585
111927.3421031715
115650.15130679161
