30846.444773016345
27716.36495571837
33474.72230490517
31186.765594760203
30515.048259272076
34211.90502669763
30656.79307909938
32854.63202278489
29440.709670639273
29314.605164984176
26486.631045523754
34161.77021247538
29568.721634322956
25521.381489846106
26919.65541255473
29994.008344807018
32522.913463869667
31246.32054464607
26408.71916041493
31504.738052191875
32426.075266912034
31704.17093208729
32900.376703592745
25694.15139575303
28023.85252835549
27550.78090045176
25095.698681178546
30302.941955607796
32716.72998863458
32246.371205782893
29849.571450690997
25766.719754643782
32234.032042447438
24364.326735611427
33926.32794217069
27788.201095606488
32735.414363498825
29836.05677168258
25347.333885008087
29333.07873330299
30443.020759101597
33481.350745872456
30965.087026543886
32028.477972205685
38031.24995705381
30554.897243051048
31068.300581313502
33927.98266087335
27469.60703914436
30477.970056812046
29121.27974897787
28188.72200466586
29780.398944385826
31043.768669653273
32659.994303632284
33806.04025715121
29387.33026429988
29267.556135733932
26197.56397023922
32071.157105040522
28591.80331119713
26061.83566979088
32349.241259315648
34246.60606072579
28756.522367222347
25380.632633701534
31028.829341219785
25645.232057799458
30813.223909695855
31885.528788187676
28112.942204010506
26868.872721018586
