32616.360769580562
34064.84288150253
24768.2124329435
33539.735931838244
27543.709795753595
35022.91269158515
30917.559687132532
31308.616019406163
30051.50359397413
27947.944008046223
27979.82672589185
31816.62818146524
30569.482581195243
27552.652338499815
30609.941177647517
30214.11358863438
28169.254214809993
26908.92388146509
27686.87471311804
34991.40635388275
32378.331427819372
33007.49836079648
26664.75194037086
28955.34950211532
33612.20599470952
32524.054664106756
31914.354938718247
30755.988889751967
28563.12223443706
32255.29405578751
33747.44405129319
34730.06978227793
24466.04258651218
30732.373325355464
27295.192783656654
31102.964044556054
27705.044537476453
25737.94631087139
30241.879827582703
24559.371547020306
26864.87957797811
31640.44773386423
32071.68617580455
29544.952044893744
33971.864384292
34279.3100877365
28281.16540387051
23671.293736803458
27344.777743663977
30327.3051328473
34146.938459651574
35063.83903672978
27299.97069228314
29477.682686919266
29679.025262361552
31334.76410955485
31515.29803687617
29094.350661325676
32086.93115574413
31300.346364816825
32193.298080987577
29508.324120840236
30767.239871575537
27640.49236380563
30340.80881777767
24671.43161936858
24521.601203630726
29066.68659271661
29253.406456856363
28645.59180761655
32421.07084046192
23333.50847585874
