58888.036305744514
67631.49785275343
57612.855523114806
54501.52666034371
56384.69563472632
64617.208107018756
66715.2385651948
57095.24753488272
67386.24176485825
60846.70381063888
54690.78297190242
65632.35390127903
69156.34352754758
63191.91215125618
53104.26483012259
50711.54248283458
61508.54673265173
46259.19381111317
66290.80464304464
59429.078777349976
63707.90557481727
52547.381345835594
50262.26998393337
54326.87757153174
52218.05393005106
72383.57484225421
60674.00314797446
57486.61256810611
52757.15523122955
57655.22264184153
65906.74057351719
59207.4275590217
62376.87880549568
62098.913786848956
56466.63438768306
47524.38830428766
61147.72722857771
66159.10475451969
55209.37176254369
49770.908704572255
54416.292107257344
50736.77978046069
60125.07969831919
56450.43400642928
52963.60962438592
54576.16744343638
56479.27369981641
59746.9140856148
57256.28259010724
62307.54725419434
51638.63864752953
55114.11767287955
54124.47744676446
70500.43182491395
68589.2203591081
63595.98957499348
60042.37243618721
55189.90834909938
51878.254430987836
56852.856700008415
62366.05634350272
64998.50463413134
65642.05000997434
65829.11857311243
73193.93952918818
61049.69762470525
58856.90786659122
55322.61716220852
67527.85241144383
59998.19241680532
74476.97429717399
53621.76661328378
