99851.78860660848
117528.1411107151
94161.51614138398
107212.17756328221
92419.3475736433
115075.39372753215
101985.01399327893
86946.76650455291
109927.39003683749
108234.0510175579
106779.91143157109
95320.77378896503
98133.5451527819
118079.6372538464
95187.05667407585
89346.20564856265
102512.56757334803
94825.39733494319
94912.40092734434
100828.04240464569
97093.19680792507
99228.83466440815
104477.44290648116
94657.83240107664
102946.85384178685
89608.94709638115
96057.50918155139
89779.6300712817
118995.45334833256
105101.99525352808
99019.31535119552
101892.30983510273
103581.31267844881
91816.25193288218
89185.8671183614
96685.77470117193
99422.53162244843
105844.37821391464
105530.58712829495
114903.47409703747
92443.67453200833
103342.99455373253
101716.6756894709
114542.37294508019
96043.28812524266
86016.48885800292
98692.03928807582
89331.1205378841
100622.82979526333
82363.72194471225
86631.61213039128
92440.46000832942
91713.86953302225
100916.23883538521
84587.86033078001
95660.29002311804
86319.29246644507
70178.78718849899
102916.04428638157
101006.58264175567
94850.65337752286
131086.34093429658
92707.81307075075
87327.44059447681
91875.70736642882
99048.19482930857
106009.732196565
118276.6967507896
109489.2957011404
99931.10203253257
117673.68765807233
100095.98876443706
