30931.284385177678
33161.36968916483
33305.54729640437
35136.32351256507
35025.41229350764
32980.0287574373
33178.1099745749
26274.817963263013
27545.825718801058
33352.61247870416
30095.974137875
32147.253013691367
32154.419750309353
31700.952288331144
28942.29947191802
29077.415581954778
28922.831782820485
21606.942275593938
29999.29306000513
30034.549136579386
25363.820340696435
33906.11328017816
27174.993821473647
31031.629600286724
31034.007119706363
28778.487561563834
29580.64864998394
29162.914230374663
29961.76724863901
31402.176728814968
30553.050174564414
26304.42152408232
30350.569774624182
35654.55608503084
32573.522511042298
27862.47817632766
28997.388334028976
31008.63983400625
22848.117718932997
28109.521463323777
24699.37483056136
32763.316157439436
27086.58829397883
32736.82604599896
25438.594042948494
31281.817238715787
30318.915023728547
28108.88329979733
29995.527848874302
30085.022813061776
28024.132414835367
35709.44476828619
29044.61833496281
27803.848601235102
30948.514215734875
29983.008805804486
29253.801190406924
28434.957439841386
32166.64405150982
30750.73070866105
26315.137028397003
29495.296723478074
36212.404103582376
31734.54939606055
26551.362691612707
30273.615030282333
30577.716127061467
26081.011428746322
30603.73145648142
31605.30054257334
22909.209925375093
26412.07227072322
