63118.5173538328
66203.13968335927
58933.20990268975
54920.949354520766
62281.94528953683
68788.7759228767
59373.18752972949
55503.570649612906
65426.539006938525
69887.02629273478
54780.11828672014
63866.72497938778
67361.84885654351
58554.79748443109
52997.91028057236
56774.770830458176
59349.017958649274
58498.86696135115
46066.61877749536
60659.16668822225
62204.28570305568
61016.693531722405
53536.01977972352
61579.69067171384
51545.5690544101
59845.20915974573
58286.04500202134
54075.73740788638
58310.48513402407
57205.23754701552
64557.23654184318
59088.049081858604
66732.38927672816
58928.1893650913
63508.61123857777
59866.53653401485
64385.272354847955
56118.92307170684
58979.82225428338
61033.14434048517
56613.221395034416
74321.68794091263
59564.150476989926
53144.69977955781
57624.69002606514
60319.61387383467
56832.921449738504
64441.054349888414
62415.910974388236
61745.18295171651
62646.13493875252
44047.83562584049
55086.92089474784
71091.75784272588
63190.207105456684
63984.843957093944
63829.82415479891
59233.90743680437
59478.73433180546
54932.396467675404
52707.49756392805
55621.416562222985
71457.12245135446
56504.680934682874
57144.84131035592
67952.14394778962
55403.2651379144
46920.15524174079
61810.57787082052
68173.72760182175
67722.63265243205
65152.397963372525
