138388.55898789596
109706.17909224522
112681.26810194881
111629.85451949961
126138.81505008442
128877.08906162964
132118.4099093676
113070.03541863343
130472.13525705837
100504.39529393906
98909.83369295721
104328.01020276178
115315.54630404194
126959.40063322645
118672.43896099507
124607.4151258608
132680.086841328
102109.64322651441
125662.64067349279
111783.08721299734
110883.94679398224
119747.49133970431
119080.95252494917
123993.36257068752
129546.679803689
93544.47520786559
104492.2534953259
139470.31981484775
119692.33958527689
115111.01545605737
108540.11595809144
143756.01461778572
136083.55982745317
104476.73399572681
121511.7823783628
119514.66525548635
112624.22311526256
106806.44880403117
114744.55839891697
125808.17814450752
123359.04014557993
106101.59243307135
107184.16518553674
114083.70453595203
118584.3053749922
123130.59007855915
116201.24178898183
128176.83646551867
104514.84446250241
125949.1344348185
120188.95039323902
120202.98088856769
117594.95034844198
143853.9085321892
142307.0782627746
122289.26137388874
113912.62388607541
139591.81666674948
123656.28630960717
115078.04187864317
117489.88569532105
117249.16752913235
105085.34613780532
140490.88339663818
120931.29158602687
130319.263039205
116866.59575455717
131225.81423754702
103414.44732984398
123404.22891070663
123891.47294426779
118864.3372859345
