102825.9486486144
113568.69570491397
94877.10191345995
86398.48139311666
99996.53594190213
83636.88694437483
101816.42485679925
94812.29845837026
103546.49983441009
98592.85593755465
88852.30085862176
86721.57273683141
122012.28312239531
115615.17436429314
85618.06903322587
91696.18538549471
94699.53619024427
97401.72913243467
118646.79394130908
95037.79090294553
91607.11501808529
81806.40415840372
105286.06827504527
102249.00899132423
113282.13959238726
98254.47600918381
97727.04044308698
83857.22858789511
115791.17968387387
104655.87680961147
80199.84889130702
97978.87466105644
115456.92722080609
107199.63378961539
94925.43192374363
106388.04153029894
111536.25072808155
99923.77006284465
118270.04898629404
107697.12608298125
88538.96815100346
104929.03523362041
68476.95063539997
95292.29546769787
102662.4145855656
82423.41179567248
97851.7227448493
97724.63409182797
98986.16207373586
100136.81032281257
99554.49822181386
107082.51800302888
98473.67124939777
99935.07549762462
93071.08802623695
94442.85504258944
95912.9400636956
97302.43044385876
97376.86623269093
102641.90682728798
92143.00881342909
100427.25380775315
99649.89741486634
107159.58066524811
103459.41813978838
97227.94998009552
107132.09402570262
113040.98717802826
92849.70667149728
102054.44566316385
92300.21120520335
86855.95541974809
