108098.39387720177
109572.32649783503
103841.577221496
101510.3687215442
97209.0216572571
89179.84412520095
100757.38996455034
97836.21290318725
82097.85702589518
98522.83707644844
88668.64794697067
77205.3910080435
105352.79425711166
117297.86130002134
81352.09633976826
97962.91253095237
104845.21643548775
106415.23358513789
122175.77299135822
99342.7858588772
104602.00185151605
95973.51421666934
98434.92953191593
114978.38279166106
91658.94982317714
102515.41031173567
103787.05623299387
110525.14256654537
99151.55840038226
107645.19797253946
101341.37097996929
90805.14298448605
101652.77737587856
88409.27943490597
103975.85957469526
82454.52759627832
105323.6051893586
105772.62789427122
101817.07766159425
91539.45260776483
116045.19479055995
94946.34465051808
84852.86155576928
102978.40474270836
110836.34113770038
84422.40119492947
109170.16895013845
96556.36582898872
104153.9305173128
97419.58851688288
100689.9518954268
86536.85666272375
103688.8237043673
104479.21672051612
101952.41877482683
104958.62002465471
105401.65927761915
105998.20350300784
104510.95874899974
99770.10544570726
109802.34273181211
106389.09304445902
111849.36836752993
93692.56303973554
108736.04344089342
104139.69665430169
100799.74367831381
97646.43616600786
86302.15636346559
104887.21980493296
114223.55200050095
122120.7564379532
