97049.44917095047
104128.63956478848
100622.75195819355
101770.77355292201
91818.57395670455
98981.45515734513
100319.12834762705
93042.48421788448
104827.35726365038
93186.16838716432
96173.60890439748
113656.4949750465
106082.46074738858
88156.3063050162
97485.70694852465
95764.93271637893
95292.33281110364
105866.29103704337
109524.98129247148
94248.5314536412
86816.31133828317
111109.2529287569
96215.79467022824
105836.88901149553
103025.04834648882
94189.06348617097
87959.67432244358
100982.24427327357
96351.36088973827
87312.58213947997
97528.35823520036
99876.97135339261
108010.93223303862
113251.41010690651
93438.76559095709
104823.34701087428
89685.33126737231
86358.73446975467
127021.87204693416
87897.30020624107
104987.11297295075
104571.296835122
95900.95822282245
103264.69228290634
97381.70263003375
106036.1525118556
106826.59434625301
95403.58441808914
102799.04185666548
111266.43530522597
104687.97876274613
85722.74517091704
90733.19029940049
113355.14146280041
101189.15701876344
96533.61418702414
103091.21655478464
109771.48871546831
110503.03056804452
111006.97060441096
108093.6593090177
109544.17103211686
117644.36765452879
101880.10369673173
86879.82036911535
102165.26770976053
102871.39862775955
111420.22503422317
95918.63246680831
89870.12068610973
98252.04300989036
82969.96230771203
