119803.76162716105
109398.25480487318
123232.46385451136
141105.08131561094
125819.71604464256
85575.12289659995
112386.29342142087
125733.35693914612
136988.19145851207
132431.3016621718
140538.75585549237
136362.0268363648
104718.25379650031
130523.08858868836
124370.09040342548
117386.28572576572
112766.07984817076
117885.60085592992
142195.00645909712
106189.26020933603
118928.72139213509
117927.42959572481
116620.51834210093
146218.4651536136
133701.3997219542
126501.7811987722
114382.39009895835
125744.02533187639
119817.66029410112
135811.37797503124
121743.07103216337
106418.83861006335
134232.17262854782
121187.29438279115
125120.21915957464
130993.33255341089
95952.62882267687
145055.82598839529
108178.52397631602
111287.67168337521
121258.14676460192
135117.31715758826
121192.56696296533
123634.72723056437
115653.77244895232
99145.84899210048
102078.39941907449
134895.69249700106
124533.86775404474
122039.15842106854
98319.77086080388
119589.23597905686
119893.24425898692
131910.90954429205
110661.77344871737
119632.79270464065
139106.79028259695
133432.98656168146
104845.19717922273
125598.4037235564
134985.5838803222
125027.8733853866
101213.90890525014
128878.43631412266
107809.59536297587
111374.88013223132
122669.88532087041
116307.14429357892
116107.8795099533
124712.05623471466
121272.70574350459
105751.7097193665
