32388.727433690667
28528.240552459916
23518.616064162965
26158.42737228459
25539.838542826656
34207.36085378751
32387.18761140094
27493.268203868753
30724.45657734907
24559.762841745174
29071.24090903623
27842.231215224336
28803.205106080935
30973.655857697977
36293.40493703172
33120.59084502005
26164.083335175354
30448.70491517321
33350.31994207112
27268.057205379686
31393.890733790307
30113.534585479825
31348.78496694329
28937.709226398063
30297.823241169
28140.064059302662
28435.524138596862
25857.071801400074
29243.06751746655
28589.962496121458
32468.192792130227
33663.23316647926
34736.42368249908
33914.735090792805
33891.95528844823
27343.262013067615
27327.28169890605
26506.906034993128
37666.4235974602
33204.95701882918
28562.669714816024
28454.636354791135
25588.02937629004
29347.01698110491
27146.88291646469
33414.931005016886
30975.277755121635
30094.14751454683
29031.673249768137
30781.367976924485
25787.57901984341
28992.897834186682
27469.86515251227
30831.202775418864
29655.294609761448
26428.07900003892
25190.5648691381
31094.005771729022
29440.168799760017
33559.046575640095
31986.123599846465
27916.838474362583
35756.62170990856
27651.16334858925
30433.947154679678
28034.923948773343
31687.3184251764
30311.70622852761
34497.60790269361
36678.7662450181
27279.45016663531
34748.78692761255
