58469.039146534895
74553.99594337221
71952.17372568716
73855.61137186972
82088.72244678083
65694.19237927365
61243.808970521044
66665.11743111591
71866.51670899257
60781.822806244825
64648.93093964168
68196.7933001401
70435.5983359421
80124.49976373026
62197.767799473295
69226.76649485604
68351.78686104568
70304.4008506157
62537.97005429237
73212.30007941864
65351.60618209668
65178.25041359423
76383.21099045579
79182.59517532616
51326.35094955369
75446.93623101653
65355.92828251239
74884.1304929762
66605.06603556538
67129.28505688527
77099.48563163355
79334.71867328051
74087.95520971177
73354.9553081873
77625.95132661253
79815.6174909441
69646.47890357242
73312.04165611799
64474.85221455941
64922.05723639552
67373.2279251001
74352.29959956539
73393.67021324161
63811.70186848958
75819.4527015649
64700.87786452653
73486.54001154011
57312.04081073529
69536.49329362418
76522.02548726412
73795.69145503707
68275.77939935039
66324.78931999211
70712.45958334481
58489.71593988828
75292.78495983091
78275.25252313695
75127.92866288818
69009.71599450409
60837.713737588274
79477.65138113625
70009.31751534848
63977.84456605279
64195.78750320484
79778.66969786929
76715.34587180566
68861.86367019024
72974.70730520255
78425.13447199513
75374.48582920263
64765.06432354691
59726.13963636243
