59247.34810367548
72489.92927075262
59318.40188290075
61813.271906783346
69120.78936138807
71540.71763224676
82532.25329613913
84043.91221232431
58383.10139580388
76928.8965557082
74090.76695087046
65571.56540173081
64162.19430711515
64360.0558428967
68286.60428740302
72841.76469530429
74604.41110639741
66471.15762765262
81701.71799040944
56028.94426527311
64593.313490049164
83996.93624902215
68950.96230297335
73989.21673606364
78157.8519720744
74127.62135635433
74154.91237599344
76599.65325133388
71370.33304806789
62278.08824995374
75270.77847708123
77400.49866949595
59647.66551742878
71748.77694515392
59482.99555809037
68398.60985656481
61818.964162155535
81596.06097881691
89331.55128132155
72776.92192624511
71394.10139627663
69217.8428026657
80587.91276399663
69326.92918224464
70918.0887765095
67253.70144291436
60974.826950721836
76910.9823807187
73257.88396471155
63142.2710598902
65419.51282555406
70784.43981389454
65835.82609095762
66120.85110319284
64886.53496399891
70655.03551482012
69959.61461622901
65474.52320348798
63799.03507222198
67556.80213137183
72081.971836001
69011.34159423251
67682.46460658647
68398.43701293116
69021.77670344015
71476.77082699382
76762.2390432722
69243.305701286
86456.83794249222
64259.34316170992
84180.80428096419
62979.211807939275
