104747.90598867742
102784.63552816877
102510.51198928736
95193.9279078703
110959.37154926112
104427.67280058026
110655.54750294515
97309.06041887002
102491.67641461967
104544.79335564666
91910.3168169332
102588.96624817717
95613.83495854304
92911.6117809922
94077.71617371526
99679.11849990809
95026.98468181174
103914.44713514925
94055.70392696184
93908.41491932914
88992.3917073264
112853.22943812842
121875.92065561905
93910.3485382262
102236.2833753872
89918.74807386124
104537.80138491764
91407.94879307799
109804.57455250103
93432.88967911521
95127.07415853022
91958.77903814778
115377.01104249342
80948.40592093774
81135.50230090039
113184.90985661084
107176.07530264383
88401.88497153654
88408.42461383114
97481.38024427956
112524.42401646354
107846.12874454433
105782.44521813656
95219.02829630343
97971.60075602746
91688.30702171593
91661.0136439621
93955.4526486801
112259.59665707046
105361.20342385149
77826.9454135267
90582.6309907071
83413.97713462195
103624.34633242874
86485.88353198417
97129.8692868908
87230.56690462503
90737.77086145284
87273.02491351875
100286.18777666055
81630.34151710205
108788.33823304603
125956.10364586489
101981.2707038704
109676.67728132941
104547.46939580076
90303.64741037475
112447.34194180688
102915.2571710863
116140.16213668
82125.8944000413
96415.03125425195
