67878.35573162275
60684.94607738869
54143.38476508156
63522.551725286765
65112.21852154787
61582.279029946665
67900.87226566956
52293.053167220365
66651.88317970857
60747.36857441566
51745.198848155924
70450.18679043885
63937.963063221796
63601.97585414951
56091.29875618751
58419.88427572763
58712.117972269
58161.26322234691
55764.80217307482
58335.00187593689
63791.9946417622
64909.75311054546
58467.802194809046
58571.0075738936
51775.73362892262
60111.3131057381
71134.86503715169
66769.88576118925
57057.10994896455
53639.503524685846
56948.024560228485
66604.85992667638
58917.43378329683
60373.302412656936
61182.93869248584
59552.23698565867
61684.873704702906
59983.9307421761
58176.42036442885
59427.998446864956
60672.4822398054
65127.29366466224
54719.246347727596
74578.60439616113
61216.19882934011
52189.87471579465
53145.49737989884
65713.91408009487
53323.522122798386
62104.08986569088
61135.17744028272
62016.21377900453
62358.164839532445
52370.298068217875
62920.16117402732
58492.57609542128
64730.21210470861
56635.68935888316
71388.82933650611
60786.15900771847
63806.48140424217
66241.51099497738
55386.071366544995
64299.08002751199
60334.415378632344
61803.84022354977
52659.768982090995
54625.91318626095
59735.07766654952
58607.48095505092
55424.72933706692
56199.71691833094
