87200.29692797473
107103.93455831242
120007.07881358918
81010.4052483732
105370.69680316151
107977.66511600009
96328.91894038436
86608.05369818368
95279.55389831722
88532.97233479221
113650.66251884792
100666.17137900344
112529.5942906811
103200.3915910831
99258.05208688143
100496.90165886251
95028.54077949199
95568.72174216332
104383.092159653
87278.41412546857
108760.819417579
89015.3788518676
100031.54712553641
91868.88283349213
94643.40769476241
117133.63137699942
104710.34913701311
96210.32844081218
97322.33264171566
80553.59645298812
103969.89192170747
95538.1429271878
93647.71096782266
108790.80745625558
74063.4080350182
100474.34626763221
98646.50805022323
80865.78797476209
97566.62225768965
104937.90565362191
87224.278984998
92440.51382625249
107882.71012057642
93104.33813184353
106488.34322465706
83148.38805711245
107272.27108324604
89379.88951008167
95280.72049570766
89093.94417356541
93682.04046738727
97362.06750113764
101816.51493368286
109260.81026606666
89196.12487122547
105147.52384534448
112009.84018082658
106918.86746312426
89523.1873132142
87215.61537160489
92688.60363815934
92014.28061955616
116470.92746605037
98559.74189508954
89024.21494815269
103068.78996410685
110463.03482116548
90914.83311815221
85074.0903082734
109465.50570216971
98943.10289016717
113450.83366653575
