92203.51018892284
107773.53373871259
109118.47156771786
95289.13694409789
98206.71318990087
106655.88409847514
101178.29658321771
100806.89184555128
100329.25550708112
114051.68030953177
102248.40441558635
111661.69137499158
100565.22852814049
87640.48831330753
84603.39335841163
110042.34402960973
100631.60192306551
107086.44874560644
97443.34458026385
113237.69477797645
97463.39419419531
110075.31355813256
105740.81173985881
99481.58346219173
106299.80029376083
90508.05188442358
94357.04863202506
94396.79077341672
100422.67227399671
94559.29412838198
95184.03201157211
92280.13171404705
108061.13719539305
109289.13075163147
104379.47251228204
93720.7702917553
99694.5759141449
98681.36609556481
109933.4492770393
100665.21906868549
101206.59313273779
95772.0077585314
99853.11009855043
76616.48099507552
115238.66504372093
106841.72041958584
92499.74965223891
97660.62760505924
97353.4305145061
106413.33166374001
108905.64301443668
91604.3435074107
95102.94145330196
97045.67818681776
96152.082332729
101976.27291839919
101194.40377796009
109230.93618204571
89026.95719132728
82857.56898960994
88240.65309696365
115023.19271901084
99866.04732687266
110389.60480906886
92124.4588713017
111044.50540355843
104493.92245774477
96365.30976982407
99283.72523537268
97739.45217580872
100624.77502888037
84640.56932641663
