119527.69979657518
134214.4168535858
147169.43878990406
113331.27964970811
117834.58363744333
112643.70951054269
109184.68502015983
122406.27058964604
110808.46616447503
121572.22151004757
127946.72782928677
136302.05253636665
131604.4359284813
149845.36723300195
136835.38201751266
129234.12612747253
111526.74612744419
123779.84472243859
131945.58806119743
122091.75600726536
99652.89983273382
105952.60989089335
103777.35414368604
129785.47020074348
133209.2469321794
117514.86883614975
117193.93379070335
113750.82695147158
109474.02981041482
112648.53775479372
114083.52429907497
127070.36235630236
123660.36786009057
113238.66870424185
120870.31787271974
101983.2325202295
122273.52758810749
103865.58522706598
105775.72479753515
153670.52905136225
117756.61381917003
135842.32406263833
118855.92211256639
119235.71749318141
119960.22704802899
114808.67075961597
137916.13538295426
120412.24197988008
130690.11534629471
100406.015624606
123662.70700678758
112458.28649401182
118933.9701182252
124757.40003185289
99683.13699045978
118561.97567594105
133530.01797982346
118393.62021972463
110661.69016740129
108406.77658702292
113718.40202023424
103244.69335782703
100613.04402162327
135586.54161822895
132111.0849998771
89806.3861822451
114485.15766644126
101986.90450832121
142228.08537080427
136789.8166244378
133957.87706981087
111277.67845908769
