136659.3585779285
123069.17864766612
106334.11821331392
141649.7934476975
130149.88393686118
141841.46559502787
118721.68297998235
128116.9031157218
121253.98092226047
127759.7562338312
107944.43691315723
114282.07297293702
119794.83930698027
111788.49043488134
118324.01037330266
128328.12398959139
128749.63926374352
106337.13945413052
106994.87254161468
140421.97585649026
118683.9309512302
114633.20078309452
141501.5320345048
126159.24376732828
116940.87902671495
131240.9036408366
121361.51598359752
128324.5940301498
114352.04837052515
118023.81855673432
128528.07386564615
119823.39663350089
122869.0994633327
114431.62079496292
141567.23673152702
117823.94932382501
104846.82515726885
145104.09138128074
134025.1962578789
117200.82503292651
115439.93818026262
134407.5093069685
128911.05462389495
137223.91014029458
107158.67512098751
117212.22449619984
117531.81058191504
123295.95422071218
116445.64154520344
119976.50030167315
115120.20466313565
129666.28571872826
120121.59494199409
122480.0736922115
128112.56388952429
112010.4460731602
125256.74338146509
126709.80504346425
113197.33624494603
111303.84590700365
121885.80331151286
124281.9938478528
123118.95840411278
110129.62816292941
113623.76364811625
95533.40854041468
103889.01345768942
139169.21576164293
112220.1126166259
125211.19365143386
132967.94449890865
97502.38452915104
