71905.86838310036
58040.611642016884
79126.99137496397
61885.60705696812
68928.5483446469
71916.31268515505
81666.07443811272
54130.90175519515
71896.37374109635
78585.11029931328
83094.1147428861
66432.7305254325
59717.55779440308
59888.945663039754
66574.93113654325
80197.64150083251
64104.59413966475
60526.342122630325
62666.04768067656
69475.32578763747
73913.11423272497
62286.06722809927
73269.18798396428
79654.11821878265
68771.73957581009
74870.72644925718
73999.12639788326
73211.56410181495
59582.50358682244
63347.47879393443
74887.92940282499
67528.57615570298
78177.73825371094
69818.21995224078
70177.81581257953
68099.29781030677
68221.56494079364
79108.51046094028
66491.83840641087
70878.72159918974
71574.27157743178
58034.618176552314
81226.95709493103
69636.67034468001
66369.16129548429
65887.71073111266
68034.64056964392
73070.67212608883
72747.21844529569
67271.98952415414
70631.82397650465
71492.4779907505
64617.603405999944
67271.88748473488
66819.83402855095
70504.08445825592
72723.49279951636
62055.94386595492
70041.04656288677
49234.92815725103
67713.16060279052
71029.36454727405
68799.38652223971
61758.98709338151
63632.858029241055
60527.28029420893
64762.45707354594
65958.47475193103
69596.11356717238
62032.51503907253
65310.918039088
78331.61747582763
