86573.70427048822
87084.3408499554
82051.51162146076
75040.39292677816
90431.77741625052
68073.80713893042
84615.63811009355
66894.96531157462
70141.9507534895
91304.634594157
85184.12098078351
84605.70876706405
89487.11751679234
81575.35378183461
74113.25285684613
73606.98755564047
89943.64608741626
87888.80028751749
88826.07405331431
88974.55850007849
75556.2286431779
79429.99017075243
80803.85376233669
77849.18968544489
78442.20685303726
83212.62325045076
71445.12730701451
77512.58400768832
71704.04818239124
76995.21741701335
79118.73097481517
86648.60313732765
85839.56049868281
85483.48653041806
90986.10677588437
71975.45723775457
89322.99818601985
56354.879084476845
79263.6859242179
85409.87946913601
77398.23872418632
73421.922521238
92482.8294923446
91338.4140909445
80476.19828332323
83393.83018564945
80894.85937049065
67795.7532634833
83784.2633140553
67313.08331308095
70547.90752619568
66406.01169164818
73996.76780832952
82436.029909131
82358.44046768072
83761.40927057357
75401.11689006044
69799.29301165412
75234.27494397521
63128.89293208419
78744.68469144714
79843.87078908572
84287.41108632078
94838.02969833458
87689.90468297145
75507.80653183555
75843.72609077288
75309.53039672397
76975.88661266572
87153.38645470318
91106.5195521302
71073.37989908311
