102708.08630918353
86872.1740143019
106179.85731492711
104513.74248816488
96833.67464205352
113515.20602285367
105199.53745146915
115103.71764800433
96620.71424168069
96514.16141379965
102359.58190005684
95700.13012211653
96766.98325971162
86705.32945899521
110396.8515508611
90156.87953429276
102572.69359506608
111881.81589212634
77985.01067172065
85964.8331405036
98984.42912324995
107705.27242271355
120452.638925918
103064.01013410445
106021.92096951854
103217.6420994736
122123.88111585716
102985.66724654967
98847.45377056445
93846.50453710566
92524.65608975234
112710.36759150945
97428.1746609331
103107.13729749159
93799.49095372992
107880.14209291022
107992.81312464806
112999.33879495517
110794.37616010946
81129.93072885308
92610.11766408075
110362.58111145913
89327.36821518204
96391.66529083677
97487.48988196152
123063.88339569882
100256.3482281149
96795.16126749292
103735.23868128366
102272.32820564098
87341.71204406089
82576.53317678008
102667.88924376691
100770.40417683008
125360.15016774474
107990.35677942388
94112.30790101764
91089.78875794602
105718.56085358144
92111.02259487302
116377.12837987492
104565.69562388645
108040.66433742146
103673.75962450252
101414.13556347895
92063.96322054615
110711.50864956794
91661.35901887511
102318.17548888166
112405.14531978274
123031.4368580453
94191.29300672484
