110949.7096363131
124967.27177697784
126445.80672928342
121831.74649258237
115763.62287323494
140375.8151188174
122977.87763541815
120690.40643104531
106167.63921378287
114105.87254464831
121017.7480577915
117900.17918514632
114164.58399798963
118589.85110196592
106114.95311980274
127675.81858269329
117549.74437934096
117576.89267453756
109499.51324230563
142379.19815472557
121884.4049348238
115232.3259001433
117952.39158690676
110411.59098717025
124484.94281300408
135082.57507132704
119953.55086517337
120760.48154620301
120421.23317019021
109317.73136946095
109813.61403097007
141112.7011494584
119709.7114119556
124608.99517669708
139414.8214540958
128363.031155708
130766.83473121353
112239.36980433216
126013.23542980867
128262.25377212265
132771.3051783561
116954.21080920851
95295.35961944301
105199.79680308215
113115.77964784573
139018.80071768022
101079.41596367556
101359.5181321749
127458.45026809086
143563.1048717475
104958.0111013199
127661.11957568544
129605.0115981002
137238.03177305928
119898.59548404165
112495.21078216583
136031.23437698084
112272.57833633796
112769.61905072327
108292.8124805994
124617.05428702879
123182.21949944903
130676.39210634782
120472.8490635953
132496.6595679476
120105.04353297224
100502.61020387437
128594.62623944502
122376.62598750675
134669.3067805014
136035.73469911175
122145.32057360948
