60657.7023139683
54666.11416986461
59416.72915625416
56922.158190181915
49852.53522289826
63092.66018729256
63318.97571204092
55734.54006383519
51130.713974630075
65885.32707994022
72346.21847817645
55965.26477171286
58546.4798054486
56980.739676336445
51270.33295210245
57963.975627657055
55101.336095817926
51589.61156132233
55816.945807071286
68325.21150613282
63073.69179916588
67368.30470624352
57261.430671690054
64779.11679294826
69353.61627543002
58002.518401909576
59676.4099800614
58240.68685297909
62456.58517347955
60179.119467696066
53867.43497272583
60765.15134607093
68158.43979557553
64178.08711193121
53807.06533694581
65421.011020569014
64359.08637833353
59204.532178006084
59957.45094608577
53361.62436448336
54069.71000201281
57262.844293406306
50643.51144116406
52071.76827417898
68805.17026529831
53355.79145663022
65516.663445482955
62559.23305939748
58637.06259116253
63866.07505437554
68644.85283810168
65582.20997996678
63441.49091889739
72634.17937394817
64015.31401879909
68383.85316818017
62851.837306401576
71276.39976814466
62153.01035026948
56165.35762000851
57512.9725943252
62305.78054955344
61797.15542249218
56173.96883043153
64127.12581410694
53927.705475993134
51694.886985573365
53620.76346828102
64542.73681475821
61195.46472844367
52122.34352514556
63897.27206023609
