72105.00642726058
65050.77020327739
66627.65825944832
71050.09833342716
64362.55378601141
63335.54876130073
79478.1891258521
68558.8677882942
72026.67454408506
68876.15875156707
69644.70339287173
64768.411890302326
79172.13007231722
75712.55278629735
73927.96490231504
67511.850571341
68787.90548473003
69012.99856704718
68207.18399614768
62949.18975265263
65375.83792053903
64157.27022813824
64120.22774471073
84031.59337747609
70132.89966310577
72068.48053397301
65068.63205885565
61702.38457427588
66838.72150765186
74761.80917990557
69670.98448021343
59848.76558051096
59070.125629275964
62674.57420929917
71216.48703724798
67402.64588897339
47964.60442859283
70229.00888281933
72927.31162458358
66604.17285809104
75208.8768927752
77917.81659282494
80950.64365397846
67659.70773932953
62825.96772984494
61511.48744184898
72092.99466821588
66093.12488041399
74810.35212929892
72172.1231273233
63895.14958217971
57772.64309261028
73311.46590346411
67347.93258666906
72795.81859555726
62723.9408232358
76178.3269156604
74608.21632061673
59040.285278495954
77885.4692145103
69862.99273317184
65003.81420537597
70079.65360105367
67335.13995346581
69261.21962701998
59462.607575088456
74067.39783538181
75324.42827899447
65728.55039385131
70591.97939621184
72091.21479367545
65703.25326456365
