74162.44764489368
68311.05483004807
70087.44189553066
68141.7312796448
78263.07059443141
66508.39465288709
72045.7348689667
79216.57657740761
62881.120091305114
74614.64823837785
75034.74840748527
80336.13831456577
70243.56780323683
74213.62455737339
76305.1938397156
77888.58416525873
82049.60544150135
69067.26376459432
77044.75066143853
69206.69238854987
77751.22345382355
69118.79962819668
75687.59526394817
68172.7965162571
60786.90861464158
63611.65860426558
73645.33587815042
72159.59546716556
60596.777521091295
78163.62602337013
76146.92580998097
65961.06912408424
82841.73024549178
58022.01782482249
70624.60709327964
84016.94897286274
57784.28371671079
69726.43726522224
69035.26089351553
69501.68501170965
72044.3261802029
63094.70593018916
64317.262290476356
59737.790119808866
60329.7102203668
68360.56943100772
68335.40438678552
69948.56434040956
66212.09149149113
78042.26419278748
71434.48310757721
57922.12871810997
77163.9915696362
73319.32513610383
70240.06997170487
69027.68253333408
74169.64233327181
67813.4316019755
76164.03507971748
59314.945584584
71065.9387289747
65129.26848869222
71272.63155499697
60235.47150861855
72933.92072893892
71936.60752392765
69284.4377885528
71206.05950932493
69520.5724327861
69701.11375985653
71818.44447155095
75226.76925662713
