28354.95938223627
30251.98245917394
24040.35802662672
30226.127739754615
28237.362137465367
30557.93675942698
26422.832192012003
32756.880150044402
32511.70509166062
29860.713047708115
31158.385499074415
29468.102253925575
35203.22815819622
35216.52109516657
30790.659216879383
30732.829750488476
30413.121174646836
34389.36318524417
26208.55445550866
29010.745636722237
30267.140071356956
30368.05718382859
29222.040675920554
33768.64023781765
24782.207518742667
29044.15228526189
29577.128287047366
29767.133582728082
31143.80248949574
31387.66713801792
32337.680093021267
29825.690819045176
31150.648242334326
26477.811898679036
33154.669864421085
27029.925156393347
30173.149077225997
29105.11054362708
29788.34461920948
23970.13245242503
33177.59570287107
30704.975483155573
21763.776589445606
29172.491426034798
26872.4589151853
31014.723319853587
34557.32072783769
29555.02023792942
29011.414755631064
27230.010361543482
28299.678538829678
30893.228412900135
30403.347878761688
30616.52247657547
30344.771147021995
30446.791378494807
31674.885600254758
30728.4258689992
33052.31180404469
31920.69260445698
33725.58162360843
25620.45734919288
27585.405785925916
29333.267674443698
33541.674015774144
32775.56099724416
34761.60089268168
33980.2083336846
31816.654745522
27459.82101290098
27722.84383152531
30569.97951370888
