73947.6746549168
82162.53564270133
66828.7473844805
84803.42292414587
76884.83512928855
80919.77067367364
81509.26873370132
86045.26439946765
84393.75314367388
75645.94830458879
99118.7636112303
82848.54782283347
80105.55470546741
86811.73630902977
70341.78839981047
67641.6000797055
89709.58386266176
74852.92378128818
78902.35217872802
79836.20909318283
75737.17874598742
78251.45343749753
73177.08287986412
91068.6476549681
72691.97514445518
77506.7476436949
76295.7286066317
79274.31392718438
90970.07777775485
94472.08532068497
88956.597400659
76827.23328604772
68371.90062191569
92448.31993420597
87565.58519849741
94277.86538443218
83405.04276711069
77259.916178846
93085.68606491227
90812.99614582221
93031.52833345383
80543.83167098537
72551.80143149852
60518.538661671286
81209.34618350666
76424.7196828375
69701.55209539163
81642.74707911206
68924.75519887584
83744.72082181416
87410.49998340453
68995.87135873617
81190.26235306388
87912.61248514178
81101.66751860111
89266.52827405118
78929.05611016802
83534.75369856188
79129.6414638411
83805.51423703654
76552.68129111646
91977.95998912712
86379.52085170448
88436.83566730398
77888.76661503923
99764.18910869764
81406.45730057973
92715.871484186
78588.93321352384
86465.60601008334
86455.21701859265
71426.33779520523
