113157.80245624429
127782.51930041854
125733.24516371025
136223.4143633328
118815.15783161791
111597.4486430479
122762.34947590454
130007.37396336239
129952.10116327
112371.75392329422
121825.85439697444
129652.37729613007
115841.64184749668
125438.59910152666
119577.45991291406
115491.96000020253
137880.78108452936
125670.11286997462
126312.14123987788
102359.09469127655
112618.2710054542
129081.3517352946
121016.7351446296
118778.93228366839
112108.36854231039
117087.0619336643
101413.7049730235
126338.71034719564
124701.29387119734
125312.93885805327
107299.00509626862
143203.57102296376
130853.14409354518
113460.8791188199
99478.57339718113
120958.38938161625
102648.12027907603
134692.26316743882
122624.28850975908
127459.1864124272
107547.88139476039
130854.90351739095
125829.82098919908
117297.49674254982
123154.77771355426
129993.384661165
106207.53941279437
115289.81593603014
136013.63564667155
131128.07882151887
108155.12043356113
108444.4279778751
131885.14294052563
136815.76481584558
114456.04210299408
102695.71650199655
106169.3899073269
125353.80273682979
115804.31917450408
125946.11267275087
118551.08355003307
121646.67695807887
125684.30916676602
130508.53808566026
118594.24965565275
145313.70704598233
100395.03870554353
120007.6788041277
122221.38628775145
131651.58711396702
121733.64388416236
110091.76336004936
