85659.71779017898
108780.64807232501
96509.27427256184
95821.14661204194
123112.13207403262
99970.05957752327
96775.7283500238
104566.42469159339
93262.36838906886
81010.61139314735
106258.44198824075
77942.29590595124
96778.39135623573
96617.12036577388
123241.72524522126
110912.67444167126
99327.56911933636
98719.74070087877
99640.10885430759
97536.60674556458
102078.62485019516
104188.6436930375
104150.61364753815
118124.15899905548
92499.09089638694
99058.36465304242
116466.51764297493
91297.17342204289
90895.85041653275
102386.17648710968
105968.12822955952
98583.07940110117
102439.81916422804
92314.66534917252
107081.11785661615
110167.20390125226
108866.06921372874
114910.93498981942
94844.09596409914
101800.71635006374
108989.77512574452
96149.89227102342
77827.4801075805
80029.65011865034
80546.60218266888
90150.41994854271
93952.80893313169
111115.97784713941
110221.63865134676
105868.12296345794
103024.27724468631
91923.03357433702
92763.02777494847
99041.24242875408
82849.25044729994
93815.0262700048
90468.93836352919
103066.86288807505
93635.84166210036
96772.4634952808
98400.81510921869
98717.52351289442
108208.45884749733
95083.95546265307
85595.60537908021
106439.85036290728
104041.64723357072
100029.27408854301
87902.68528580532
112394.05787439318
93507.42696240555
91011.6764289274
