57214.41012737625
46223.29476455459
60786.32615569896
65182.760412227704
50301.24764057843
69374.68880025874
58822.85709244709
64619.89999718098
63004.46737698967
70046.39525209213
64148.40688627839
50880.24756138212
63335.82058825878
50803.48023581503
65037.10671714535
55886.1241237671
71543.44733693889
58807.78174209071
63384.78345374373
61887.49763638944
61172.62489571139
61027.88758514173
47936.57556958697
58225.553352286035
55521.71908059893
71050.02998328583
61840.956728736375
60639.09454553006
67879.96037620289
58541.710284268214
65156.566713459535
63861.74239663483
59696.81905260501
62560.84290746131
61579.91036856218
56926.34822274396
59297.03530307619
61275.80759041365
56039.74525009375
60855.23533881497
57471.73722976221
49612.95499737651
60290.06912549442
53689.41698096732
53124.20556049092
66158.1746811291
61613.97951232455
60956.717253773895
54220.88554597908
57934.15376181233
59872.32066273509
51910.60686683939
73597.39802309392
62088.52774555754
57345.107296737864
63598.95777503233
51291.349864845935
61645.89695675396
65224.822414966686
55098.32727640621
50827.68753105153
62003.96402594198
63712.35823881135
53379.980287894905
54988.73370728951
57589.11888018009
54064.1608675646
49131.50588924426
51738.23040035521
65817.94549123713
67846.40932783921
64748.07345372598
