125733.6307793714
113236.88152256126
143340.26196809884
112194.76550645001
101865.58653426706
119808.99278605155
150447.44095491886
110355.43511107689
129385.32422609604
119493.17612505621
89961.03629753005
102858.25805430768
130004.13281950675
115494.82182762428
106960.37117612333
109176.4011275117
126866.02371823492
131163.13044754684
134982.57132618362
115786.28132250595
109632.37430821077
128002.69667066493
136540.36833166267
131705.81938219324
123370.2158326668
122597.51799855508
118469.74814918243
117718.80699147569
134757.24824540396
130571.46132623657
117039.40081783263
138317.36108337267
108245.11101686
119732.29518557554
118840.02128275958
119179.23793658626
124333.62289441348
118409.90925920986
122907.9462150639
103295.59650755285
119860.29297155501
119540.30891633738
119157.44678167277
138012.58856380067
111318.6274862126
115685.93551807656
118741.81648153724
125999.6720445876
113559.37461994564
124241.54704194896
120924.27835910782
119095.8978239048
113799.07113153025
141118.3531051318
147031.22747681005
139708.77541621102
99789.96405792717
123770.90874117188
113487.29363653013
134305.67585451572
139032.49677397878
122133.1179784932
121646.2980715957
104056.84011088584
101129.4406345044
128045.01235921965
120648.10613104276
119884.39484652264
128009.0637946077
128166.0515127783
108489.4078638856
114828.48040491653
