95779.04394794947
100303.03143464554
101845.48403919458
108762.3244375179
99744.79076028944
97997.140096155
85500.75566009479
110650.92853583234
105221.55125222343
103921.03059891968
89147.36172185378
108678.59541129929
88816.03459000643
98922.15957282996
97607.5149820316
118698.15511776503
90838.57442470083
103289.79256898268
101872.06602510768
86245.42498151062
94079.0267773156
105958.97247839827
91169.87286458435
89512.47640725129
103152.23464316134
99071.8972401565
100329.07244752596
84901.83990622073
103495.73592919388
97751.75165944253
78473.68558469176
94503.1846942627
83382.49426189026
103577.34349753654
87450.29657361355
92895.52157468438
102305.59861482262
100473.3766467222
97844.92654552558
100537.27946715872
88029.90674838626
88160.10973241166
94794.0586169196
115089.48947875552
106445.55504937512
100387.93749254424
104989.96128571939
96851.85802563811
106096.50895586162
90186.56030179106
98687.98139158239
105303.75790110962
94177.73943534444
105682.19160331014
109319.3325970955
108271.65164259684
108334.90641006555
92063.53760129538
95867.85004132887
91545.64023636756
85674.37413856603
113794.2089918615
92766.3234255313
88592.59733045573
112308.84334521742
109413.84104710241
98149.64516631351
106667.82354275598
86706.70403584406
102955.48109612889
95040.12992508819
101626.10496844923
