85025.49301195053
84326.31405326353
86914.91049295609
74330.68157774961
79017.64007231605
81958.99039116918
78382.098581723
79386.61769403408
76983.01740190493
68204.9959548491
62610.593156294104
67675.8071757342
84683.61411461732
93132.3541383156
73739.14073481454
82020.02211874454
75141.60460243814
88221.82285220167
93571.08390834872
86633.22899120688
78217.87452356683
74806.62303957113
75695.55691804488
81387.51997592328
76324.11805094102
81761.41092106527
74640.10676290403
73352.13742001745
76531.17560506042
82645.95731552987
99598.78923460937
82433.66549531475
74320.4783512056
81495.76673439091
66882.34025720619
85885.71157635156
77131.0195560205
80406.63052938435
75789.23703114744
89397.74643943881
84176.16583279724
75549.54876964097
81628.94685021936
84156.89924500322
78836.78963424441
89075.29314692735
75963.91198726275
78528.00614099628
77124.08086154444
73277.32570986608
64698.02434268058
83592.64636720656
85156.69648594658
83194.43872666058
72054.71416043107
78497.336991926
94065.76658231036
78110.01280337463
87447.3064803631
69596.07499897791
83810.41555940993
78759.05118009765
85018.32950475604
71828.58023127922
77095.6401060371
91175.66025208122
68576.61881696281
76910.9529051577
82449.06779886618
77892.74552315568
88890.43474597589
61956.233641856445
