67917.42426659745
66037.72497679747
71079.27240503112
75114.78519951404
71597.40379074
70109.02375618625
79974.86326221845
51675.540253868516
78211.35250404071
59826.90738690802
67726.44577648187
64276.12266380645
75411.71493837977
78648.7970685602
78291.38623997648
70452.03186908603
63854.5143690894
65816.7232330396
66004.33109417411
82187.26537188428
71714.51986791907
61314.79495539133
76490.74369558982
80950.8291681974
67392.68438555642
68590.91218643729
64978.658701051114
68561.06942654362
68129.08915266651
68156.06534412345
71723.52817829316
65578.00921865605
75169.52903046214
47583.72779620453
47340.15740761288
67395.7813621018
69242.6731415319
68476.19466422596
70466.92767566197
61489.18499060719
89182.4328397215
70151.79056987535
65536.40290180096
58419.98316878917
64598.83705586793
56002.81743959567
75476.84872959153
92529.32365965244
73372.23281256696
67002.25577724687
67745.7554886201
87658.6036896969
65240.83807313114
76812.74337235455
66745.02990991996
66825.17088946483
67802.20687843415
54940.181404664065
64881.43255515329
62783.34152386408
59093.88163391717
75245.4890013961
75679.10050450983
85434.32876701519
74065.2814150923
70924.65836927161
75165.55426789349
65056.85664773632
64897.765280635576
66906.13050014876
77273.2108965173
74982.50055331277
