111298.11336636699
102292.78770364032
92645.05196360484
112752.36980387992
100117.51560020926
118516.84926813512
80444.38014072856
94454.30778073457
104065.80056216073
102758.050789001
105497.23590552216
100480.63593136825
111717.25754924974
106370.78111346075
95931.96992291915
105312.31903478317
92231.95139141772
98103.90047705833
99403.69071944208
97004.48900532957
95509.33127438188
110287.53988255846
94390.6244624559
106976.71086062565
107174.41890738548
110436.12472220072
100361.76783706459
112848.70712575501
103856.70690872829
98346.28776758324
98488.23183780165
101122.90425467987
86380.43252404014
113858.38385238669
102912.01291024768
116309.10475100511
92920.33488270317
97831.88198137868
92827.10498213733
98690.35715079264
90794.06353576509
83316.39386389287
88255.30703197
104966.32105299617
106117.22588497872
97811.48898914007
92273.32070689634
107124.97643303563
100281.04356744177
106578.00798539165
100364.30363069044
95496.20202568296
112690.40273594599
102836.7540062158
94198.63329518514
99554.50312874951
91045.08793346818
102125.31178730722
86585.18661787853
105482.79336796197
109096.21438538801
105621.64719739144
115596.5786736714
108083.78464836125
107244.68741936861
104989.56540324115
92052.16748528041
99047.51861689612
95887.09016375565
96568.59092816147
87480.22624213016
102318.81688466916
