89133.91520110969
84894.40750073353
86896.67755869743
82268.30771493401
78099.46252881661
98386.66242941265
95542.67837242245
82390.61634427305
88044.89115544574
72551.91037627328
80945.90271893045
81174.10442929562
75840.68843541235
71165.48710780352
78095.69883533868
78948.05423943378
89900.35191647116
78350.84727731267
74369.2490209677
71225.5882338157
78751.49064510218
85250.11428982313
71899.09310886958
73974.12743113344
81136.20850857839
79609.22639844986
65724.81545800684
74474.79861882108
77032.6132107602
79447.96317249927
74871.56398034455
71239.02083589952
76182.73064005177
83260.03144025941
88274.28170953438
71217.29024388896
78120.76430692746
78470.09601705201
86239.70971961394
78025.25784923458
73478.68693812666
81283.17579993025
91371.83367459409
79123.15228518103
91645.39234645931
81044.05230300772
74442.71901212407
74068.89688182075
87576.90138308071
95449.23089473932
71385.74989664064
69428.56274830012
88732.7253436691
85606.73913684972
72635.61848944305
79894.89109914904
80575.31394202315
75379.36745734223
77129.33994945255
85787.07635289393
76665.2900552024
77510.52202902918
76886.05883107777
79636.50435404785
84779.82387923308
90727.46882286463
90147.96305062472
81721.9156016452
79147.91912285461
81690.53219223041
73522.03585779005
83377.99195927575
