82084.3352175062
71251.24447706388
60975.61056395346
74635.00491294074
73732.15902096743
76024.36287095181
58250.81837693154
76697.02164361344
77265.17619530052
72997.71565310791
72771.55022008815
71719.1460102022
64702.33658955622
74379.93513778395
68451.08269233914
73036.41494285603
77339.63582853571
72255.65567851526
66659.86862873372
79033.6380552993
72601.96191228958
79799.10757889466
74532.87458724156
76357.71597467271
75770.30459924095
74242.47180384785
71272.39794987123
81145.01196019819
60524.18907255636
71560.20939705653
53704.88189779004
70409.12084205361
72584.73742786764
73063.46262115306
65909.77497306302
69459.29461862292
68760.86335711135
54392.331743918265
67939.49074329759
78842.84358337929
70767.20831696992
68629.146345984
78291.05100761408
74353.29184087075
56111.08658678178
66460.11712981426
66860.75334871099
69992.7221544878
66856.08041655787
75306.04470786115
74272.66650723972
65193.405194846026
72188.08593382718
66020.82266453128
71174.51019348284
66639.66787799646
56838.83433453113
61908.77757420103
59194.55585130784
79274.95370269378
62609.360522801
68543.33098395576
65996.775171364
79904.47396578787
70684.71262272279
64619.15192057903
74863.59470161356
72439.00104342165
63436.68164197946
70943.37627867077
79816.39965859527
84730.91182060509
