108758.04507024572
73523.01972234625
88407.17635069946
94250.79434819444
87114.93244220543
110723.16415354953
106227.55111610384
95768.57359793698
105195.54352869865
113372.544217793
104188.01182638435
107045.45397802537
99411.12052269767
113497.11863969387
86794.69647507204
87652.45517964655
106758.53131196633
100062.73846467142
99027.96632283354
104199.39186214899
101157.48003003743
121034.99814591039
95275.79499389957
98915.80247239479
92806.2964773705
101300.49106573171
98901.03315650644
95566.9024559263
105049.85831026064
109180.17678538994
104867.01088677935
96192.23453098298
105721.02657702901
107197.3429275389
97693.80121721074
116110.90023543972
117003.3494835286
81938.73350306335
97069.79454973812
97832.18234341936
110446.16347893157
86548.28817097237
97797.02368636295
100634.1872697871
88393.0315787822
108624.57886692094
93068.1047990598
109569.45694116858
94949.08585656603
91343.817477968
121725.37957825117
87924.08336184456
116628.951535663
72174.13468296755
101681.44535516416
103316.6411529809
98893.10538350166
106714.5848763657
110983.55388101193
110767.17104810756
90880.1654511697
97877.17991491669
96937.1954270388
93356.73227993528
103773.6857856809
105584.43233247501
86522.45666751135
105837.21486419189
106967.73235005392
98056.75275528473
91906.66040815177
93155.7666310019
