35603.90831072263
34797.734150068034
29541.064015424086
29702.547525483173
30967.792694825333
37589.256071834636
28567.938523628047
33759.354593436394
33255.735486691374
28709.27927288213
25855.149983015584
27177.4293227704
36550.32892562554
25407.426365815474
29702.252550247806
26868.322769510556
31701.305411269346
30030.540183991834
29986.81883502626
30246.071428984935
31559.131011855665
31187.24778525058
29206.548691818487
33564.63021622181
28591.02524132218
30087.146421403977
32852.73092669742
31166.558501983185
25328.54586440863
32677.40244797046
27211.503678936984
24885.729343711995
33468.9285975875
25406.247847533425
33062.96784510294
28150.951675700206
33913.475810597505
31491.609248750345
27865.655799836193
29672.25350959912
25825.288097947865
28934.462672430323
29916.05619782319
23362.344926438112
28889.663122323473
31180.72694862183
25334.537967129883
27048.328641807035
30621.74851249539
28888.675393681435
35360.06658687999
31148.732995320242
27432.191799840046
28367.027943656576
29414.778835397297
25199.108905978595
28949.881109039565
28098.23295448926
26776.394633793912
23052.31719658823
27821.84530266276
26778.840422538335
27486.898190230182
30511.89052098004
28513.266485882337
28703.576102835294
30347.596723675266
29766.59833880233
25709.50847541615
28715.623169752143
31254.38579489715
29500.427281498138
