59152.061282528775
68044.42992704887
53536.01521581825
58625.577935628186
64740.19041910868
59175.17344158562
53405.788850691984
60391.663085638305
65151.65824602972
67791.61222600249
59916.334924360825
56316.78419224785
60716.48081581218
57919.398007451084
60737.17727647629
56115.40227716431
54681.81250841709
68665.60114718256
59520.66728454563
64176.985908306815
43886.62349550274
54283.01148417309
62392.22177274615
70696.20413846643
61885.67786221635
50132.93293981542
49865.576688788104
52206.1991843319
56276.09340252547
52094.102266850605
64479.01756803381
58094.77973003445
57433.92262578687
63573.03600844752
55029.90567688427
66928.90216355598
66058.63025520065
63445.09588776048
70103.1623624158
61807.24224428588
66386.00989540115
67462.7727648093
58525.576556615844
58909.02146705765
59964.11623725723
57216.82239437563
68434.4696204109
48591.34068495394
59735.21918988594
68215.23292644699
50943.70999310774
65800.2629213375
67817.52223297887
61017.961602238065
59207.09306698706
56372.12232259421
56766.34152993301
71680.93903863657
73459.05058617238
63981.71352543848
65094.77097017108
55990.74783119236
63661.73969181022
62718.98953197637
52319.818077720425
64910.132040365155
44758.51805507526
52944.14017359759
59460.95923152399
63177.59340327091
48088.30126763329
57755.06580921596
