122914.53154573565
126870.40372229768
124978.85531223191
142496.17348005986
118321.12417659731
117191.98953461599
116756.43913881954
123352.0498245139
98721.7814314931
111222.48486838402
104907.04440238373
122957.79547726427
148963.22290132428
143364.96477590082
101148.389499751
130427.8788157093
134669.79691560843
106698.27573300761
114688.46556391139
118332.85074411647
112677.34817108368
136452.4445931461
113483.1692176282
102869.94957556514
128396.66233220421
138121.231637406
136108.48373476558
135086.16441429747
105383.69771419588
130994.88122139
112930.25700616915
123618.52589374023
117092.3285160371
130302.65782550143
104133.11600103966
111263.07947091693
123486.99638331434
121157.80527437432
130279.0936401061
131477.7080857218
136206.7771202355
120330.10878475383
121095.64222647456
121165.46531712652
127388.04562882564
111334.98447571996
122059.26088562178
119270.50237262584
127510.84289147455
126981.80160157633
98187.36220008336
89212.46815315142
107925.48554851556
111749.75863659347
120638.50672449649
147455.65047669993
105376.2526892974
115840.56698024191
111227.70730005164
125832.3119128768
127237.4911177764
104887.38926799851
118768.93479590034
132110.20279464324
106991.32937783218
104864.23477230125
114689.60285725351
125159.27154194766
117554.1759742788
116372.99113149247
105072.12636732505
107267.46156408457
