82473.81614591765
61107.96590189265
58288.50782906185
72784.44074902462
65788.34946269364
61122.38947007093
64397.1782635671
85205.12037273997
69933.81994488132
73936.68552469977
68160.37490485879
74023.12817430751
66551.113353988
69155.89210088988
70291.19049774088
82087.20256231407
75817.73734115304
72087.54068726533
78653.81288473336
74913.04964899545
67319.28365146727
73658.04639728328
63995.26970585197
70322.52561387431
82848.0406433965
70170.74502163356
66209.47175824593
72098.6373007064
74751.05731539328
72415.87063428105
72771.81317762457
65229.25122903968
69409.04454692003
70374.892526116
72203.61896620612
87050.7151183258
55935.1966591353
65546.83023564912
81836.89235274267
57849.27444299788
67117.0784425137
66121.0115215063
72217.36032011673
63913.028079570024
68828.14986340275
71859.51382928484
71641.99849430735
72264.02528352913
70163.7240820121
62580.01312439389
73586.40261669608
62531.97128740916
67388.74722059064
65395.189635009905
72892.46022243888
76617.0580144241
59609.07508389972
74037.56841055777
64051.671669952004
71102.96109646204
81786.05945212378
68032.62983930152
79364.4794025953
55396.25198381773
71936.35490372704
72100.23149527294
63451.573972906896
65652.55007752824
72255.57191968535
65688.93066108013
63017.88642601978
57478.37087645463
