29415.15702159544
27618.34730537778
29591.403287494682
24804.43380650172
33050.058746834664
26493.477913883482
32825.81966185298
24738.957183354978
29596.25847000743
30045.315976719736
30102.945416822065
32556.062589841455
27788.806525326487
21470.131443509945
30561.332816096947
28312.59295770901
29695.840801828974
25669.652894120856
30325.664518416845
26685.057303552752
24793.80018903372
31814.623000774063
31215.12232508493
32134.65927009993
32103.23695291904
29797.577692553874
32250.00275490856
28968.429645357755
31613.39027835361
30744.16146110113
33271.23460259372
26325.258151761358
32517.745440443214
25804.500298855513
32384.542410781865
25520.126424118407
32151.551760222395
29818.598682503787
33297.876128870405
32800.217225430955
29991.556002508325
28066.778406925852
32575.139334785694
32358.726745414755
23772.166314558686
30975.37146192456
31457.97708151645
25993.86804858594
32816.35830941303
30287.592464031528
30697.16174074504
28436.250742218548
30116.63406947709
31449.5294604859
27953.596724860636
24645.56609492554
33678.27536239509
29176.605794066778
33303.39540833235
27548.55091143792
25291.258416898523
26767.202101170897
33377.50287576703
28093.15437135084
30251.116425320764
30167.784539849086
26872.146514024385
32225.724829884915
35767.73091694756
26306.06121046066
29797.1525980102
32468.69578874664
