80711.29118061934
87474.38405643756
92235.83007361226
75850.67999987764
98830.45198287553
78504.83807719292
75322.73965282884
83073.60718518062
68499.14427146869
82271.66225447097
88345.37267221033
75981.67816141885
79362.46521002725
79102.48751597616
86368.91687222818
71597.87406508955
80127.40511865649
76056.85117303375
84162.7375646251
77961.22562278251
76508.10346896661
71149.34609748036
86399.08268970062
89163.67729718871
78869.64892914478
78317.94122378768
64609.97507450365
66751.31507204537
87056.01457789844
83791.04992845198
81721.61271805056
75667.83339213472
71047.0727600806
81006.39774539076
79017.95327023344
83796.101289662
82093.25672958771
77084.44842170997
77015.42147780779
83357.73421806596
76339.70152342645
87048.9455979581
74770.43273598157
69308.45731668247
71687.8446719664
79791.3149765246
88698.25533962387
96157.37926747197
80614.49596323754
80989.9783895713
71026.87174330076
75678.53406195692
73182.90474521442
82836.47585497763
84161.52423974016
80934.31420648075
75761.43484204957
81480.61046827788
92475.55031052105
64844.7954585684
91757.62926078003
82177.83113944043
78469.73229958526
75141.64917035456
84806.97547184785
87963.31143662584
79877.16744308946
94635.75460581452
85697.76067668451
70452.15746371866
76915.37007231172
82112.8962272611
