132377.9419875052
132315.28868464226
84293.73598577976
120844.28719834848
98127.02611105687
121490.91280762714
140242.18530936466
111435.06733558867
135197.16896053127
110693.58348582599
129258.15514160432
127316.29581749023
111640.40917821028
106992.38719643973
115271.18472962963
160840.70896591592
106845.18108042223
127130.47653020362
127433.52380897003
120932.87481739005
115132.16061124341
120392.88399563632
129849.550503398
122619.36870380724
126321.5416051948
118317.08915701899
120794.7747027479
142665.55529613816
128717.73847358151
110332.70174696426
115193.60540057
102856.23995367008
116902.55253557255
120003.73271113756
112212.58436907998
126493.71614680448
97072.11538649717
127212.76123990589
144250.56615577277
99243.18966035805
108416.19795206553
129954.58314803222
120094.49711474891
113314.51002425315
114130.8068145075
116790.48032599073
100372.69640226528
112229.11606006055
132248.90426122202
130475.67527952915
110565.33284062495
133367.5267087167
134745.62379748034
120881.91162315909
131049.46023358851
113489.83597125759
136224.1033044101
120063.82098467759
122778.37006268423
116503.10669683863
113327.61836003748
133102.9145273272
129314.27047849835
108971.11736083716
113174.69111244554
131093.05227148894
108558.81712530997
102183.05490370822
123767.204919614
117106.10411269376
116885.30368292073
135469.61594948857
