79130.49784949716
79898.72637576656
63010.10524162659
69496.10232477429
50247.53960752306
76990.75650209452
87881.25185328777
69313.69368186158
71546.77964687275
81242.91599276131
73520.1214803578
77253.03771162157
73882.89675760464
77878.1984194847
68381.302945123
77463.58411155814
55700.99899144678
73791.41925941144
82053.80484326786
63278.11188136402
61523.28234989665
68558.86075358777
72502.62618431392
55445.34491101307
63989.145003746446
77850.70461883447
74864.23190148835
67247.9263735146
72227.21619108351
74382.37730039025
68201.72641075077
61014.801941068785
57803.41192788236
76993.23856074447
73098.0351316604
67200.78287182227
71954.29217502636
62459.77351934487
73903.20300671962
68507.67920167741
76025.11533002293
70571.92647039406
74155.44447320301
69418.57654071259
59484.489980556704
70741.5197825353
70704.75457877372
73586.33953562923
67436.20385146384
55224.99410563782
62656.568861232874
55808.991481671634
68728.72609806416
70319.86657617737
59299.566721189934
71655.65231353477
56077.085510782854
75370.82211899944
67541.08193186997
79832.76041890014
68901.99670902386
77908.47903296264
61345.83370413606
71528.42470202706
64345.445129745014
73305.14238694674
61775.833314299714
66314.06027818743
70283.9047191078
67283.99602524805
64322.387509578795
65101.12591655415
