62777.09179299937
81797.53660635655
76845.60290316363
75270.66207599796
84030.34258287308
58072.20820040227
72217.88415028497
85074.10822108857
81427.94621805477
71104.07756090505
73757.95703909577
72477.68574539172
76928.99721151464
79210.12146773619
82868.43781086107
86317.77244663142
75495.57099685879
71573.70401392633
87446.29194446775
70518.06416309252
73503.73469388785
81000.54938616032
85689.46659583724
84599.70716888155
86213.21504821621
79468.88208136814
74592.29544603471
74517.81907938434
72867.65118577082
79748.33158092615
81804.7516522381
69970.33489450773
85321.41965346421
87851.86937724742
76253.98091383527
96589.24423659765
85854.48779737335
76209.3514964345
78854.65832898417
80225.64038770575
76155.54242277931
85848.7565806477
87476.78588469204
75742.73083245596
70778.75509341065
81848.99595660425
74528.2629392069
69277.33655310085
71985.27492916143
84362.01953936325
71549.1677661793
92492.35785916225
79724.80017431914
84652.24723584596
90751.46963856695
75633.47890423688
79176.47688290251
74809.34646417991
86643.37024498743
88227.20201940482
84645.75695032199
70672.67200911694
80179.69742207846
78476.41465038036
67586.17169619535
75331.83645389
85529.46039170533
81928.15013130874
82464.0703829176
77109.0329284698
69392.58381277599
72949.6421617287
