79352.1686905058
87040.54129335584
76812.13253283898
70555.66909736644
93644.31853239366
84070.58583862626
81824.6631561069
70597.01248350795
95125.11836382588
71576.54459483683
74807.33903613934
88822.06713560392
79782.10457481592
74567.11426128916
73905.19787778071
82063.00032355583
73039.7654513145
97419.58162079602
79947.44973269853
90051.18794860394
78570.68146535516
79005.52957056963
93195.0650403487
79255.26143726325
75376.39246336825
77776.54775639584
83217.43253903906
72534.73723481032
82718.3475688738
86085.10595391305
82745.25479156876
76278.00396575265
76865.54610072056
68379.4847241212
89823.74530634422
69934.34068264722
78575.01359454649
81696.23665001894
88929.546357335
78857.2274906747
94003.47792004327
79859.75007793205
79003.10229574847
87710.1085840522
68893.5469767899
83060.3579289905
75056.28583863187
88806.18426841593
78372.71963869291
81757.9724895733
80006.85309926873
68205.1289618659
86655.86925568848
89274.82552922712
81326.17087406249
93439.29139147696
73506.73824637404
68670.57619973754
79776.11963049602
93649.73574657437
84270.36606640399
86649.65148060188
82490.32810389956
83272.07904290836
105715.38867349681
76600.95816998126
81949.48605278057
78428.30799962803
84134.05903394448
89442.56817252722
95180.57379863026
81151.82915120754
