99782.43231028349
83976.35605283472
106165.71693399701
100474.78907848115
112568.22990688498
90614.56915019693
109864.17342447245
93190.72632308783
84903.08953988623
111608.08880315236
98258.34845670675
87422.76610437533
93039.20701800662
108164.70876897521
101527.46821288197
111188.71481780057
95726.26050175972
96791.95780698722
105892.79598551638
96868.33290750912
114008.01574282948
88453.43573011755
104606.02654993586
98081.37707152913
106086.87586079692
100803.925199096
89969.17265110687
113865.75965056034
105202.117999546
93838.15319770075
100377.80195839792
122992.56883617562
113677.19473894424
104533.1615076259
96904.90351638365
91355.17140348123
98063.1215033451
100037.34854856943
82878.67964219868
86539.39629503703
107325.96778579646
100752.5429936323
121919.90851172485
92343.79551955507
117002.50189856844
109790.09697945905
104699.38754747505
99827.32285351137
99223.78695826091
103392.69712076659
103492.83355331668
101911.30540334622
98526.05658110726
122669.79337710416
105379.59286098271
116919.97494503779
97504.24561932843
110700.3620101586
98896.43045891802
105223.10214239529
105043.96959945143
90058.8717952139
86432.1453525702
107454.60632444921
97205.83726417688
112557.31376767882
118954.40337817417
111173.32485285425
113833.56642826268
103333.28948892439
85134.13644795041
86253.3905672918
