112917.00643481115
84470.04176033827
101745.08150001684
103071.5582784006
94924.762763548
89091.94325409271
101309.2969798896
106180.06339480428
93245.5804917381
94249.65989097329
88597.56013267115
83646.40409856608
98489.19984301453
92653.15308572049
106636.93572063633
106721.94910353636
105970.89123832027
92859.33121423921
109501.24207736345
90429.83414742669
108226.7509690931
104965.33240083946
106877.57051048055
86018.2009375996
112462.60753521169
101665.66192408318
99716.90952482577
90488.16790534016
94054.86079671617
97901.15346858473
97959.2426757096
116643.53015610087
99322.76408463407
96962.52520554088
97666.8207167269
103837.06895408416
102300.08933332191
89554.40706384425
118471.83576995214
97624.66450957606
86828.72094389223
93524.66926392318
99576.28526529067
116674.57610416252
97531.148387114
91510.76588747937
96580.87879015693
98704.05232702091
98513.505060381
82426.53019695633
89984.77292522899
108139.78212122827
103961.02173792463
103454.15571409915
93995.33856257684
84990.11569806264
100960.28580875139
104148.5314552044
118288.38911297522
91682.74515449593
106476.27335762557
105641.54376967013
81546.0800030855
103124.70999472261
91323.89640816567
105682.80471640994
107383.62512335835
93354.9989684644
104084.65378621878
118706.33749848482
103318.43869512418
96819.17416132354
