78137.22627508348
72649.71869468251
74552.13745678937
60828.820532441634
63809.400798720984
76119.99486833582
74702.8089754083
59505.86369547818
65334.155316873024
78760.19442983018
74731.57430394969
68345.79083388014
72925.73733641898
70660.1178496781
66378.34058080638
65611.93836925818
81838.47060231757
65936.44515430056
71451.68789742526
57410.79370471508
87278.12613465569
83977.81866981965
64132.78242289601
77836.53635537953
78476.06596311522
66369.88509610602
74971.80210456466
61201.44149875121
70712.58213105961
74077.58244270255
71915.7976504969
71488.96436641741
67092.85974714455
71692.08050972386
74560.73331795425
60606.52508030785
70086.82435970097
76292.81969573446
86900.51607968142
86580.65064453974
66380.19894644865
73288.38951527678
72720.07362375497
55579.156334004874
64977.41589513269
60082.24000031068
68146.21792294546
70631.38782107903
67628.28619388331
69486.95550830761
66156.5029300412
71260.71177929755
69509.86562458401
62502.003853983726
87340.74150141938
72287.7291827065
76404.32674256896
64350.59105214215
67010.54667911012
67987.7822551645
78276.97664656084
65136.309536923756
65995.11138583334
60290.68954790819
77601.72580210843
58725.45114825069
54758.72250975072
72729.29642136667
64212.078838566995
73980.96913705395
70635.71061639236
61993.11581127796
