100331.62109115525
112249.66280926745
131258.08672860413
106214.79809357678
126010.41883970794
123008.5881631602
100323.63917952857
128542.98293959079
129255.53156318804
118916.94100386997
123221.47251715796
111236.59357977624
116884.88444658501
122496.42863033671
132443.28862497845
125500.75419471388
115211.21287352285
116153.4137695928
121470.4711908889
117205.53153780292
119774.34899678145
88163.54622129485
109522.08072903445
140812.39890164495
125268.25817905545
126246.06904962574
125427.58391241054
124298.35975801814
121762.79251118632
134221.2065011733
126141.33307859108
99248.10850528031
111642.40930809444
112856.87669142534
148381.45030221777
121419.50215119084
136372.9008151019
117380.25964485093
124085.541369266
120719.62311583175
113770.05467089968
109053.89442203312
119983.35398501703
110631.06481752958
121739.42099936839
114822.01014881747
129924.76724305304
110266.58571279695
118765.17641820927
116518.21096728781
115653.63567724901
129632.74418721412
99117.07784646303
97395.61769763503
116137.65212713048
143193.80370155128
124258.53137894138
137482.39652901352
132864.26109988516
103132.13119013292
119799.77237271919
109476.73576403796
107556.27747692814
99695.44477245708
108845.02877643154
125756.07805417963
127706.94304330723
124202.09647961351
109451.55463583054
114670.56009394857
107746.13073171627
136190.22062781104
