55956.403489427146
73510.95671941641
67275.9064191888
66631.99752893597
66123.16834305265
45579.99700716323
66560.92500551228
51880.53916505726
63351.42725380402
57142.661192290376
47070.236723855065
69190.20222092498
61597.656097015184
52271.93045206092
71413.74471905851
63821.35477874714
48618.6247265051
64283.53917186725
54949.919663847315
60758.412390015066
53364.50012332684
62905.92183989664
58529.777591829974
59880.65806656603
64281.956117118905
61444.29360376987
60332.20333584077
62665.680290878154
49892.28308198557
59416.06085013573
60076.4205261733
65060.36380457447
57178.70078675179
61091.33878442082
61058.29153289788
72323.17198430352
63950.795691373474
54870.60103941404
65656.90783679594
59141.45312443606
62737.93022526094
54369.01401274334
63854.26411777119
49658.03847004629
65510.806618704715
65142.032499743946
54174.19631403029
68446.8207269917
56077.26645053702
54466.30665863714
42656.556628709484
59528.92630789293
56448.48448317638
61606.4337412706
60885.49898489999
64266.3480487856
64315.74252723139
54836.89889991581
58754.07933365835
58722.29018780644
55338.974402084335
46231.29631659803
64162.26735682859
64776.81015774202
63258.529651549514
67156.01671540336
61480.32023121176
67703.52403822447
59433.12568020805
67127.44955926578
58656.84424409382
66474.28959557207
