34229.543690943145
31993.649023050817
30374.063777111576
29232.002200359068
30348.570184354372
33544.721259707825
29232.67435129209
32288.31566464861
30314.78931616742
31149.56520751643
32001.43285490003
30736.959595346474
29873.723873442716
32706.394495546323
28658.686913868005
30384.949019918262
31303.138303088366
27092.86776851655
34367.8900522527
28651.9588777294
29811.245140462583
25346.653142376184
32985.82280384032
35416.84943637512
26041.135186552845
27152.121867385536
29781.783364338116
28843.882062905275
28898.413858225125
24455.81426095389
28593.232187739595
35798.24327004908
28781.939428322894
35248.43882540979
27486.13521621817
32051.209263929453
26235.720632069253
30365.472086134323
30851.967844545925
27639.83910546394
29915.446728264214
25944.653082059733
23804.963232436192
25553.647090126124
29633.603004452663
26224.96233125209
28870.874961358986
30406.34146045082
29992.993407504557
30430.395270518795
26208.23173498745
29829.393570153425
28025.098747791002
27314.675849328927
29654.10151315848
32312.326144697214
26487.164553878654
32377.877313068835
28031.751995107206
29474.990546581943
30684.14322520007
31823.353938857108
30375.056760397256
29573.95417025096
25981.84258383715
29834.72065140341
33928.02492167572
30101.70506443747
27802.96365219167
28166.131134038318
26112.871200874146
28343.80078771861
