55901.79452937445
61494.11054566074
60921.32916752738
61235.68376686171
57043.22830930837
55159.03980579595
62902.696826694584
53865.26290843962
61073.64903677808
54287.70436075513
60436.515267069735
63259.16061596696
48156.1507105365
54765.7721729491
59197.79898035602
66578.43737399216
57605.63432514396
50783.28949443137
53491.01420964542
49317.76063487547
60904.30924645566
53927.70005906193
68662.26974420912
61373.64370251893
55616.85374198744
67879.42834296187
61451.95564604232
57322.15838700943
59955.135034907136
66408.29287650809
53729.07131562886
57930.68296591867
62519.33756621572
54533.580332015124
63624.84096118284
58581.838236991105
61595.99002215505
58577.153055103576
56957.36001221595
67411.34629652795
51120.63240374895
60452.56854876005
65006.708741854665
66042.87048042259
60416.983586485934
58517.201444230464
56191.15494428176
63507.053362429055
55482.859092776125
61706.000367203516
55429.933325220285
63922.99396542728
66328.25270329579
73201.4355184411
61462.731121911995
54354.510815328045
54016.4588872508
60809.59656834387
65348.99116158903
56834.52022160052
63627.30919131713
59677.599780317854
56753.47115230677
62134.36382053686
68747.163259657
58542.057324524176
56267.36327803879
45061.13793087425
54976.40187063927
63266.59855548342
60648.99982124787
69358.9313315004
