81208.99768703106
96748.22041796494
108898.17478778996
96082.06125765934
106824.52249040699
85742.3257569134
80097.3690706747
100218.62851413399
78261.8262704211
112143.66166494609
92425.1848193835
103499.44811356183
112651.64752943469
100423.60743521244
91631.11613586938
93158.50647431328
102822.99473422262
91200.5748588793
98381.86511454984
100626.31244487637
96029.1284317876
79613.2953306424
102746.7166522765
105535.41721013606
90671.80536923851
103214.05972726461
94972.24154524122
82512.30958713814
94363.62437915738
82119.49641083609
101842.77833365418
107355.58216295311
128281.56791272618
113820.30085617669
112102.79252369542
82408.1519495162
102974.2229078897
104683.88252251703
94888.79593466279
85168.5141273178
104346.36496924207
81576.71479996796
96611.07095920888
105367.14398113087
103233.18644395974
102790.60984513993
97907.71793612758
92605.99480228359
94847.01409173869
73236.98409144003
88772.99339353332
107879.74465724434
99290.43957086786
112060.30083874559
96228.7072218422
120220.64554494343
98281.75776176783
113012.26377091015
108860.35650399224
105028.93303243697
113544.25206611825
112927.38359387491
97960.50672447418
98436.84285103562
104571.78377333902
116336.89630574788
105641.46644649643
115830.48824009018
103730.00834715783
93318.73725106091
86012.81330091348
106362.8384835743
