99838.52775690802
97352.39158026285
95548.69351486462
100712.07923612928
97331.8717281492
91545.64389903091
106118.82280384011
97695.04732517267
119735.81781929807
91155.21672961759
104939.58069317407
94682.15069753451
93733.21065957606
99818.06420316684
106457.53914186225
108013.98021413306
98392.79189321132
115740.63411904419
108334.56752375052
102881.54354161803
106912.25249339895
89956.42386052813
111409.36165178177
87012.16831188896
104357.46530398102
99180.63611638387
85670.27517403457
87782.50844510201
99692.73851364873
98997.78306447765
92494.36740605833
96104.76516157393
85297.1128692154
85579.6286363278
96842.67635628552
81692.16667510656
97826.35389506855
104529.83521666423
97979.62741475094
104816.67193675712
92458.15269109508
79842.35452217144
105282.63982197062
97063.33407307268
88858.15749037036
96248.24616347882
91929.99068280976
107704.8987749966
90176.61995026704
91243.01581993687
99333.55594694246
100052.97748291306
97274.55101157608
79586.50018584584
83598.72872022401
101340.99747205016
88446.64146183092
104988.47641279035
76566.79358175154
94855.87070817534
87506.46476577202
85047.377541527
84171.4447791891
96676.06107867618
92339.68594154931
93431.77620525626
87972.39547451385
108136.98061710582
99440.97508402729
95844.68701419236
105972.91117192406
99931.80043725426
