79427.01872003305
75479.97882572193
75390.21365252257
77774.90850457836
77506.99303207341
73822.4998315642
82874.94367786225
73704.33474928103
77203.15927510204
76277.28480197811
90112.23395796408
76902.51591269391
95814.6326136281
84604.84281076654
67358.94150857332
71358.35891966124
73812.10568381393
91562.07216598293
88970.78711875166
94623.84775072374
80143.196234907
76940.3738952815
72252.99066238236
87600.95632594872
71122.0876237594
82416.0236957789
76893.3919184887
86757.02336436306
78465.84755998956
85636.69331311045
79446.72182703426
78562.3391082335
84661.95805550255
90513.74908921718
85086.31591508673
88548.1385026604
68825.40017561523
85637.84042863043
84777.00099431915
81346.49598675825
74744.16083101701
83695.63006357636
90693.91922455504
78853.13262481304
77644.07823643988
75167.56528229681
99765.40998716802
80963.51275213576
72366.67132509503
76504.43884980654
74202.44982840333
76455.59030070035
85540.41765998182
96610.49709958852
79523.4898459801
70148.04933069077
66874.13652130916
84180.95919567959
82956.98348084198
77267.3090541941
74040.32540334921
66327.16895035513
79905.77172363787
80861.23746218975
67786.98241323073
71267.62865867576
85066.01865923409
70089.75128247266
73604.36654225209
85122.75966420276
93235.95277864396
83996.16138255176
