85166.01422294149
93022.39694305607
90777.9017355516
85634.18493559796
94710.78484989559
86656.70679787202
105432.47320555076
114434.24902431745
92198.39060551344
88277.60980542896
111617.18774867992
88121.19082111311
84154.8240637257
93303.0949705266
107419.04204648336
102359.09424806757
110915.14683529329
89656.68307041215
109258.83781354078
97933.89312902582
81423.97766263188
113727.66852536752
100887.20134884413
114326.6045939021
112254.65338000064
110508.70743104926
125476.11232900531
88815.14154651636
121054.88788830489
97669.46480530662
109196.09414984865
101249.91012088662
109308.24794185949
99023.29254934694
115970.18385093985
108067.56400349642
88590.33413008529
104454.3623626118
106746.36322169466
107214.56672016661
90548.88477093262
97414.60785626833
103054.6906394016
98022.18708317468
120430.05004972922
98717.72506729011
90813.86141892064
98858.47167328846
84756.55227060839
100961.81857047726
90746.2460330068
91699.14718618695
106747.98131830622
81857.35996612253
96773.26800563217
112513.82248277863
89222.18323625787
99537.47814537091
119279.35119660349
112184.78932080798
95869.0069426972
91825.86423983514
106234.53127773461
96510.32687911544
117127.61068884683
105946.70261212025
82550.54992341236
85700.92392326397
89063.19352427576
91765.6747101523
99291.49716515931
105039.41557486034
