68318.46401363579
67056.409760646
52370.145035193826
79636.63095079703
71513.01033014052
70627.27087444258
58965.68659863599
74317.15998021443
70890.35993365546
69536.87530457882
67291.21857377721
50824.28817502222
67469.17908976863
62478.07772563519
75296.46162252994
68712.88114840382
64899.37105907006
75889.07473442452
62508.46977988714
76974.04281180812
76415.08221308223
65179.83339030577
71960.74399098582
60940.48472575523
78572.52229970631
77877.7689993278
69916.66901403572
68248.3627281958
75315.43258418955
56316.13934876282
68330.49080201112
68450.477781833
65797.31716855263
78461.13433261793
69721.21424504176
67104.68711107555
52057.33489608726
72781.92678082026
67659.33629224467
68919.91439714027
73251.11302536445
61305.90091158717
68506.3359537044
67707.21127170966
72315.75048163661
63846.31712808638
66615.00523128222
78753.97371639412
63637.160910598446
77672.94856553858
77631.23001277955
93881.7218779666
74899.332441724
71675.41183163458
77968.84529959218
67300.24651534154
72281.3192921486
64384.40203850662
84461.76627629016
62655.1007241482
74076.10335777777
71931.33013177826
62895.79569720596
63397.2643122218
62236.067267990955
64710.24394632862
70056.04536385542
72353.00039998717
71731.88774193673
71761.98447377939
77024.21546065595
71219.56214300409
