117397.80382852971
124809.94345853757
137015.00826086433
135461.3040031413
139633.58933816434
118739.61530512162
116460.54133881323
110830.18527850494
112535.04604497687
125073.18571793882
104369.98915999463
115545.01550226608
104760.61576285581
120363.8425834475
107708.67349996591
103425.05698895034
118506.73716246201
101406.64611344389
123082.842168968
113871.7894250377
121221.29069064306
97596.82483434757
135991.6464815118
106069.39855236161
141468.4279824353
114799.30450486849
135617.66584930435
131446.9379219162
114589.99227482025
128289.67738733566
116160.7550715954
117225.98936566216
128912.10965952315
101339.33233626293
112908.32174685175
125494.95718264703
130902.35147272261
122063.43156275761
111908.07168768873
125700.83192958859
116025.20332261862
146435.95251833892
122194.62855948556
100190.32517710935
114154.89906860542
109222.72060142514
103345.29833443521
105705.99989849959
117924.31803276968
109998.17538431275
123257.7128663925
123295.99151502059
117350.72447407548
119569.35122020093
141738.95021185675
138095.79048635354
122186.39396452717
122304.50045116356
126146.94288383877
124735.94255636672
125013.73213913507
101252.52652751701
120632.2048791902
128933.88740133781
117462.3573308945
109658.18076370734
118619.74935314224
120809.91874483583
103273.8611850273
113405.4455225418
128603.99616367015
124796.77001907294
