76102.72149188745
89774.33593927951
70013.68748173329
92397.64630127778
85996.27957854726
82243.77985776958
71332.48103134127
93790.92632852437
90893.82618859227
71950.41635769015
86021.55962203168
76333.32888968753
81174.31680615708
88600.42829269641
83560.77385654853
91097.3363732602
91314.40144946723
95617.81629584702
71290.0728897881
95845.26279585922
67623.68055012575
87743.73254403876
75620.82812787448
93583.3465229647
88316.00775933039
82034.19698062926
80250.21884420134
87680.28192589404
80126.44107326072
96277.4862153958
76221.69460860053
83068.07774435329
89302.6954975588
71320.81132491872
85524.81767576738
84549.34446438636
81767.13221322291
63543.235720297846
83757.67633815215
68230.38906633861
91391.91669391924
63397.89897635301
92945.72997899659
72933.99522053202
72244.46817615445
75321.22142606856
74127.04552451393
86568.99268244853
75746.43245478414
81465.8018303279
74627.16430925898
85850.37200991309
93047.05574442375
72055.78435120448
78220.07141518818
77661.84534941993
67439.04149028167
73023.09765462943
69463.49963966776
81235.25372041331
85772.88998175436
66337.5844451198
78293.04064745318
80166.93484337904
83968.20840167736
82964.58226809376
87504.28418123793
82277.40123184965
72133.9866972421
79271.75917370804
84946.04467011936
74504.19803891765
