84419.2018882644
66876.43989246034
61887.17444339562
66709.76019771943
62377.74750588639
83101.36099063512
70895.50318961199
56364.40886180523
68766.17003383966
73772.92701178766
68483.78531685476
67574.34430168475
73224.46885181563
60943.66007860854
69145.54260645011
55650.12722786216
74175.34080730667
74339.42275147451
70953.45584400266
72473.3250465777
66814.36664662576
72226.6992614114
74279.11825041682
72391.97957358368
72903.57997450056
79153.71293267526
68990.93236033597
66329.84512551184
67509.52092022117
63253.31575038484
64689.65936412638
73231.23692552403
65413.338502764345
78587.40758870642
55313.8589347367
68731.87532646117
69659.66546338698
71114.28497520385
67050.56949689495
60811.167319609725
71167.85373315675
82452.43481951655
56917.72540288103
67301.22973600711
80610.06779811643
77795.3489070045
68176.36065574053
66071.33979659226
68297.09949593958
75212.57753009682
62545.53220550309
75701.38107634742
72488.90736853534
71270.89120227193
60664.601450337315
68504.19508724063
67286.74958044317
68194.37834457522
68284.77291061079
57575.59303329719
66826.89354621476
66153.15503825403
77547.92152847427
74487.87732697048
71963.8971848619
75580.30605261083
68818.91253705234
75425.21077192483
67906.81609088904
72333.5676222674
78780.66833495165
61337.57837234184
