35450.9970878288
31116.456655630034
30420.33578667947
27752.288287438107
30881.96920394965
29610.80752852372
30198.119946238818
28768.73912697307
33481.67129738719
33441.99798750634
30318.486794993594
33994.4857788018
31851.137268113293
29120.98133014516
31155.59052445215
25305.58059075094
31296.431752296292
28102.275827571513
31768.006340811742
22920.17949303891
32199.99624184258
30120.885341724657
27428.497500283804
28968.429230954007
29570.306034127007
30118.181351533043
25418.54995980802
31161.274105595832
24101.747217015865
28579.26824190589
25160.573193310982
31086.481821668098
28578.364713032173
27198.812830018345
21750.715849539756
31448.072199652597
29806.233289924232
31020.53926763093
25696.677651540056
33244.9725379006
25957.827911963643
25058.376674033698
35315.71393213912
30058.528901320493
26139.834575003817
30191.176676954237
27508.55340225489
35095.24714915807
28841.527373579785
29682.97763397574
29176.43804764631
28414.34835283232
27865.967820026566
28441.90940506915
30396.929970951594
31526.30920174218
31638.893253784154
24559.82752263895
27877.253203670283
31893.806123094182
32441.059215937144
30609.440520630393
28440.64399272346
26274.65095243239
32802.449977498836
29483.025552559153
29130.871248127853
30483.078342333854
28713.265282856846
30932.448913610682
31596.24614719515
30573.834785709296
