60916.69776447333
63623.994188966826
53192.109222861814
50112.14365220095
64693.375612546566
63652.59821880306
59953.63094813204
62454.870363096925
53792.38636894628
55825.17809521861
62389.12472173362
55204.07808292658
55211.98910094101
41304.207863227704
57299.981026906025
56859.03012663391
61670.331017178214
59805.49235573391
57783.13197474867
58431.58147964206
55544.40788090502
63786.37104215148
61391.95752670386
53167.463182953405
61389.79731672545
66424.54926180688
58644.88125692874
64746.362393405776
66443.28848862689
51414.67566256751
63248.562521592
56887.56294672766
60484.15906800669
55787.18432495816
59548.59981403418
54724.336853082146
55882.221884819504
53177.826594956896
62409.051315655786
66577.3126456169
53363.089870997275
70458.90355770956
56117.69077795859
59156.912442888686
55410.283858208924
65308.60345197167
61192.357018131115
61135.02100029089
55334.46686689944
61365.20302762166
63738.1939820289
58668.50751265726
61587.48470305346
59421.319374679944
64907.070215534026
50726.12728248944
56316.40082841613
55254.34348829326
60738.23497397148
48836.33123616702
51013.76727076404
71123.78211773963
57312.20129809327
50640.27630374133
61481.73445967249
70411.0702900648
61593.57767626888
58295.546108384005
61724.31305604865
63807.07342758046
57918.806162518194
58534.3589057462
