127632.50327575787
122623.40386225193
133668.23711456242
102868.05996026772
112278.35600562274
127371.16496847027
111313.33369894586
137197.10400419723
114102.75796631316
129822.91044770331
121287.59308022393
143366.85509168403
128865.08354808252
127079.73199167279
115724.78590195923
113179.53824618268
120848.34625565817
126720.31205967485
124074.2584503724
102585.57836381525
115964.16627214006
123899.32303736768
108460.75524444954
124884.29771277291
114724.12653660106
127098.06982800126
117345.67792856583
120579.17494656029
122103.20291863363
126336.812315518
130239.75018272048
105780.74952704771
119781.66208791667
121682.09418148878
157437.53092606802
130816.38162181445
121464.35871870701
105224.3556195702
117808.35047132339
147734.29652388487
102053.03325493752
117492.08791278019
135847.4311234637
146634.7317060914
117686.1790228992
127475.74266519779
131815.82732386095
128376.7675544944
123763.46190549192
136781.37088939166
134499.71225543763
125991.49077638348
140942.77989617197
122276.71986218997
122798.47123953012
117576.50655890554
91683.51626713082
123116.37063167128
122400.32381845883
106066.60311813396
112002.19390730529
132332.86033126203
104146.18028083043
119825.85245587988
130442.70069271639
106889.58281024972
121142.3141033747
124737.73567371679
130541.98792946033
123639.11475856941
125641.61108777403
114275.4170153279
