32560.549615490123
28107.435181362154
34151.53949547664
33030.91313075552
30826.289781483265
35943.62180399111
24841.938554978904
32418.833907649372
25995.090420783283
32224.452844907108
33329.62301220172
35361.480980500666
33416.29526241674
25016.978161581537
31858.7392868924
31574.31972871417
23177.388930348545
27319.130925295136
29958.85456741293
25470.325358477276
27447.405870401803
33959.415714057985
31033.213048742713
30060.01963266104
26134.123223521576
28137.290504983644
29166.835681319364
34763.02992408359
27013.692087036634
34349.75165364568
29685.32518003447
27095.84160638498
37207.32371972386
32462.50147489344
27370.88724567112
31604.941455585562
30013.310143877985
30994.672898667457
35332.869772037535
22959.59745735519
30493.97686058306
30260.188899506793
32750.686712456874
29572.76623008457
26777.23468957366
33116.34407762847
26129.00376263209
26293.39956043586
26681.90073957229
28061.919427583194
29743.228825354345
31526.01973924314
30587.600525687638
32310.509291196682
32106.327457457784
35901.65931640443
29168.4515512688
31962.46249156094
35937.17492511861
32441.93320517249
28215.707656211805
27359.361093382784
32988.07535694726
31706.277441077018
29429.226357504496
38415.61278141206
26966.35633229086
25404.13188626608
28280.67001057648
34236.80310190199
25433.42154778165
27017.780320999373
