95616.3514800827
101217.95057461664
103263.93016652348
109399.49572375414
89791.37955410787
88119.79643564964
98067.87467066442
97872.69087873577
98105.67780036313
120514.97369625163
116100.57550489446
106367.62083994722
94066.11760053465
106845.78266274992
96434.04732795748
102321.45239871615
100129.24228598339
93254.73076637014
81644.33362244944
83788.65154951205
106552.31393742474
101494.27585173454
109883.06920543431
106019.27355297847
119935.50048411079
102028.32148956782
98878.63515033375
89734.6019794621
101879.61769944476
104668.51936560558
97677.14640206253
104090.66169773595
101236.22080092564
114346.431589223
100339.63706348964
100255.90862844915
104416.2571123683
117610.00011805924
100347.6014878003
94848.71411484947
102854.9871521012
97583.38404670668
87348.64012962794
107346.38107335285
83882.53830274579
90487.23913471107
95320.8147299326
109461.7033211052
104964.50666241473
114795.26233778235
104874.97034234683
97939.51855683542
83830.34570682266
96821.61003877834
106473.8367793742
87894.68743665324
104901.39792294592
101655.57576454952
98745.93105296031
98443.13521111252
94825.71529985277
86871.29863419864
70777.92016823993
111313.66783653793
102337.24595031765
105430.32465871383
104192.99577232602
103636.38380040272
123487.00717378152
103633.53399159724
110969.2968272641
92357.48447887228
