63321.37744287264
87780.0412331925
71119.76726228108
94059.98627999949
80920.69193498263
74322.46834203617
87402.65392762916
80229.41263406018
75346.93036528931
82053.43529504437
92411.04724708293
76346.48423270663
82125.88354636091
86051.15993698803
79283.78194217425
78329.76622324839
69773.33355495599
87110.19175154658
72788.19805800119
84690.1979003207
84020.493168847
77816.07407504691
84570.2918070967
88737.57216108221
97378.21498992779
75430.85416410957
69701.68741317753
82676.69588682966
78932.7940227917
76827.12571322247
73967.30504659873
80655.44329131028
67055.18579503948
85405.39613305878
79539.94420127137
73331.63233259802
89542.05273620308
90796.63793247227
72353.85875298941
69734.20797158791
78855.09863135655
81113.19061227063
78566.92103012776
81171.5048431986
74070.82868432737
72955.69009425175
88034.07717492197
91342.86578497612
71659.88994126415
70475.08073011997
80994.29418361101
73366.96020324316
92276.09650160997
71409.0881653368
79513.91030196867
69225.79859203046
75316.49553658732
78751.3771670305
62730.023306244875
74308.23217527772
78537.2595013783
74660.13790338204
80422.46654922687
78659.05132349384
99794.95623596564
82878.52641800002
73607.0778640978
71718.69414744726
87743.94604694571
70869.68761167936
85668.28668020657
92119.86668490159
