26762.50658208959
35211.275281057286
31684.436990282502
31121.28127237508
30315.470878072545
30151.259804695
29524.153828650404
28759.930638333874
30807.23370309847
32366.153971366763
29885.373891290055
30999.985238146262
30508.484430125278
27821.01152781841
29107.739693904383
31793.84215435366
30068.698488461137
28449.57436991318
35942.298494039074
32037.49626186092
26374.603532598616
28478.30172895041
29843.047565714674
28764.0860239468
35638.07390093129
35658.62460170869
28386.079417665627
31374.952979694914
27744.211019616287
32811.72689636982
29827.466182631102
30104.136139619546
34317.5038603522
24940.023800255487
35287.95921046549
32745.015830142707
30819.44996074296
35756.27988280498
34627.58187632647
31000.644121256144
27029.642044238048
27128.368927649703
25148.163027061
33052.530262252294
29791.723418749796
30349.258716451684
28276.262003554813
29039.743108053455
28078.437838129485
30844.164980514575
28483.147315748905
27906.62030268413
31068.479559720643
28752.061357351176
28520.45926920866
32669.213284919737
33547.896572580816
33733.2257640286
30612.225717778314
33528.684788935134
33465.01101426979
33156.60414764537
29581.052064849115
30557.993202345853
28738.15142904957
33877.50864352537
28784.79203568773
33295.80354390794
28754.728665392984
27888.426671266177
34277.366376505306
29898.22577546281
