25718.582228805106
30095.913442268233
31673.467530238333
29455.401759174307
34106.36775637411
26371.833786837346
29735.85914311723
34519.12575642917
29232.014009934224
31405.62278252186
28314.316954777438
30369.02781464218
23063.46996895613
31417.778968390576
26084.4175819323
31517.78756105278
27837.22181903157
28058.487048333725
29437.91904098072
30931.74585563184
30740.588332307023
36260.99331100315
27625.619719190312
29884.775704628308
29961.146656161753
25048.220800752715
38219.06389987295
36473.93205423618
30523.949022584395
26668.351308244248
31141.777571161245
26424.562271503302
23895.9476773578
29319.29176009195
30396.23585568011
29697.55621084415
27274.566132801578
31252.425611086528
28724.80054747914
32606.12353824668
31497.549071453086
36541.180261777256
29345.94461851302
29884.165536882087
31635.376150268272
31768.796875878063
31432.6164847488
30371.841544486542
31158.77920899883
26595.139559180796
32261.70641076921
34332.96857068015
32646.84041749479
33995.41368377952
26828.478418320326
30591.896304341117
29844.77296159331
27333.387848757677
29645.466627381462
31045.343678081732
33766.10997812975
32727.079564372136
27568.81130115806
32186.277655679154
22080.182323078803
31256.463897569567
32581.124471411335
28853.35879866033
31350.37472407756
27161.262349709068
29336.15731913436
29482.07404480206
