86427.06261737259
88269.63135974195
111490.2405406352
99527.9968530359
99634.16778888264
127922.29734048614
86742.71015205499
100517.47892547409
85863.74085443036
88807.33180082569
99097.77382884633
101947.27647676405
103619.81314802678
112714.41521025452
92788.15969189983
86961.62206888718
110616.60886087068
111441.3536298329
106375.44239871643
78509.39923011303
86332.27630817374
103069.21637131133
96914.43222812719
107497.18322790449
125005.6132143988
94291.06071540769
108747.66410641115
123236.72017812076
87503.56966231023
112603.07922717072
103156.53843383244
94411.91291819187
96825.91683634908
86634.48611432142
94387.3780527526
98379.43428859464
114881.85036925484
87827.1043629856
87373.77995769546
97421.99866326227
98563.24601859084
99732.81074692465
82772.06517572737
93736.41675621312
101935.45235324115
97286.1657022241
88880.01513605259
109981.03378386675
86386.77957546708
96361.81845808683
92144.40054241322
107617.4925862424
95528.21849666709
111984.81326610292
96039.17425627304
101587.25169102749
103798.24222214171
102266.70432896317
104448.85363229158
101636.8032490237
98548.61484823539
98414.68880085702
76790.114661891
117893.456370743
99241.55753547014
84308.1758285586
96108.70670488726
100523.72670103032
89063.80717322572
84830.44920039762
102469.41382326628
93851.73389801364
