75057.11252548566
81631.23427821226
72784.28613937442
71571.78121264654
82783.04849072266
67151.04127437726
68656.425459304
69341.6838037585
69732.60558736732
71294.82010445766
67744.2616549449
67968.95991943018
65995.63275549273
75139.99124970414
75919.95123481385
73378.98663940678
63170.503987676966
67363.94838608378
73661.69645675027
63570.932783565964
67459.60561334694
69552.43565647272
63991.59482954255
70539.46300614817
77852.35146825478
83008.19706435375
75789.40673445235
66944.31994789449
64046.6855692372
73104.09537617245
74889.19572115049
74673.46824406768
67358.67025928758
74607.93836940864
75547.08506691079
70651.310138783
71695.47128048356
67688.1348652732
79249.79444285022
59211.965597450486
70664.6779507774
71855.66828232011
76846.4273981791
76079.43275790321
60440.61235671168
70941.03612837571
76952.90226637825
68250.9000447684
70366.95548094323
73229.35212109755
63689.831897062024
71309.86068538186
76661.79529567611
77015.77527585307
73935.37853066435
65419.62079667284
73186.3221611487
72728.09200104108
64607.20278534683
71881.0423311797
77317.27989217272
66066.98797402994
59470.77351728039
66348.44065077433
51160.38985418936
69693.36186892855
67646.06399129651
77373.33829424207
76352.82115552784
79292.72332296522
78735.0440948172
70670.89503721379
