58686.66397123886
55266.76233724341
55802.11297852925
55317.23488797779
47976.75664056967
58378.357714400154
58448.52409306853
49290.339500615286
60866.66237256678
57622.366496414434
49066.21757439017
67404.6343448932
59674.060182530266
46821.13374295388
49803.2525033087
65923.31452946531
62851.37652664177
52303.41464435206
66027.66116706819
53890.016992409204
50302.23497877848
69043.73404216759
52719.26311285789
55242.99790778069
57431.44341886338
63698.715386494114
59074.11944952582
57450.32930111961
63911.233239947025
66509.50588089434
60138.32247601328
64959.70262765933
55856.151615416675
70066.01053011576
64554.24719847869
56709.73411038661
54132.0636556335
50328.31816744344
59788.452783039895
62043.02523184297
56403.4288295516
53106.2936731924
62331.19975884919
55914.4493126264
57210.11320822644
69645.80986035225
67758.86656199113
44092.87950530023
47750.5823189596
62126.58990955686
57567.82467065461
58941.427246432766
60788.41142786342
56535.05829802532
66680.28248769221
62475.99704591514
60832.8903732454
52092.38797131034
63112.65061217458
62009.97435985962
63651.77437846574
61017.774015247654
66398.23252055404
58459.53065416277
67420.43299600708
57665.65351449299
60561.93614257847
56953.70927980478
65316.38334143129
77480.91842690454
48839.19272878412
52864.71931333008
