96389.72818070592
100870.57867150582
94810.04081103636
111146.1839418293
101379.34181180886
93148.2436862232
111966.45862600347
100769.26937836279
102109.42178047069
96773.54142475473
108598.137232365
109183.94345928177
85969.38003162874
90582.75387523601
107388.34940603217
93838.18861921836
108352.4170219504
101763.73789633371
99948.66807593577
102395.58986170797
96699.56987265198
101345.04550237188
105111.39257712779
104048.44019536776
101114.73689291514
93334.86645026397
92009.74138302119
101996.9924234163
93201.524267936
99224.3353004518
110845.9740771379
93851.04997357812
105131.86081200972
104793.24719585187
106281.0197408957
107253.1819313635
110796.13380077333
108798.75854396117
96302.34817919135
106899.57285430876
89946.96848545125
94548.6877190225
95199.6696648157
96658.49905779767
107197.29336103614
106538.02916240644
109279.7492130938
90331.66843982214
104782.95026328487
99169.77586168492
87559.52559301408
112782.18076445414
111606.47099753513
104584.08321843365
107181.39358381755
117764.43498704708
93824.33704892434
120525.11917120981
104365.6967003789
106590.56505826976
112494.82873048433
123743.35629884394
102267.80048436762
92509.51066548974
99698.80530367805
107958.03438133257
96963.268539275
88259.36101886765
86305.26538021478
93775.51849495104
104573.35052813157
108400.05779621587
