51925.74878114142
59208.408665751456
54915.11649718476
63220.20986997416
62977.43594479846
68064.74331090528
52037.81618032174
55681.99482952514
69874.96615520724
69365.1546670869
47673.41787385121
64674.749323685464
52640.03494413134
52507.68678730939
71832.8800230021
60154.07992159516
53482.5102063432
56248.2212667155
69541.98249128796
61594.86994158334
58233.96524399991
68055.82087079577
58032.22223543875
69526.01240524395
59065.33710251117
57721.315357430736
55841.10607739067
46315.42585597331
57836.626347961355
54452.51926146215
70893.36121584894
57896.21874238953
64167.178618824095
59622.47184618872
56028.6272867488
56171.79806715824
60123.521143430014
55540.24854097497
62259.84022627233
64219.07189916374
56851.120386766386
56548.8369539107
56849.01086046613
63303.483381454185
59816.605780796875
52143.32027366078
66325.23580161971
51529.78682344995
60373.52480258384
60519.91903399352
59074.15428589926
61997.78313016918
59490.15198175274
58172.03076423936
69993.81676853896
54455.94857646718
62971.91117480494
59205.632686405144
56656.693325157896
63249.92880581581
69340.0233112161
69576.53688315868
49897.025586072945
62767.330198815245
59547.6251293636
65729.62877685523
59062.634351807676
49581.02792036199
68324.89026453112
59260.15146216324
63200.615622866375
51299.220829145146
