87828.24787634354
108418.19944450374
124108.20847420143
108867.90910417357
81852.7501575959
100150.46114348403
99303.4941266412
86567.40493454324
105978.11350827727
115338.29795469351
89926.78894847383
101227.5580620567
105432.44563761295
112815.13539012855
94027.94334732584
100033.9556965069
100819.16441501222
108624.20011845663
90910.17911315791
85633.40578217695
105827.44167904645
96497.93815517335
79939.51363770373
108122.58224057384
106198.60103173635
101968.46886761069
96500.94051826242
106487.68697222475
92660.74429294534
92346.17217723976
96832.41378572816
105373.10310945907
95219.5144526936
105655.59483728273
93226.25405016601
97796.39124249731
92142.0822466641
115648.1858689357
86223.94019145258
117747.82933671595
97326.61232040112
92178.44029932757
98065.15232996947
103402.44300066763
89674.33040624537
99756.90217516269
119248.64617607789
107319.62089664862
95431.34914740083
114314.16431816311
98306.97644323634
93305.87346603951
97377.03180301882
108267.3228525899
108342.61728190328
101134.4372847443
97235.70544212712
108413.41881149785
83271.53440904658
98822.43822605109
94899.45221855267
96282.0988533128
91368.91484548658
107072.24233535855
96852.81894576721
104941.9376904723
101054.1284907027
106266.44172374568
104444.8944194176
86894.41717518731
107799.47738938862
106594.73585413584
