59709.77751224016
64015.04414029373
67174.48348045562
62491.66321812093
53811.3749630108
58627.166718885324
65441.28390168306
56535.671647285206
58503.234395008185
61009.108881379
68100.91529725042
71389.56150495223
68149.78967517382
67685.1403343712
51700.37352824041
64315.209844065306
63259.93461735228
48440.38648113008
50283.17561711502
48861.3084863945
61841.04518775918
58385.691887616704
50178.261684511126
56367.333581442945
58704.139382392554
57182.8779401806
71735.7456047302
59651.99194768148
53053.694936329026
46478.48367759271
47138.76923420551
69115.70818809012
62894.28378592869
57723.75100291215
61227.37817297986
62465.72248130913
62050.509557029196
62505.153962549026
65210.15748219928
57745.83878022146
55050.81085355485
57937.78100035589
61548.513282475324
54235.669076155464
64102.472767154104
50006.1842979963
61839.137730065435
62538.62158314537
55709.79266146173
61235.280785386385
57055.67309161806
70822.0244551341
55026.480432861434
64923.55938744844
61384.759725467076
53907.560160396846
55754.689496098836
64939.89915565237
65962.06628374997
54579.12382211378
66333.97404111529
54635.21344485552
59330.52320791046
65533.89855409895
58650.025014209685
62124.526870227055
57937.09467762868
68361.43442028112
71028.6465937899
61997.384830417934
63280.63309114837
59867.35404428001
