77744.39218122621
94967.50544809969
91363.59579849443
87790.1430259742
94832.80623956332
97507.74403688515
103103.20095885827
99976.80045867682
83232.67824669779
119738.7553916317
100426.74440966814
93459.30735099736
90489.51590640843
92578.40289083174
108762.83238496644
95132.51559246794
104447.80748751393
101781.241687581
89234.4162145969
92265.62521087215
105594.39596991724
108087.39961384742
99884.54447206562
107406.54219470678
91364.66247947773
94930.52883184796
81123.80141377675
124565.64325983799
106576.90107575835
118793.37031184716
114456.169060847
118151.97623154154
91986.21720133412
98139.29534041764
109869.39986410546
82490.43190388288
99152.36023694604
111254.39015864462
104929.83774229417
87388.17184010538
101350.40954132886
90566.33164669303
112462.13481343517
111657.7863207663
93740.61904324917
93049.58386746292
107749.64784956207
95256.29472475003
124982.52272616992
101323.72152388132
100037.14707069575
97669.17114158247
92984.75431997793
87648.4498539806
99452.07491563918
91562.69632481637
96338.70182027594
113541.72139978992
104429.17615458155
91118.2996641769
100455.1535088888
116761.46992988847
85315.17244057909
83931.02893193715
108843.98389934194
97488.36334616016
89380.16364521977
118144.4320176372
93056.7513586514
95816.74380381622
94311.66706070029
91360.04441361189
