63700.063150379145
61890.9895050921
65775.79132465128
63173.12730077102
64141.15198231917
67074.44444156846
56889.95494918812
56893.55713468196
57043.75964683698
61868.85042333873
60632.13489713202
56439.274969581114
56821.77755838705
59716.913859947614
59475.73247806506
60555.511157357694
69874.34041099055
61120.24423325832
66127.20234758471
58076.96978910974
62638.132318610966
55963.295756257845
60119.88533051376
59163.74454711901
62530.28039252841
60561.87237581985
61836.081557151854
64653.76002946972
59146.36986010903
63795.788558694185
61546.29277802199
65791.08969166847
61375.83452970361
60554.852045965374
61553.66735004314
56670.39744184786
60966.54968228474
69576.1989836046
70573.89423231574
67023.35675057775
67245.60113529401
60410.41362529665
60380.01386339738
61191.28539673999
67001.39742366795
56745.601481739475
65404.306716023435
56453.665939796236
68248.61005556602
66336.08905064322
58824.68215733919
54712.72559120681
56497.07662704743
50497.856028408496
49863.84657892582
64912.94643176571
63820.2936314901
59091.53381498896
58116.57697702418
69417.07384431902
52438.02494248274
60274.74636516363
61501.087487065684
62807.73388655035
67121.87169661156
52704.25460919153
54621.7929139411
59243.76448692
62132.06893564895
61168.08756902663
61975.03533558782
62540.15162488176
