96283.92534496718
81932.79386233463
83831.20111183124
99211.1416423828
75596.70789026358
78936.68775609223
74488.22187577789
92434.554459955
82512.62500730547
68072.37739641726
92516.76187658594
103830.39455118185
76886.6587930896
76805.3304832788
87351.1029292618
77302.58054314562
78491.20076804377
68768.10699634104
84678.92414871477
83448.80343373085
72342.67751473327
97222.81447440882
78989.35254179286
87639.89855930759
83275.5576842989
97831.88823433871
74922.65526832259
81787.45317868945
82916.75783727232
75444.33667982566
72351.33033404834
80175.15778380145
62603.80176173358
89323.69547937348
103375.37233050451
91322.42036724654
79913.92827871996
84717.45379725103
88286.06221994865
77102.07805114913
63529.42962950956
91504.20060874519
71634.47769768609
85085.7798111992
83209.17677999182
67164.20247072961
75247.91721317635
81811.1126591386
89237.54835186772
79510.54953947778
87205.46999739096
83292.47666963356
79382.26286736473
94832.2476921056
90806.76939220278
85627.48476845988
84433.84865477083
72471.50671078743
80680.4800955966
80208.84491042423
75333.1703878678
72897.0414716564
94913.92708173058
84492.91936387034
71821.46676933527
76231.53183741718
80539.9673139492
79924.96321449889
85563.5602863317
81564.48333808582
80749.29585312482
70180.20022077595
