81220.53244314427
95902.67750466024
74904.30030848861
66273.94991037613
88510.01891102028
75270.58462576199
88925.26878371558
80752.31062896762
71466.55311879629
71490.20109227493
84949.511949917
83200.19351453746
96424.45989523923
90800.65565694618
78238.42602516481
74880.96257164322
79046.8240061374
87877.1021199869
90627.8255065308
73618.96678489532
87568.25419962395
79149.50641582586
85709.08012144838
70435.2424528252
83259.87188330435
90832.43784082295
81957.65806824049
77725.06118054168
80723.35346758318
98050.75503902693
79964.08112549008
71956.60406892927
85142.0495168947
75834.43649151886
90829.22982749787
86939.18465771661
66803.91477777164
69625.77292853699
83066.43127334146
80528.69974495342
73272.1788447576
87418.44308470689
89138.27905051019
76498.49816314703
77739.61656613428
82911.49947497729
72090.63035760642
77740.9321924417
79091.71724366657
86532.13763304784
85382.10167151256
81587.54915323257
84961.74187493115
72985.58361352445
78599.03311022649
66501.40913213734
91552.31747173893
76762.07404981158
75888.39619965998
73642.63521623434
80723.2342340982
81266.76830795553
87419.1925302683
71077.97932044286
72566.09882657653
82909.41696562542
84013.97902195263
85424.02638783821
72704.05855616793
82240.80734868416
76997.88060172029
76011.04388503147
