29973.84987355121
27963.64844778602
30058.896344008663
25842.659582334687
30050.56964402302
34234.07359602841
29882.15240606237
32482.648506388483
29670.296406379235
34130.56624982657
30989.99036719342
31247.997667399242
30213.277605135936
37479.52636363005
29209.697411863624
28908.91838077321
31025.576175035283
26720.04276686471
31409.68583193151
31988.128823891475
32021.502936809775
30595.30078013739
33242.991671867
27575.233206060737
31563.832816012513
35153.52584102499
30470.267999758165
33224.628950602004
27928.335498139884
30887.678947212655
31376.211201607577
32733.454043504466
28196.109107264347
28494.401956505335
29862.592515855064
38367.036591744756
34061.80716249814
29570.822403300943
32509.193078776323
28930.596863231647
29272.298977017952
25311.771015931845
28966.6439672404
30787.355306085505
31550.879942520864
30686.788921948275
27612.426954265367
25242.245771609094
29410.393239468813
24858.110058350827
34678.73871578013
34870.27318375796
30361.99706376262
27935.811676439553
26724.159614816133
29034.575947780355
32998.29783313347
32765.93105844056
24635.637172903636
26868.47068976268
27474.740443074712
31541.871496805285
27957.448158360396
25405.56148600834
29739.349334457125
33694.3480351407
30087.56798611124
36093.02294497824
29739.13542814023
32695.390038037196
35538.51173871822
31785.828906419687
