122908.86412111485
127781.6697919867
139208.13175254967
121133.50965466366
133314.78525061085
139373.28859538172
116882.76798811319
110744.88315807619
123362.75980401244
112257.95085707154
91838.62382884444
114078.79137088564
105286.16779226725
143475.89669224957
108407.45826858564
137031.29179974776
128198.66064214474
123786.8781144811
97253.46768720247
121478.83594390802
139496.22447373075
130937.02654251773
101257.41030062904
135716.17125192817
97297.66493992304
139785.6890953641
124810.96766339026
108202.00504845657
91433.97562001247
111045.01130600409
112339.83856061778
112140.3657279976
106726.70041212579
132124.52734593104
104809.491567744
112648.09263487415
129220.75519230202
123471.03854236896
98582.2071598583
109824.4442565722
117316.59683481541
127121.32813088251
100553.30178607587
119887.87784416958
109702.70541149213
101166.9597239114
142158.5236967056
115574.94591243334
108155.94632038729
131621.9548095134
109820.23432061884
134527.43488800994
120950.25684631919
111867.19473808893
125658.85669144278
100627.38567099937
115476.26957913261
128873.8778513954
152333.124716745
148601.74648211282
119021.08723563251
118458.09914527061
120720.7843357975
121893.38380451965
133429.05589040168
111007.52252693944
110178.37652165872
128187.01842128093
107511.61529245501
119595.15959524133
94552.79225105574
124890.72265682847
