79605.53015317595
80199.64439701827
80639.4358436217
82087.71510223075
86922.24352829935
75687.27583588284
76527.5115124059
83549.84416729039
83733.21881424624
70154.59569465846
67913.26196668467
80089.93279463958
99913.34150422941
85128.56336653093
74080.15596541368
75255.81259805313
86317.73897689505
88817.40279006561
86891.4389378889
77299.65277147893
81937.36019309163
85709.02179341167
74295.01992551201
91682.10585287714
76604.2597677355
85417.20522755726
76287.11819570778
81416.78318631541
93533.0373518842
83887.22183098162
75811.67391642385
86019.41762703755
80809.0723373136
75889.47439798695
76510.47675257086
96086.39029549692
70790.75774374341
93502.70393423118
77002.88539358796
83126.82609434267
68110.20401127212
72879.30048633555
77925.72301952018
83322.68752450425
89536.5711635333
81283.05558507821
76646.03883848616
77953.4862867965
83859.98832667671
62612.341011856624
73250.07559497519
73753.84614838938
78059.85732112381
75391.56557735632
83333.2168256929
78392.20807070503
89152.08843143642
77601.68415647293
85339.26438949606
73701.28838062506
76072.62667029894
81486.46336668814
69062.36492160709
81881.26896444871
94558.37706218788
71880.64034752635
82318.10226506459
100528.89580271083
72230.31121042332
84933.53065457844
73716.40352156923
90560.723383277
