122306.95683322956
140831.7381747416
131612.23568939048
107417.93345657177
123640.296712563
104206.57802578139
120529.17576630726
98616.19626513876
119324.12643570252
138669.07757493932
117458.47900336783
105535.23522795431
112962.04798362362
129856.82007454774
127274.05646713788
122129.2612834641
137416.016470359
96593.9214203706
128312.9271409428
114783.13502268073
112040.26936962732
126530.03051612971
121511.45640592853
119620.51928766303
107860.10123176785
119683.09510593498
127312.61081912581
117539.99087147659
129482.16125818956
112064.59607717443
113161.76158320824
112510.03957644079
121242.21578672064
103472.01306816256
123604.91357274292
120465.24762928301
119691.07700136708
108048.79733126667
127168.68428174354
103044.61120369569
91102.71065902323
101883.60764002378
94072.98203283364
116202.43183262646
120543.58101238917
115996.45128879978
108395.81719284708
124489.41037953799
137685.91546545047
133510.45734268925
136311.25706781767
129128.73217489169
113646.69842438646
147996.07341003383
128808.38196229405
118065.67367022652
115479.34642617982
108164.56047205826
128699.05767934189
126763.47810515207
117857.37128228169
123973.06312953295
127934.86743917424
114830.49337543
108666.27096642973
123509.91048251266
122403.74811056496
132064.52063967485
117138.26900347839
144429.6171992089
108251.19559710987
118507.49779516028
