104586.57531575444
102242.25671524902
112059.02588241592
110526.40676126866
93720.37179133075
81882.82084409623
111217.73433160283
99236.65123514655
112599.11558834143
97485.5903660063
110614.67390118109
103045.02951401284
92814.41515053395
103482.40340060215
90759.27022124834
103905.75097310386
90935.27081704457
101395.6794661854
97110.02634040432
107047.24776153312
100461.52932586063
85619.84762562095
109745.2131893818
88025.81157332895
94140.34052549355
89145.9971796624
92661.38034652514
100593.97844545972
116434.87773310639
113273.51208858585
88605.04934408276
91619.79498035731
110944.21031006094
85849.86810878785
94329.99555845116
83575.11392422293
97303.64673861375
109545.0243214654
99698.81004373502
107538.89892035346
100437.21801317869
97993.83124598108
97169.12228093263
108606.52831172441
95840.53573220679
100497.71995726333
104531.29873638287
97373.84988165805
95991.76457548304
106328.97254557893
103491.2931324358
79523.4472893887
102467.77158151109
97645.96693717298
107100.15542329785
96188.00228687994
102417.69138644982
87938.6413674655
102576.26072780817
100323.11925999314
90092.33434117994
95047.54923880336
108187.15268076291
95568.69852112308
91324.92770362724
109030.28705178112
105359.77414073434
99555.79611193697
91986.95245175221
105054.23533960884
106388.6681071363
90882.83004294906
