75984.46141038314
62116.232288516025
70955.42662623143
76025.5026354837
71992.76267990518
69609.23020634543
71628.91133388529
88138.71676917968
69036.22893496268
67819.1316046674
64356.73761722748
70255.12935838508
73472.2650697175
68380.6009997938
75973.52676967409
69428.7363386489
87972.10369072038
61468.32556300913
74379.5617204434
64940.69422697924
70879.46605529764
72886.93951260913
75018.94982241833
73268.91250573931
71483.82732921102
63688.52111001186
71398.09881218609
67200.06592054716
64175.279756274555
64529.3919953721
64204.3358455158
66313.51300776935
67838.63526470873
54253.306972644226
66836.19666533971
69167.18155180973
77582.13639399303
75238.42741376364
67966.57928385396
62947.99840925384
63557.78581931339
82987.93825443945
89134.58453699369
77703.39523849725
77209.66702793671
75749.75156529728
70621.9811816018
79219.59167651544
58616.803986533036
75019.91421300087
70137.26697798425
74188.30843141796
63992.77665703505
68555.84287086473
71120.34468521852
67324.14749318431
69570.56664012393
63155.22029202933
65648.83736604333
68453.60420622143
70239.18888597509
60782.30364798477
70462.36166675107
73367.12575225646
65656.38307802417
68160.45617742535
73034.65039092611
73738.43955072697
68343.46790708511
67102.87927978308
65825.14011194104
56609.90591751666
