112489.75473836625
94182.80908032108
97335.11389622265
117160.53457431543
100371.70306341992
95569.61707558099
109447.58229687117
106249.19982640802
90351.05568862357
95832.0767349392
105890.55935848667
96454.21350728832
98176.5921932602
113627.03101420484
115014.2876655777
86801.55278006032
106143.66960179948
96979.79684381948
83499.01713452853
92131.53801737288
93296.70004582107
91795.29266046888
92452.78686003493
100989.2690952849
100065.37609559658
110338.29381094447
84670.05142690314
96165.1038041114
108915.1070927577
100023.28782899118
113572.59489881879
114436.76924200979
110334.79707180467
123492.86614481501
106882.8007207401
108435.41882837297
114280.53406960082
100403.20427474403
101305.36246418931
94194.50483761502
102731.51108292957
89390.0025452428
112823.31408573745
103071.14547807959
101627.28470466816
107186.0845086399
90271.30587120511
98605.59318950817
111947.99607200017
100013.01101368363
110524.04841928722
86008.59500174742
102569.84251264395
102625.75586502298
87877.95464205246
93908.74659659744
92645.52027060605
96222.83896710146
105979.23546239756
85469.5934150143
90806.66807027395
84310.0249741479
106396.525532487
101398.25814190276
98145.04521686955
103158.30694083005
99809.97159762801
97975.97606101309
109411.65443159839
92395.18752831574
99053.52116709467
106875.31423965824
