65284.15210019666
77602.38689038919
70002.16631347255
73849.8396537613
75317.27262502818
72173.419398266
74498.7810972396
63009.3252294718
60585.582368292875
60432.804849467546
83970.02559123501
67385.50388870279
64505.456762486945
65282.84042174343
71664.815920277
86865.91550986982
69977.90698251963
70201.77040901578
64069.63922779469
60887.27658070245
70253.23054353838
79264.8042452142
80396.22691004703
61069.073896488415
69209.14073973092
66388.97093882618
69063.66390782135
74916.15112186626
67074.3747270803
70240.38621707556
72542.78144492627
72628.2694605613
75864.05058805514
59432.06820364994
68299.98951403526
73326.34930742337
87446.02709443447
81084.25615005172
69909.66850020035
68204.53615514238
70152.02095144673
61097.913870702425
74598.14787731647
74667.5427857463
69312.31486399728
58487.25464545345
66825.05712416531
70148.1682103054
78402.48880298561
73562.84678585322
68937.92894905373
56027.74547621312
70131.28457628765
74643.54044856671
73729.39918552557
74625.25820849036
63506.88885944919
84049.83584444247
65896.26335862081
63497.01944995367
77381.83371183887
74764.76247387344
78928.52246775974
65788.0432758798
82838.69061775618
74358.6478610813
70140.89738982164
55895.44156615287
64458.77371921427
72647.73650020568
70787.01497732449
79485.50288901092
