74878.98376355329
89158.0902540145
76243.96899834095
71215.11259741454
68751.46196978536
77183.21693459814
81524.3724128262
74366.8585803195
75191.61144250147
77420.12328006334
82052.45005153924
67676.05659069547
84331.27248880277
76566.2668193179
78068.45105703201
85458.72902270741
81796.98061003926
83073.89272181437
90004.47283230079
86751.09052922331
70954.55635576707
86433.91892081492
67230.13422825305
83482.5192090812
68625.41415223801
92243.30502659509
81463.68028297179
72593.76855826369
78583.6354946047
86811.05277002514
85532.97502793894
78315.89737379392
86038.63151866179
84099.45293328997
86936.59369119605
77221.56110850885
70849.5947388712
86030.47027906716
83043.40955969838
80667.12218451222
88869.31133269919
93474.8434262139
99904.31838084124
81047.49177460872
72356.92554451275
90264.8864483494
88802.3151672732
91023.10183325972
84153.79380318554
79011.69132806588
76666.21268358974
92394.84231962322
79689.42333834663
81290.22161852178
82094.83557742601
83014.30901714369
77183.73770152441
78668.84857168411
103085.46179490203
79815.25438950364
86806.91422266177
64989.739035569306
86654.71019502362
77131.03937822956
73496.14943822395
89680.44961395487
81812.00252004489
67440.04083709486
70781.05449156837
70468.68330460886
80350.87282568196
69571.80098692795
