131007.38109121638
118148.04134151408
128202.47441056378
113655.80768001094
119772.26813422982
117392.18657555702
140578.92188996542
115703.46162474967
138625.45820070468
99475.69880679242
97346.20599565019
120111.99971897886
121052.22051998743
112026.3581995879
144127.27320257362
107198.29933747144
111129.73875753317
125243.32212477656
113003.42251232741
132552.16622320045
109763.46785670362
121561.07005234185
120464.37720081603
121518.277754826
116505.5463827303
121730.61717376315
115127.01038126338
109082.50309570793
107171.79352676473
127467.3441578849
124777.79144740147
107568.93601882404
110246.67022566508
111568.41866553655
123091.8295607441
147592.70558746095
118571.44287163636
121936.17486024123
118668.93504091605
116775.02259828257
134244.52739842274
143663.88145285225
134439.89202657485
129615.6595419955
119121.90020628595
114132.34279231464
143023.1933429781
132045.36042855607
130473.0815424849
121991.569630314
132251.35131380596
129098.16864152579
121902.78716024921
113580.5279586214
107141.60162832864
120585.7588204194
130729.34989744426
109725.16206680611
106791.69343260497
141714.1803481955
114833.63405124984
104637.54106777237
110937.01607918717
117051.54899660312
131705.90487282036
94043.16392838246
126664.30065480027
123948.40305740325
126837.24295417864
128013.61222154072
143586.18589262327
95844.78027116903
