94489.82297224784
90807.78123426813
77168.61730231147
82129.83060687383
85602.8905891124
73001.26472466858
74716.95778875731
86692.92934824443
71243.71691331748
75236.26617314591
75070.78830340828
78573.03191452395
83657.40677232336
56738.20802550722
86517.84076459258
84475.85321272092
83678.73113756005
82422.77013849631
80286.70719958904
72274.97813752519
67218.32764709646
81629.38584889009
76739.64440158816
92816.73484100438
95336.01961362368
88560.76780941218
91174.79349394391
78312.81187327091
80284.21133399542
74364.26314712821
71626.90386367243
93879.57283718123
85613.60728810844
77787.91833454887
73443.0541827379
72754.76604045977
76838.93138602836
92694.20131909687
72601.55690358524
69274.83625740014
82080.03530046449
78055.5105916249
80612.16557927598
75410.14481208757
63411.120036720335
66838.07791263021
92866.6801746539
77604.63068335608
83379.29157299173
76238.70845827206
78380.58743496443
79728.34094470376
74323.28756516388
79166.72430507738
75412.16705277066
73544.687679089
73414.83848076273
81340.2785610871
73029.67836812467
85921.66221520054
60605.58028476089
69633.92631599358
75076.77568214497
79988.23439854178
96474.6110907397
77803.80189661715
70493.50396465817
79319.74753999956
71686.28616989014
90546.12881492959
82704.55437451458
84795.95020618621
