30372.628391482715
23152.726792580735
29309.84651424651
30554.113607897663
24720.93852320984
35460.36708462094
33198.48030874276
32352.36591034345
29725.556155333474
34291.929883596444
30244.803311465806
29249.066943899164
32146.08227558768
32921.851375341306
27550.955020037196
34920.50811175711
30930.20500377458
32373.359598820745
33459.628536383265
31052.56973423215
33371.82129407799
31532.366058534782
37806.787071790444
27741.925980259664
27453.184375367553
35634.46581171618
33264.397743700734
27800.965173823282
32740.835975905586
30878.483169020295
24688.227581435156
32916.652198561605
32339.863036635925
26568.245195483745
27528.030915518517
29450.985614510104
28787.986894341535
26388.38903779266
35317.25310889108
31769.354561831686
19387.507504261677
31910.097695555087
26176.362959499802
28307.492685336365
35535.94095130416
30053.024574658717
23866.755376861838
30498.24344723802
29543.190604621894
25887.320913741776
27768.873348643352
26889.603120808395
27320.595529798877
29227.98657517791
31428.18041465022
36536.18977323756
33021.10490715234
33697.29309305221
29968.492495869108
30123.419583518582
26955.267576458387
25273.013320123744
27229.695961461905
32762.74890014853
32902.77898971824
29341.821048513673
24999.573539617028
31793.15845968035
31140.32269920231
29031.45105342473
27386.415038241474
25954.498751558505
