29456.133069947224
33639.4088868824
33313.31109080404
31010.885362969966
25625.021117813674
29689.97426963503
28865.688048703265
25530.465402003636
35981.31200773699
27716.850781264664
34554.13442937053
32290.712795286458
28529.09595783434
27413.713969811994
30285.444106570194
31085.21899857263
27034.646738241816
27068.532331023933
34891.15201363529
33017.37652408081
29029.294572631563
28647.0644168073
30999.29783421037
28594.27811507986
34139.97711890387
28738.024535292043
29516.28158850328
32626.631011560414
27154.570360569156
29811.73528077026
29407.265104968068
28452.156507393374
33610.41169654643
27339.501134142934
32742.25805648394
30830.912701774854
27787.744493528542
24758.564426070327
29952.008990367576
30064.633176065112
30969.284223241062
34579.090311744476
27291.31542153144
25705.331379739444
29270.092130290595
32814.757392229534
22472.60545648276
29985.747432499124
25730.683345912035
29629.88819209046
31180.712467165875
31085.85921159945
28952.81843175482
28719.76694906991
33102.86805865523
31195.064869142527
29190.63358511272
24600.456882173734
27559.90070665963
36107.895752899465
29190.638564045512
25783.927416849776
35562.38440064462
31410.021868815176
29416.774505074816
32021.919131782128
30464.954690692117
32362.252240513215
34612.99331483176
33730.91493381563
28474.52418060833
25663.82712669773
