57563.85289089235
57645.075207958624
51731.917975546574
60362.50516632439
54940.181216123456
65341.613133761326
58787.81731181438
59680.405873412376
55538.257788690185
62666.02595615585
57933.038901253676
65413.47894323553
56678.553039704144
55399.05179458694
59606.08152789365
52305.30954867191
55736.051303554035
56680.32843829835
61053.83104009563
60828.061357130806
51798.5809823403
55410.62649926854
42930.56588954381
62004.35242271366
60955.1328045148
60538.402415469645
64190.234925331235
49905.38793394706
61604.485359173166
47499.965924526565
53786.48440655205
62392.62604677236
53723.75077786903
64265.176018555816
73500.9224973589
48102.00625463015
68066.30696354965
50450.842720529035
70945.70977871296
55921.46992375102
57151.5755439022
54981.87388735076
61181.946252966525
69061.09453531828
64178.088921934555
64569.49157512873
60001.80644246473
59243.77805900543
52260.99968013728
61435.25138031253
52722.30368868946
51137.74835674254
47056.261151882165
53928.63954655126
63292.01972769923
55326.424531698736
69286.56205903355
55179.87108140286
65048.417736225005
64631.13410773211
58012.95370878824
58177.366093466764
48410.04814658836
50274.448887226965
55502.473030591944
57651.23758976068
53024.82882186793
47395.423227757674
55513.25235410585
65701.63425216275
55760.27676372597
63445.41725725011
