52944.35175100538
66570.94405020638
67947.77748215735
48769.545609926776
69943.58563165425
66089.84032499033
55019.52760514082
58362.514426956885
59878.04779156375
64286.18567034837
58596.61891742359
64216.20787268375
66212.60863864329
57343.35769872959
60428.46364388127
57332.6921092276
65008.91289898713
61802.01064275931
58533.010135542514
53132.447523543044
57217.24505278361
66998.18699517936
67201.72093090707
72198.57370073654
63398.81980313259
56105.439970519365
60787.002361068764
55116.1351059659
57796.94883915767
55681.55820484899
44359.96644805436
65428.8683865287
59505.59660440242
49582.53644695778
57465.67067069117
63005.5229831454
72878.60101121062
60725.84479894174
64848.140734689805
56695.12408292645
59896.007789743606
56317.65529003403
52469.794212204426
63876.399821419895
48097.385228303174
62786.042488573476
64467.92787620889
63149.65170738449
46826.08741707296
57917.67861870415
66916.78454607111
59973.18813598802
50912.83089834589
63232.55164549649
57872.688712715295
63238.377028630835
57865.28063542593
55834.13605774331
51570.00291817138
57682.01932446265
62211.08989190691
57108.44144072919
60517.947518805486
63315.154886751014
69048.44869137404
59634.859630780324
73214.6248557699
60397.4413918787
53608.100125779056
57559.72807519656
66080.25898487981
55933.154301946044
