78465.06438185631
80299.80739117015
86170.57355471906
83224.8858039394
78400.34691824186
72503.81750241661
85732.7121310065
90246.27038786655
56347.845214096065
75933.02838489402
78366.42873427468
76657.49885938753
79510.01857938651
80179.41067796487
82524.90649558722
81584.34025610286
63829.362082982654
76728.16902970409
96269.54329568139
78591.48651495647
85489.53038988526
82838.77029242644
71568.80820983682
79032.34725804043
82755.98076730917
86376.88377264494
98193.47652510657
87661.7774939285
85128.40018417516
80928.86412803497
75376.63510226866
75768.11178077666
72067.01066292146
79167.76444841798
89601.27781311533
81122.13801011979
84846.74736007265
76102.02538794394
76049.97163921176
74927.77641830107
81799.2498911465
75570.21296600402
81212.35319752168
66397.53148097372
93479.40886834673
89637.80622969965
86516.08273267579
80212.77623953878
92266.3735480922
80569.77882645851
88795.79510732263
90287.54607073814
76192.9860079021
79489.4527970518
89166.03713123238
97130.96646945816
94944.78434615552
78235.12391609747
75692.0558766839
82294.91723032395
71016.74743696474
81967.49341516825
67866.64108125452
83817.59656468811
93312.4636193811
100483.67135612568
74679.05995184615
80232.54367343006
78058.00288668163
62619.651540819825
79516.43729360097
77011.3456383683
