128271.04981091642
130571.6349369832
113857.890028242
139487.03236664314
139071.41222423708
123641.63790170375
140248.51405759962
124491.08249635431
123567.86725416293
86585.59274012664
132033.26211856783
131208.24059761388
134983.64516847336
136985.29955394307
109617.99291611346
112231.29096686211
113412.26540043928
128814.73414219021
95363.28197283915
120546.13818469971
125172.56501404474
111777.91660148154
131766.03500578174
118144.4202664639
122455.74743682245
126690.62790582232
129142.09040328668
137385.2855928816
123856.52635077747
111230.58241431521
131405.1415942696
91069.1096741452
123140.35639565885
134683.06020412853
116436.18747259949
108344.84831414474
133473.4172533104
118033.89958237103
126142.54585408495
128597.26770537032
128945.81448207851
122855.87757055515
122907.5985805484
99735.41717697741
123604.2136773872
129406.58367357956
135561.19869209974
125613.68253625816
106412.58822405731
149318.3560697695
111878.63600316901
107253.57433594562
130867.85440030602
147102.7810743304
126282.13154760789
126321.90012733039
104372.99338858991
128441.75763600261
139945.1821233372
123883.69140020318
133973.85669503818
108757.19193697914
108004.56477453896
117200.86232264522
109135.91892612362
109530.22617723364
126959.05858249123
152903.32418288672
131071.93800320617
114750.09503684205
113529.21395551636
100226.71726261264
