112928.02218026729
141302.14759540986
115848.04508668889
126994.25354711896
113792.34704848727
113191.32488358143
110940.16254985993
139588.81670954282
115990.73934715244
115056.3573011947
124735.38069717085
123823.49605218813
119199.3727953832
121915.81254745736
131220.97732818127
111499.06166750871
137730.38272503816
115258.7284505405
125958.94407571989
124540.23392128678
136774.16837768923
115103.29981907373
138087.24456909025
101760.40939066427
124292.94727312861
107838.03373969097
136618.12683345747
102591.63411405981
113689.43005296243
125821.64928263523
131148.06159857486
112744.79150611747
131926.2076618084
99440.39600271985
116422.44073208192
109136.65826059892
119960.01665312405
121142.3858418546
86098.23998859065
108421.53294123968
132752.8596030627
125283.80712669651
125744.96258880086
122093.37503274213
132492.83061037585
126471.80397833983
115830.6811819316
118541.12070935855
104942.4660001099
126204.73327976388
115590.71810625236
122015.54902376018
116584.09653838146
112470.02752318155
131119.37752393138
112725.48331678168
107661.63827098074
117963.55137284577
111546.34503830114
101363.2282535363
107588.88954120546
122640.72585348345
102061.52167887206
124888.95485127995
131392.88122340932
108378.9317676499
126910.82052915552
138036.74299754013
134061.10676738239
136675.60169756663
113179.61991323018
110871.56058477149
