55772.16410274525
61282.67155074427
57997.64873662501
52988.75553988185
63748.86916905798
54511.794130132366
64585.88697907273
47762.82081915396
73024.4927855091
63947.28474184313
59592.36411674867
60064.98057077676
55309.11008397809
62969.9061392893
63652.0849283014
55433.13583667126
63402.81474015518
53382.06168362388
60636.07359563016
52882.05901705964
59643.99545903752
61215.99048830449
45782.05518388363
63561.519244473595
65665.54551309222
63268.99687974496
54717.398456665534
72936.9689936308
60714.249575832626
53281.08210252286
57951.81385941756
61462.21555306673
52848.77867347248
66376.69641556809
57918.08158371012
53567.41244358034
65709.97335326168
51805.34494281957
69122.71003775619
58125.96122693448
51185.188320422145
61432.37812594589
56179.322791891376
57079.03461797245
54482.27462661704
64304.78529265757
58681.102779041066
62904.33994440239
63886.37067688168
61757.77329363486
55781.924541819804
55314.95559468097
57340.73099014166
70127.971708073
60948.261792861354
58554.808443179194
48464.84454672757
61435.6174865463
54996.952222392036
61328.38189651537
52464.77318175317
64057.984386314914
63111.41357420027
63807.815144688735
70482.79718372438
64231.60257577952
66756.57853869224
70190.85369002528
54599.320646739805
48488.26877703588
59615.91675598749
70977.20811054227
