65746.83298842948
54141.61958578528
73487.22961636794
73852.50567554244
51190.23271784501
58613.321632763305
60265.12199858341
64861.958618872886
60564.88252296162
60427.30756978877
50008.43393270443
68655.01590592232
53821.39268264511
46903.240930407825
53078.49928257057
60649.50581168646
64902.35087672428
61626.43979988963
55388.77128116887
60256.41203000002
65925.36775536326
52766.459231525754
62606.39863847793
73830.7801339703
57884.97448749761
71002.5802510223
60945.09267124149
74502.92052396887
59029.52217803107
63397.522228430666
51031.328104208376
52198.45681397134
57069.09590492649
57702.128509284754
63739.60354087354
54314.28075129026
54426.89722344851
72487.66469951977
57522.2813134093
58702.07693082134
70461.66012352996
45645.79196247375
53024.952918612136
66512.90302141514
59474.34785285512
64996.32474101425
51672.49425249504
58847.34669385695
51218.48400390467
54526.95215418106
64618.69413456538
57137.665235672226
70699.75152808636
67028.65653132173
48682.721588747525
61806.550783516526
50971.863973917745
65735.28841160538
59420.63983050621
54909.785536670795
62131.49556534446
62752.93297084791
57783.47113155905
53056.86612514167
57041.94145776441
59144.49599594196
57173.16870444601
63384.751987899734
53253.953680754414
70129.33172393934
54909.50392523151
57648.43742408095
