74262.26074038028
73908.89261179266
82539.35538172233
68370.13385950317
75501.25854570276
73297.23361092855
69774.06163700645
62701.05763012963
51285.01281917927
70277.57110812597
74899.56680159531
83390.14076243315
64050.121360998775
65837.07434789742
63309.122019052
76159.4302381981
70167.31200081824
83022.11086427496
65240.23200829005
76726.0723665147
62579.32337874314
68901.68472152115
67330.08032706058
66528.49696682082
86259.13300664605
77547.33943851072
62802.79626374348
74150.18921884407
72300.5730037525
71968.44591927918
55786.07441395041
61916.08853305213
69223.67164608097
79461.91163174275
73470.18388400215
70779.93710516705
66594.47943262433
72995.73484991283
67377.50068714155
76180.59768466016
82419.37565932414
78385.26431707833
76148.05957699605
69121.92043163323
71983.25987748505
78780.19130112405
78912.62945872502
68343.57523612978
73070.828825792
67094.92846039656
75973.62100516415
84623.14257027663
64567.13008042042
67481.77968043079
59668.162136233754
68711.60300107692
89719.23701789245
76360.26617903357
63918.70384517001
68226.04123301001
79791.4399984916
75582.06336674302
67053.19907440395
79885.01377646124
59971.42474384631
65003.635578943715
78556.49266799621
64634.18070619356
72314.12182211541
71274.32797326539
66805.49590363223
57991.11067398067
