87008.35690527677
85495.97081251681
82112.3854325089
80774.42105894626
91165.49351488796
90196.05210431575
69836.36458222326
78468.16537870758
75713.15782215906
76908.46595868819
70337.8434629151
79827.61648204268
73205.48425488998
83498.44338034897
76695.38779211383
86623.31847130497
81769.67881590353
76703.5429689407
81349.62880221146
74501.75765991055
88486.93484492958
83142.0682172272
72188.54556034681
72807.83650241866
86037.81240973866
86681.43397102297
80673.6799628839
86636.26120525446
80202.57591708336
81659.67628120659
88618.96300690158
77482.1871126322
85797.67837305133
74111.76473410905
91183.6274107128
82187.42538440577
65911.8131094919
86484.80411785867
68925.84348488807
75070.71042673459
90666.09790337116
93726.31921360252
67720.75516438023
77841.22672199551
88706.2981897362
69184.29604853538
84902.77960943141
79477.13861819176
89768.73299004506
69774.91985222165
86806.88380609915
85038.45311938932
94104.64586394145
73063.42471389034
81214.63475661338
70837.23091194985
94763.7544794991
93606.57958336553
89583.03276901391
85973.0748906112
69002.24441296801
93216.08224936597
64364.1548007923
68169.27841441927
80275.32665871561
73413.8290523741
81486.13319350399
85286.06350589546
81054.34262548888
82352.85250806733
81696.23612647726
68227.91538935289
