122399.52760776399
142006.91708873105
118239.02737343678
113629.87829569807
129888.12695171799
120157.7095184243
113048.59105729587
119914.12465082615
126154.21441632364
100380.11757775926
110233.9201554545
109751.8802393439
129385.5024235576
128204.07542514126
104316.24874108232
88856.62486447243
134421.56510204816
130817.56998837454
126688.39868931632
138236.56308944098
124844.82212991409
135666.97018706464
115399.35533016294
117182.40620389486
116707.5292367144
104125.25905996995
134540.4257483126
122375.3600679317
135208.5985144765
112205.42846384755
148186.3194828163
121281.85359585808
138556.66592692488
119607.98153536025
123599.00519872198
99440.3761437497
139638.4617620874
103101.80014560928
111329.12980698611
115681.8749804669
119454.17321671205
112192.91679809263
137819.04238946238
146270.17532905244
130167.22918645623
129461.05222041436
128086.58094102697
112008.19205919516
109708.50753764204
137727.20562386693
101456.82293298474
115685.86072528345
116275.03728872936
90362.02854471117
124201.87367053288
124052.86280040904
94237.3189877559
104128.7162071055
123845.7720654833
114503.46285817916
104775.07543243188
123565.6260673789
130524.46841990048
147224.77472506667
116991.33984244887
129619.70042185315
143863.75951013697
123013.71131059581
107214.9337974921
119306.02624204497
120255.6420651516
104422.08572909799
