47160.50487888282
62348.0162140244
64966.94950269456
53478.42867869963
63289.117719032314
67112.83106665428
49948.97379272583
57874.48094695459
62753.20241425329
68282.56745999871
62864.6914180526
62613.34930787073
64368.57429406323
53278.95372534502
66963.68576898551
51744.04525862202
62868.1897941413
63192.142603721
62609.932188817176
60409.43135613381
53722.76278038063
53760.62159085325
66612.01049300346
63670.02563773156
65011.991402425236
64305.00095688646
58142.68560599303
63222.09343341144
51921.76074965975
57256.97682894903
56880.31594947773
69284.80103810062
61801.02431797818
48678.048622650516
59461.49184762209
52659.63035317265
66260.72504720086
63372.19004032682
58433.924481162736
49018.209170789596
54390.22110252491
54771.13687225074
57127.28406837544
58632.964714784786
51923.89771412003
65687.09671417002
56706.057881523106
64118.43590910261
60398.65729603457
59175.4529477481
59445.224117066515
45059.3306282589
63759.91613009286
73060.52366076541
61090.35240813561
50240.15741166391
57794.68336502385
56319.64277211226
58269.839314131095
59782.75344800949
61267.364076800535
68310.5710056634
65208.69835598427
61705.622727476126
56926.197465994686
69583.85296654272
58156.29472742322
62477.29631311846
51716.489474107904
57857.61883274149
57094.08650168909
66465.11062745174
