76833.83273465223
76715.34662328067
83032.58716776498
88109.16907546033
71952.53285944994
82845.2224849621
76686.39241120251
72162.79057553787
78232.86172748468
87347.62342210287
75338.46454559673
89614.85265676082
78613.26271497177
81637.46428662162
77391.50263687178
89958.71225929349
71944.1207771238
83880.70976303444
83251.39474808049
81520.20749192324
62971.06092444531
80883.25893175094
61691.97453085515
86733.69346274472
80770.09601737306
70586.54102831833
82639.10121882391
93081.77860466756
75534.6448480648
81563.18040594619
93846.56290772442
80352.4909245208
75265.72239884021
88142.96047121065
71633.1617564934
70633.13581810506
65795.68218129886
84278.60712515423
74691.26798714712
84960.0021044212
77594.22276129761
86656.2521250168
68163.84121762544
64495.91353210897
99395.18521124792
93855.35321949751
80166.01388662418
79454.14848726492
83256.45625183858
75759.04612845334
80976.7668854793
68888.49037098228
83782.51905043708
83230.94937593963
67636.66254007939
74941.1927909146
81614.42428682749
75445.42445887688
87343.83195936453
82403.57363896612
80944.91902899508
64255.83340573975
68235.73492562189
75891.58784464007
79127.01696064374
86940.1724381615
93570.18192202157
83300.5744221777
68347.38335874806
69845.57838189615
63742.49849224458
72505.77576698324
