79560.48458181164
78696.09925294707
82824.90296875399
85450.01936858209
74648.73027846005
82345.0407297812
96774.58894458365
92454.2757872669
74597.35643949921
63015.00037601024
82147.65656800923
67298.09772079672
94848.1305841415
89774.79773183665
70040.56587591821
81350.60403937339
69932.2018675012
76710.15514533067
80739.67096479175
66025.41022776836
68874.76337694339
73915.87244981366
89345.25755403664
68241.60887843595
85374.0581981186
94734.28753450185
86281.22491141262
73260.50736781566
88351.03513469046
83214.65389715247
88207.99626006799
74508.35140694043
75494.17625273344
79498.1471675611
78885.9376165925
65794.37772933701
74079.7867201989
93877.55914131443
77214.83758804761
81731.80024164893
85931.54020853448
65883.21517477244
77413.2696344575
72810.77091663404
86674.44446561976
93098.38352549991
78494.29149873475
87760.19638044015
84918.80793580039
72094.27767627615
87766.96549553059
69039.01977353725
68021.02388128362
79565.84569463268
83175.40323826321
93052.60789097648
62398.82193102996
78558.2923745251
78672.86786044615
79017.32801792269
71000.34434274644
80313.74865614771
79125.98855415141
85626.85131251604
76422.12912019608
60540.64507750435
87435.93633002351
70079.61751919118
74494.69900405747
80514.71747175368
69492.3563795537
74974.60176513421
