56799.08518057968
57795.47421111591
59339.51215553099
65394.20066393581
56163.35751544019
57717.78070208145
59389.48198107195
64097.130588157226
49964.817391358
64217.675308087084
62839.01464926047
60873.263505890536
52550.27051513149
55341.032843839035
64110.124730542964
62201.29668277991
58631.363502773966
72644.7746416401
54472.50946459383
62008.8510851544
55740.6546334824
62680.08421858946
61109.20457034628
69931.76915354047
53793.32687180744
38066.555205880635
67319.72888400986
53545.74166224439
65435.75455803734
64544.81227529953
69810.55362082079
50976.31656213404
56093.95234292725
54763.836120213906
64708.98803427955
53209.928210132
57557.699168208834
59977.42433888147
59791.48741415169
55943.34997368183
61588.07457731958
58671.69150222802
61255.62734194695
64867.39751316859
65541.89106539908
52999.92593577507
71944.64787918168
63780.17955230198
58008.38644115001
60826.65943311152
54559.159043767475
57823.36789109415
57506.370395767495
54356.24279132368
66463.84745234753
57522.844679157475
63042.655170831065
69955.41372266482
60137.96974708609
62470.12772871412
66782.66869775277
53526.25615769269
63666.662860529745
74557.43299638754
63807.51997713061
69415.28925642002
71967.95128730994
58307.764319533475
59122.17027754438
56509.735703043836
66441.47835654976
57392.90240557224
