117963.69661874337
115545.62880100655
104667.46676575493
106715.98243331302
115741.41273956592
111409.41475350279
123830.4522624049
118349.75780116399
128022.91691739985
122986.6194692126
115447.78918193448
135745.5935276316
106586.96816508778
108266.35931667652
110335.67753708904
110531.27696961706
140748.5570318303
133485.60188314738
129883.1377712734
135960.48533381434
132005.5058674681
111758.97945481603
128078.47065577235
113680.48904431277
101047.0656959433
133063.08081870675
112289.62076132624
112088.59253717802
115802.37528956644
128012.26452193422
138312.87357652182
135807.1354991974
135280.23093503068
118908.60874461233
116635.1920569786
113857.242532869
125255.4021304646
112255.27581267938
138719.93931510762
101944.9886616693
122904.46152710418
125689.09822973845
139111.3543808349
149367.1868661956
127009.76660636485
124304.57762343799
143121.7954339625
115375.69162779738
117323.5429343216
124101.04990311722
107281.23745785469
134217.61085313148
139713.39281589552
105783.76198471918
126825.09765078996
132962.78256669233
110585.55471497397
115776.21475489585
136090.12464891208
112718.48571691717
115366.47306020721
117647.63838000376
106852.92652008327
121432.95588587638
105534.95581927571
107187.33592806771
115809.23682365255
139202.78035361052
119475.63207397056
128841.9323706169
108662.59165276693
118586.45852779034
