60913.720414447445
49437.13775417433
41548.29224363839
53865.681411797625
60110.324995691386
46271.84250941177
49377.455822175936
64782.147014974056
68710.33939296291
55498.77908566554
53175.01466134842
61315.972950127245
72430.11128123067
55510.80231781264
56452.18970359693
55831.51151916194
55193.49226943115
58446.90966416332
64578.40758297424
57113.785685957184
61994.87386290858
51851.39207023006
54348.71622754774
66399.96240075701
64144.10892563156
69948.04838710972
50069.45992059397
63701.77894078347
54059.70993674842
52393.01905183781
56169.912630677325
57823.44164569413
71188.20190223274
65170.151601521204
53001.5482275154
64428.47555783413
65081.44571859424
61770.419225888516
67836.6017114243
57482.16790720821
70046.8937550234
69552.57166969535
61135.7903087667
54116.173584030395
68140.34388272163
70308.95929639904
52952.92529058423
63301.95176230971
57328.90354807967
55303.14609009332
63097.7025957857
52598.99415492843
57223.711844236255
61560.62145309288
64488.343406044456
55003.08757352398
61888.39511992989
62049.83354868278
61364.44714596545
54066.821738076185
52364.14813800922
54344.72191283259
62546.615758863765
52273.97369504722
59322.72555025227
49650.79750846842
68377.35318111767
55284.710288169095
63533.73707633333
53471.13466796491
70142.42260251222
45294.1475433283
