77706.538210026
74813.42511621413
69704.013628225
73287.58495284514
63824.85879495802
84785.64042401132
54284.76679100894
73815.43247410472
66194.66286786202
66966.30731865337
57355.63477572554
75929.27946766934
61653.97455725281
62621.26745659389
68986.6421316305
81209.44981061554
54988.83098048194
68446.69973789962
72338.99613367378
68864.19898090135
67792.64457038148
77260.83933919604
65575.23704268727
56463.76154503676
68023.4216407987
71772.52523204302
75305.2376512898
68818.16366315381
70114.8583850688
66976.13317860513
63401.19669616856
62365.940271516505
56196.00072516728
70670.62419044184
78335.89088150856
64986.50624945042
78363.58862196922
71175.60745082228
82834.89826057418
70567.74891613131
75032.66169433264
72780.27553597357
92495.90793732546
83969.31709551749
81136.82742975651
75285.11847276211
73683.5120817589
68458.10662875746
73315.0081798753
76691.87059809189
60783.25893933763
69064.58030207297
78233.46059813458
92529.52600999622
53501.66342956216
78449.27753733643
73932.99958961103
66951.1093523897
72368.85137028612
64594.414064703284
68415.89415859853
66995.8987614532
73753.97689439119
69141.26908662409
68082.80866600251
74381.91389685306
64334.5095641894
82552.39789814223
63537.18007661492
68362.10895518652
68871.97006226295
53948.72414390536
