51929.649829649265
56910.71433325785
64370.61173823785
48616.620290994295
58583.51659433195
60482.33867008852
60038.19813098888
62141.08527339706
68645.40262331524
66741.95469669168
62941.800749903625
61501.477948140055
59153.37919793379
54277.19043183115
62807.28823044147
71679.26645494663
67507.30158991212
63340.02164038136
60264.12541743718
61407.401678949274
63557.73121123114
61760.72227615039
50562.144075080556
57555.07263691342
62438.84709362013
63328.87274637845
67461.28850272259
61904.72976088103
65076.56764095902
56939.74083741255
63950.870358505286
64964.75885142707
70096.23941680002
52499.32838765854
59131.14245746232
58346.20012893048
61312.516944654475
48191.26871630825
62598.09392925028
62134.834635970765
59572.11737780039
56989.328775317896
66754.1881121911
55599.50613363327
63900.63608546275
59698.47136396029
60535.06566947953
59363.47417243778
54159.379782901335
54072.52081493411
57865.781871853076
67115.81580474453
63949.642885043344
53321.10807165478
61013.742448010074
66510.84226290983
59782.17268128266
65630.20500937838
60278.02805102221
56786.054114477956
69446.933632894
51960.575274192524
54047.4145652402
46544.40462910978
69473.79984336288
62742.95124510929
55102.15916916972
59014.47729544918
56088.405567288624
55420.355789335445
56451.73662797998
55432.166853000934
