58986.72348414106
51324.16981186608
58441.77559069026
63480.33090146036
69745.63169734197
61286.679898149014
56570.044649759446
69276.15465823849
68568.78009080506
63897.35067821815
45868.841616832775
65105.89709494026
66331.60944625297
63281.31984604885
71465.8960927924
64556.1448299976
54130.512489225956
58064.930186076046
66128.07855260296
58448.942546828664
62765.87530085611
62300.80121497134
53562.43674404822
65493.9122491402
44985.84819795188
51656.38158816612
57597.308594669026
67901.79622265934
62770.54968547783
66682.27209393708
53718.92690378267
53660.74741060492
62853.482411362056
64203.407684906204
60033.2431458463
70226.37844745794
66202.70507475431
69788.64647671315
58560.85347024801
52368.40088527799
65404.73599296459
56269.61231567244
47002.67451173728
63282.67754601501
54384.85704628129
43933.4153710765
58226.414243891544
59528.81533461753
61384.65266513518
53286.08957928804
62308.7766012084
58506.17626317565
60750.02253920061
62572.13376738984
55266.85782609588
58008.99336875681
66917.72215355407
60385.21563620001
75337.05422034982
63749.434407192864
61923.95559418507
44891.997615521235
51498.90169205101
56338.0778903315
59117.952853403665
70271.62268048289
59026.306356493544
59277.37819360169
58145.13552899432
62583.13115113823
61614.49795608855
52168.74883110666
