81938.46831560634
83380.99547545114
79736.37740627842
88141.73237671913
81490.0003164228
76161.16271432245
76760.06666608235
78959.57599217103
79477.44225099072
87478.8845673411
66183.08104184437
89705.33810665776
80062.57343750926
71283.9768711629
83220.51959477973
92264.54717708261
70321.77520646898
83761.81547378357
85041.81214464296
83020.09676479019
66081.86771828755
91295.67207941455
71563.99863349664
86744.51776791165
95880.2583852872
84990.40602801047
86553.44886556588
77197.73220003907
87965.59528156083
83765.94641369778
80873.1229829631
84937.60869439818
85179.99881107995
88571.39702711295
84593.80053305821
82437.24787564436
80607.8133320608
83437.29454035911
79781.15250637277
70764.10722063093
66911.58323286787
75756.70235663433
90716.53754661554
76441.86702501934
85888.03794185573
80990.53583104863
76636.47241102911
72441.74480569079
82488.36608358187
82815.62489120985
88560.28686419147
76700.12491486994
96743.86142298931
82686.00416976302
73486.39551080896
83058.1735848964
90561.88509243615
79859.83500125131
73961.16770733753
88923.92265769333
83717.07259203549
88616.08926782032
72165.92021532007
71370.92178651583
71814.04648200078
89132.58845560467
77809.19075087023
81402.64948875572
70559.73785994007
87248.76632705622
70690.96740818488
72666.20361553939
