60344.38587131256
61353.85964242056
60097.435649833846
62330.595273811094
64485.22183326516
59266.30975891785
62260.34758138475
55329.49411263678
64656.207803107645
62571.40865396107
46346.234889919026
55269.67064386725
69763.52529027668
57143.40164715139
58040.93832764586
62747.05942124047
63399.72364548637
69995.6356068892
57017.55867596299
63931.626811358015
60265.48225507198
67542.73861476898
51801.55591947677
69082.15052511386
68840.7372855212
59068.31896186434
63220.63388848679
63359.10381933779
53898.23833343689
63348.02064348438
66484.80623177406
58496.41510430571
62566.306663681724
57152.682019866515
53711.65835575751
62800.11003754129
65347.140475794746
61377.00037389384
64540.01371918759
73157.60881524949
66402.8433935807
65910.35549136555
55627.989349429154
73573.23960285951
56538.44508096047
53413.45740928122
53286.38258213825
56000.765333075266
62269.16607914659
49683.235099038284
60610.80751426339
61923.17486596362
65357.15439412286
60047.680619139566
53998.754945805194
60276.35839273402
63912.024902482044
65814.07774019837
54396.925762298306
61693.28489758194
54972.53228513779
62343.66329149188
58587.592327501356
63536.9826073445
68995.57075604987
65543.38904642258
55188.852271753654
52239.60040862278
59043.02890144011
50659.95645460879
63737.627973630144
63922.216225992306
