29736.89208606278
28239.44518880188
31431.89619827043
28889.047030784324
30769.663329628474
30657.14495776378
33776.7376163358
39428.65824702191
31016.2930968795
35981.23153169522
28466.133057692285
32351.954855482178
31611.049877992205
32431.022453522466
30896.19908048851
30104.099576149827
29230.36373728866
31001.246954932772
30866.554733657846
28739.46086715166
30890.557436602845
25928.11684167985
30619.194853877067
29587.799999250958
30712.783509513378
27069.631172008267
29795.666675101293
32887.0516902181
29781.601057727985
29225.89811524203
33392.276466784984
31494.88994202989
30163.117953923043
26752.556995476843
33399.87662803324
29811.131078560375
30497.37710279646
33232.8942029047
26590.708348311447
27024.133035708364
32180.836419881944
28406.93949342026
32988.57114297608
32472.523915581438
32806.14889810676
27331.247260856944
28586.198762887598
33610.91460131142
31585.868317371736
29301.06675074877
33184.469662009156
26100.251139021646
28361.85601707835
24821.254027405514
31362.6951996894
28711.242244899782
28213.66936378446
32819.969125911906
36619.075567696804
25445.23477143212
28700.92189549657
29699.395903370914
27049.850640482287
31534.07278810211
28943.41543226343
29117.228111113553
26373.81912474482
25106.24837060196
28747.013937988115
28395.76316813023
26307.760849409988
27478.478980624946
