140552.71879358555
133226.89190490835
134623.1654478723
128581.0457370843
132007.30443321192
116490.28937802202
105976.22028590288
118148.12530284424
111719.00935438577
107801.81273531375
111844.7832278252
106884.48447861597
111798.9872261879
116074.34751266948
122435.75711600987
130988.2779985475
127268.45147876206
131990.09192778243
117372.76475343495
126105.41036558413
133059.74063624864
118782.40776843799
121320.34945192735
129566.38246302362
125426.91325782485
125990.38519695403
103645.70008037485
119229.87277893432
112039.82446514272
122068.75284396899
118319.88187411985
117728.00690228009
113684.764658618
115568.88922728568
117806.94424462684
103314.35747688415
131124.11799726138
139113.48957577033
109137.69705024334
145867.1726503742
143465.43504257663
119630.0103911598
107888.7958748407
116532.76758218199
136761.65030182002
107867.69934798061
104023.40123417397
103639.31578842967
97500.45148217466
121377.8304326161
107537.74071524486
137287.10426777785
106122.16182117637
117500.66151848379
132360.61428546527
127713.99803787749
109089.63869252901
107720.00366288367
132613.214278836
107911.35488829539
122475.09454757546
119500.67735188174
136990.9487980728
134354.29873692532
125150.42321921603
109073.0167594623
115575.71666610455
120552.2357894128
133658.73299290228
134967.547591138
118683.46707368369
116887.17320250942
