32453.763976341634
32773.66620866537
28612.844650005663
33323.64148478981
29566.504525463493
22734.785691453075
31863.480829176948
30165.55200102905
28073.71082458823
32926.79467171736
30424.27010351154
25417.37221754216
29218.0180688653
30004.889112620174
29725.39204922365
29669.829191248882
27472.52287939922
27893.67315990104
28317.40545892128
27978.580394106433
29912.310114270662
28477.73376491305
25889.545704734846
28431.199383030184
30651.077083570734
34386.686925474176
33442.58465794359
28027.44049668429
25179.430742398068
27463.808135883828
27262.806339393344
40336.168293998664
30030.335885605127
30930.751658550907
26618.767891424774
32770.26402599379
32436.556864464907
28320.858399057608
32090.270318359933
30003.158990630207
31946.63456658682
27650.226030020967
32433.787005106115
29039.813627024574
31272.336278827483
29870.730889042465
36104.893576043585
24968.347764756676
31927.44725228932
28560.257955255307
29862.786274172577
34555.168581340855
26002.640774412856
30099.987668610174
33921.5518399532
29490.891058540063
29699.388931837675
31717.150180115386
36235.06209232914
33168.44069969019
30791.6304852516
27848.75520118959
29895.503407653356
27413.703396294954
28793.490780297387
29672.043566079785
31885.68229460923
29979.506751979643
34006.02996622711
32665.74364134782
34361.37571112908
32440.218486229307
