58994.32862187997
60790.24331909043
61442.63320056408
62834.14950184735
60648.513228841075
57903.21519202354
65442.52966432491
67112.2188357267
65708.81764652136
48865.984699320805
61429.33667867776
67219.91446137801
64427.72744987666
65586.4306221728
53819.27210027413
67624.47671660129
65354.408649085606
53718.56071392277
47603.818459556045
60873.45953152899
66472.3982620614
52805.29709532534
67537.57017092808
51788.75385562508
55728.80205491585
62379.48899504548
63936.255921333715
58688.76573421782
66012.75918338125
54384.52901812388
66585.53310632729
61674.62352481582
69423.99263344816
58149.559178054486
70406.51724742271
61444.0394682307
74614.94336409768
62264.64789668876
52624.184945462686
58403.26844014691
64839.175116975646
62506.741830393985
57063.71238090397
57913.80998809563
53977.38776299998
60220.476415602534
51351.79238336823
68711.53874716164
56331.9464365103
64881.5756205182
59288.2697161453
52383.18860478135
59730.926400918186
61962.712411604116
59183.310266354885
64041.65130465801
65876.97028706851
54106.28771540067
61890.7518108436
65577.45819673911
57933.7258822186
54545.12826302204
67071.58099870839
57876.670448193305
62014.304825784326
59244.80890092594
46883.79142437614
61348.625528562836
60335.7136165009
65719.37994038657
59714.641477416146
63250.341439529315
