60771.212851945216
70290.33380058229
58200.34708292976
54236.80637559624
64529.79502672756
70430.4013046981
52653.59636698528
59386.657321497856
60565.83211009267
55918.74619767963
65026.18997160023
57242.356154952206
62382.45093604712
67950.48742532078
64954.18696622881
54833.95799507414
58148.43347256539
61997.10739039543
57302.519505511234
53060.84372637663
61412.55459784701
51194.84540877541
56284.106329017166
49858.25134253569
54268.798454574106
66110.3152591978
63715.440838774106
73789.61216724444
67927.47235121504
60009.288973884824
61887.01775546091
54000.32544318036
61784.77702041008
59423.99505323828
57676.96859695915
64589.011256003934
61750.27439399912
57303.17235275665
67949.08612969333
69812.66010904167
58591.24316291335
55526.6209350275
58009.955404307424
59290.35084886304
49881.511304929685
58862.6547026513
59250.73144639375
47791.23934256493
61672.40121130025
68549.79672288043
46932.89862816976
57936.08442198794
65689.62095764227
67855.25627781176
60050.75214878698
58268.98764859496
58724.67985578699
69173.07379881146
60102.34928937375
60244.28325188132
60148.66145529849
73421.29927144112
68232.39714317147
55778.19041081161
63931.98521316216
63216.10169183681
66965.40164898957
60249.26020972989
53296.90653289048
60184.08314089262
52504.40755599097
60405.57791788094
