88627.87067917058
80798.2861939347
70317.49436186672
79628.98464791286
86143.3461660779
77440.19292401492
69509.2658235548
60577.4983184323
90407.52360913344
65070.15930892291
82793.22214466517
80947.45211105006
80600.03058499351
92160.33569912764
75160.27567954885
80690.60613459037
89900.96493117927
72841.7446692084
83252.44783637891
62793.670405853256
82279.11280001304
80145.71116310426
84445.6192490024
92532.04157376713
86275.28447321565
95827.6715828096
84116.89896768545
88678.09702026613
78267.752107197
82916.6063663279
75346.08264771661
85683.68185521667
73058.6004811785
79467.47810205608
87132.46319693181
82494.79735762013
77362.70746598087
86027.75468133512
74199.39446630192
89183.44972137712
73480.10854199076
79998.43766562609
83453.61982546642
77730.29142585218
74024.93591042186
71658.97990029251
81416.9000081426
79148.43861564608
65255.80318184208
72841.67101459032
66022.36555869202
92588.29999928646
74658.87976988283
83425.01804302534
83495.25774529592
69037.77423762788
82912.11322888502
82894.10404957958
70922.04661469054
89326.20678974052
86634.11239673306
90785.68449999952
87947.02552907752
66703.23285253008
78109.47718550346
67814.26139796327
78912.52078096812
82919.00433117957
78084.53301658474
73176.27376155577
94335.77232260552
76862.63582138658
