53602.632999766625
71724.9824545167
56257.40645368364
66014.66137318106
55899.16970001022
59587.30703271958
61391.94724892566
56262.44044370412
67700.96338487981
53600.73619661775
63797.51619199727
65389.54575183285
53065.09768328942
50682.31461156626
57333.23316783151
60870.32746629397
55992.18520574315
65856.30857627046
59001.348812602315
46854.01578704109
61620.5894339571
52354.96100440876
56769.80408204424
62603.4780203878
58111.11283137469
64516.460571721705
65938.10874269638
57364.32485372741
60702.97652574791
63642.27326316965
66230.85603803968
62411.91473616598
55405.96048482529
51155.68092713658
49040.596149265046
59192.13149391546
56471.112918710925
62831.1608728439
52997.66013224316
63723.849646625386
59940.12615654263
60864.91655690959
66176.47672408368
60467.86857842943
61273.54400566526
57885.05925403904
57152.64746808362
74612.29606204462
60625.40615946594
55715.54636957197
69322.62829295521
56069.008476278475
64857.6821699554
57810.66587086262
65940.33039548266
64007.66865111164
71050.6870104986
56498.742489667515
58409.09519549757
60698.412977807675
72943.11055262596
59937.61678742097
52436.607181171334
59823.0326820985
47001.68783092665
52651.88665039726
59812.55219046093
65669.81729399247
64515.46703672381
62625.147587438776
52867.28954621922
57753.92991985811
