125922.0960996398
89674.88570009198
101952.67250198645
120836.26316540879
113178.05999473004
112318.0473944513
97938.29998976002
102983.42989384543
104556.36280945895
116254.53145345963
84372.46727242348
100042.08020158877
104041.69850046143
92938.25753422234
90318.66351985048
106885.04876895175
95072.35310696282
107982.7467772646
90863.75143886791
98010.49666776074
95889.10778235518
105939.96659272205
83926.95196385542
94199.01605017405
127442.51495830373
89586.97684104346
109354.87299815407
103388.16660156747
96990.53480695287
101450.5815018262
116262.78488582702
100255.21105412696
100235.02488718423
100427.17829236054
102565.8679519411
82025.98129543844
89492.89742628335
97114.60910777087
106101.11666052429
95047.7237440601
102742.66164885245
119212.31400787915
96110.82185900035
96410.20854794409
87438.19238340702
102555.92234364236
87794.31453776667
117122.89886537152
92232.2716419612
104702.63661345311
102830.46607852365
113103.80089116527
94843.04860063764
91880.69071022849
94111.74719589067
85921.21278813486
102266.22044456366
99047.82194501499
105828.83155995449
115051.94161928844
87007.54948671734
89180.37845073026
99593.8141262829
107589.00708686408
88917.11299864194
96908.59694449003
83497.90753047775
106086.52003473866
104770.17176721041
95537.69604882957
88179.07617265433
116337.91247288942
