98151.61815836454
96583.20992672945
112038.53129356059
88774.69312485014
94334.35880150205
97133.1545902052
104762.73393723754
97257.58849546571
107636.08758918874
124114.33418551151
107482.6370435688
91553.26560154729
87316.47262845986
103954.82439949209
96500.93048127911
111617.8658335485
95376.05989941997
96061.14369852537
93469.66217435508
111020.22252855162
102106.47041249138
80532.2815590224
86632.75240710616
110889.04213063321
116746.02918515098
94298.55817400274
105369.96946214343
121339.68599756333
105279.58395930064
109947.64468010137
113623.15210410506
103061.69766691986
99097.20896994976
101381.24371184723
104287.99675057079
100400.76830728058
97538.35582282874
110048.15037725566
111323.40155720753
83885.47809827639
114576.09271318078
112436.61335016949
107694.23225341499
85136.36007942233
92198.19027162148
109706.78758614161
104566.81402574881
117242.6432007842
101010.28574079223
96362.49381123293
94265.12372323086
117924.61626069983
91291.78822629632
95365.1308771406
105440.27254787862
97604.55812441427
93948.30185718082
98805.10895767047
83683.0728031714
95941.62765684747
99991.17471584155
107179.83346818144
76560.90996203948
100647.69172080557
83706.5335782104
95883.26907111176
111119.70141548429
79675.28977802974
94772.62541049263
99421.12854851724
100942.70068522693
94631.23192290806
