54784.75942811205
63608.59455654051
54454.63621015595
67111.10258195353
63780.87499683175
64372.59957510482
58611.2871995427
67477.55100389718
51339.73971845573
55865.797169476566
66594.0963385055
65323.065194070216
63036.03424096221
57035.70968459891
54032.02100702111
56424.98150902095
61048.544509929685
60779.04764759488
62188.660541513
53900.77861271057
43351.691404850724
54857.568078395765
64120.88376771341
55024.4689536613
54679.8752615393
63096.60027031719
60107.5661636002
63342.39183728477
58413.34369406418
49741.85625366793
61609.73941709101
62342.587179844995
69495.02861401801
66445.47177340105
67194.5089562802
63597.83406112035
57038.85060799938
54478.11969409284
61844.04864048775
60160.4250303809
57100.22582757667
55280.36277714577
60201.42329776621
67150.77088073261
62470.448115989486
56335.03429347378
66019.71252141029
59819.68692204218
50756.74364305912
64752.94572983422
63944.550499259916
56585.12596547147
75900.09764768541
61492.9561106543
73741.96187073035
61171.31108863014
56763.48413688679
63265.50113310927
62347.81281516978
60561.45766825472
66705.52309269355
63588.326197914255
55387.55131380118
53165.69810212287
59123.958572927484
47460.30338795763
62167.31516362848
46304.21853637735
71554.83762129088
67585.64743513665
52288.53857730839
65516.1539899764
