25627.341863772424
31619.535191849252
35763.54287289262
28177.053024702287
28949.64797018882
28988.223051563247
27200.869330023
28057.886340138175
33600.81316032514
34564.16556846475
31460.635221880642
30583.81668869187
23367.945565380298
29428.53472435468
32286.10713906538
35908.251009692176
32704.093824312302
33102.76893822661
28983.605015083056
30684.170722296592
32304.01436478324
26892.70888306271
29286.040643799482
29280.16938173309
30661.624166416113
29771.918054305886
31519.36053443392
30532.310629650157
28461.49632420694
25951.20692539665
32171.087541405614
30059.177969761407
31517.7714983083
27561.941435459004
26003.370983641267
31731.12515031929
27710.07038720283
31165.798175783126
31131.040633688295
33790.46101288311
28400.059402513056
31401.214564442813
31913.367082850993
28932.52574718636
29577.038010100237
27954.952715471052
36643.8895703261
33537.62427247646
30577.749536275664
31464.859007617768
28493.452672227348
26182.200105155855
24808.95823564619
28212.999547449268
27636.323746733633
29073.5366332401
27039.885157442066
28489.565356575982
32696.49676186286
30284.595608400396
36742.62815031543
27936.393061198167
24707.62614331045
34651.01453650681
26090.388734233846
27446.749672018264
28661.606228182693
34589.42373484927
24066.156927915006
30149.15266240312
30725.05722130806
31265.55294567213
