76584.26071213516
62348.5972540322
72762.6879814847
62168.69169800343
69130.10154029621
64258.96107482416
69384.31846063555
61513.1677836526
67626.67172001647
69433.19463400217
69710.39243151926
68413.90147086918
63309.971057003924
80506.0043679622
64845.16978354366
69184.240838454
75957.30930704375
77019.40294143462
63793.76413732459
67710.56468658078
76215.0887838016
66866.82432826856
66043.43485585894
71082.70521994324
64836.26707475775
69311.829782825
81805.99589681071
60194.75271264707
64206.49984056323
73549.05159294033
58503.97962328262
68290.7227254474
59894.273180341464
66704.68729496766
81978.76015042128
72199.10315874022
60366.92290877821
60122.02205103155
73350.44519972254
73144.59709146991
69119.5940430385
67583.37315910796
65931.35799563582
69803.86879352933
75702.06686147457
73365.90591536854
77267.13509995988
65700.3877661973
73575.98004968277
66403.9120930386
72550.87854326636
70295.1945672422
71363.94584817815
82162.26415648182
78829.27833236117
73448.37126911273
64317.4395748447
78047.40676910171
67501.6282397454
71590.38696070654
71893.91378222764
63336.49788670689
59694.41757118181
67469.31741444355
69558.49830291174
60445.37000867194
60291.41970069185
77957.87706553495
76669.67689822214
71376.62597350766
80265.24701599164
68927.5861086872
