143305.813294655
108984.51410776131
94855.41337020793
135670.79161217032
104652.99837017272
128352.11901866019
140444.05000995428
118460.1498852984
137811.25136592178
111184.48117362011
132347.7907661933
101307.82376691826
108581.19275322247
115438.34732178038
111244.82375702671
124179.71772907338
129744.16467574255
142470.24083971904
142817.10454462547
133158.49046013234
113471.04446644183
117490.66162942584
134217.96931778765
133893.24216225164
131570.4745128249
119121.82186076188
110179.36089371493
113568.79673139965
138505.45293252904
115998.34324436254
116553.54589757168
110120.2749722596
114473.01032865484
112774.13035291976
131780.5250103034
128321.85107974093
128409.01460583117
124225.8373120482
116203.53232016608
116833.86156764589
122320.43888649401
115232.11032369014
107483.58941123995
120715.40420967698
118961.33866415605
114768.71604249376
113370.17478715284
125116.38122733322
130040.6787110788
102993.31598885375
95358.01403232165
148198.22522487992
107975.31742521751
119116.49308177187
119604.28199578535
115064.77796706233
109078.57022433898
120285.12479285413
110036.13322525866
122981.49588856328
134665.1660710564
115854.69131136416
121940.87423838797
117179.16922867706
109633.68431902745
88734.53153687342
116555.96369638214
106799.40520930335
120745.42221982345
108406.08347816158
116922.40294947289
107445.11442109472
