47621.207108009396
50416.95201733407
60782.567265330625
54812.081336802905
55438.64459582357
53039.44891525367
56439.5682575423
52724.97192443486
60231.815154100026
60135.253543002465
62808.194663507165
49473.78828881542
75314.75659941202
60329.38136173946
61855.694276024726
73142.57366078989
64874.57214288808
65594.03664918552
60207.37716191867
54239.7671417433
63614.8480466423
57871.2994448273
68088.42245364272
59824.71301966942
61993.115035824776
52212.197551893056
60297.926792327125
63775.88741966771
63075.780109907835
50052.44339351979
46732.79189514035
59503.96576286975
52886.61514776462
65133.38679315115
52984.35561785754
65281.834875554276
51637.22910184022
60331.878818015786
50403.14913899073
49395.383907914824
58198.82953934845
59616.78791665898
61881.166200018226
56909.57016813413
67065.06347069958
58140.58123514497
80789.24637650698
65298.58305173368
61161.021147094805
71743.22237728075
61115.39908517443
56866.60406845967
62267.715094314975
71082.12014222378
50758.65093931647
60000.6947026898
58949.13956978514
53863.83589305114
53285.44396629502
58778.70520341034
55444.41433210385
54610.68713831012
66631.02999684324
53886.87336552345
67080.73073432484
58867.56409130778
55590.786208606114
54287.7360250889
61262.65003433041
47638.44503375813
69009.11833459746
62050.2280871104
