55886.50453676543
57658.629659691855
60201.34570790922
52371.45234073629
62817.47446992078
60938.22123827445
69140.8793843195
53713.00765582625
71691.96645241766
68934.54373262395
64130.78595361222
70494.0119298304
51784.95324769782
52021.0681761146
58227.62564557371
57048.184175848364
64284.330176835494
50463.46206206332
60340.30844261437
50558.802013202156
56965.041254369506
63831.79137146609
49594.91210595234
50954.846638889096
60615.87408311785
50672.42775894111
51353.25804172608
63933.10239151848
48312.952098558504
58936.814585324384
51949.82832471213
55532.92635360595
60843.86057061873
56972.351567361766
58887.65368573633
55339.29072418054
55476.736369297694
58929.41994366931
54494.64348941157
68694.21000537304
65794.87910141886
54714.420348340755
62126.43853828138
69257.60707332114
59555.93532203764
67309.34204093448
67055.30570023254
66299.69994441025
62415.95510562468
54724.86317028482
50091.37439608462
58339.44734565284
54754.9621454085
52954.026246968664
56496.14066318299
70241.52414551616
59358.89434869632
66383.66043718728
56634.06361875623
48712.0679231879
58728.2887270712
65767.94195553962
56083.14524138898
65691.5590262451
56503.30781358025
61888.64667469815
61467.97505667615
65186.09812546203
59171.13183810859
56114.23365313388
57298.79852562493
60343.88165417109
