114078.20544728987
125560.73127451369
109654.39690367816
145599.9988944044
101891.29322463114
118137.07557185757
116796.5515224563
116023.40837038065
124654.42472459028
89474.55829450513
123774.2037269534
130632.24173573693
116889.34030270396
121237.5839637628
109645.458607452
115391.22958341675
119365.47260509424
132987.58326188807
151002.2777907489
95295.58549337626
110618.73053254568
128553.4556371694
124888.09967035418
131155.56783523297
122110.43596246024
113886.98696482944
127877.99887112956
135792.0800586998
99437.51418926181
123539.38523356359
134761.89232385904
123656.8140518994
105966.51879502392
115230.36705038465
124922.45403159459
105116.19869642773
123726.37326249041
150233.2121136958
125790.70753815712
137197.02961545854
122921.5038740547
126184.72630978814
124300.9468468963
117459.54537825541
127724.58312525501
119872.75822516358
128114.78705851735
147916.68878543802
154221.2025989157
152384.09956678332
132293.92428782274
124487.03969429417
133935.43244140208
112226.39689821356
121864.89019737119
118030.42220944003
123924.55671388791
114205.98922810561
125872.02939198996
118450.53911163114
110262.88477479499
134040.72270357976
107226.68367547668
131372.1648411881
136465.3105865012
113100.32843777997
126033.76222660381
128411.557991571
145284.00550717217
130389.05932163393
127956.75990181605
133722.02758836906
