74291.56207801815
69620.84760593141
67214.18346164247
67084.88451187238
82429.78731656993
76818.59314330864
76760.22041564641
63211.81730601467
64998.0325631955
79619.28128022674
77202.53542762574
62415.69455953742
59282.517624686945
52705.41053445934
81921.80844990742
70517.40531580454
62454.86381198273
71137.1717500256
70244.31574090202
85658.06625951754
74659.74555272871
76211.27683473656
79150.73953217466
75596.97038676517
74943.42348476898
68364.30920810653
62950.96749952613
70370.65262217987
56671.619197025364
66835.74951006501
56174.61754945947
77699.20004055783
68838.2141373535
73856.71886306774
79729.93447292043
68010.35343410319
79668.6606186232
83552.35209978044
70482.20158585728
73279.55622213421
69618.50966177603
72589.61855978113
66433.74935967338
69444.26763231312
73867.06511595668
77474.95754612898
66959.47329518267
64095.216235842134
72177.23563916041
82555.55620939433
68077.92863608988
76489.43806453359
69252.82149966087
69951.19200166823
54809.71806384699
76173.26124810801
75410.45644044079
64821.96802477301
69879.4977736144
71599.39182932503
64048.64677340208
73788.45184500258
72955.78091957011
72401.44379047396
81130.78573365364
61528.64526588089
74009.39918135328
69932.42107587308
66594.78766870301
73137.45229175378
80400.31679800712
80398.79061578361
