86101.08749669227
72345.03965618789
80036.28235070419
72235.99949579404
63043.656759505466
64790.59473541444
79949.99571887626
68626.27983019594
64936.97204294354
81096.8706910421
72696.41400113591
69144.0409276514
71084.78016932437
71974.84162045746
65628.18758952459
66830.38909992407
63575.372331871826
75989.01754895056
68533.60256607055
56188.27414380547
59854.31735122414
74766.5084465802
59163.273433403374
71041.15795946434
70090.22663099102
73942.95016524181
72067.73991849257
59747.26971281463
59070.982850587185
80495.54321677162
64783.558848356435
65961.5803548779
74392.12699475023
66229.45079530911
71524.13498471792
76548.08087568145
71010.72785777204
63118.895159253036
78883.82061198939
59281.77887732881
63212.68859098055
74666.48078025393
65935.91608461959
80689.22212937815
74444.76762832515
64066.184909483934
68618.28497609647
60068.79831543843
64970.85099795735
76038.68404919235
76818.44485950872
68050.82856839571
67751.85254465348
76313.96341624124
73004.95988074798
69537.20829026512
66889.66047560076
64546.81010974515
73622.04889278386
77425.90428530701
66993.94513062487
83168.11242385025
63464.80462872973
77468.67823757524
76327.71657681139
70783.64954297991
74074.6226558336
78989.61275513431
74595.62249075007
72459.9876339239
77453.03006571271
71957.12368377436
