69214.28578370482
86472.73608089554
69580.51892911727
80525.99762026816
90695.54444408156
89289.8711336914
72820.57508348508
83146.61340761259
83156.69863726036
83297.00166155059
88716.98378834489
73906.4327358079
78358.41805642901
71843.72406663388
69788.60659341856
86487.42581035124
84689.45417789368
70994.32512599968
89104.29786754807
92471.42346623595
75850.96870345487
84706.27063211621
80198.35804370495
75111.25198223493
96459.20431649742
65683.3893252789
75587.72051185183
81988.44272354567
69819.94404778474
84738.26681217602
91544.83292889662
77520.28009064612
83430.13611618857
79911.0303865945
90086.00547906832
78514.08655795806
80701.36090652925
91047.72962492399
87070.6367091293
80033.21092586938
80826.10223426331
71589.3639984765
73049.44684068121
91761.78546661498
89705.00313395492
84025.90956976071
89819.60965417276
72360.05101757395
85570.99485896519
71237.90617713943
79609.62611624283
72358.95085553329
91375.31791923761
83260.81898271946
77461.9382197077
91318.227444374
66687.20617155943
79455.90820677187
88324.07163564193
80250.93855179513
81173.1720897483
80192.4491698735
80702.2994860348
84309.73096734243
95191.0615599764
81448.0093959603
69905.56769858953
62235.31556180999
86972.50608851954
81703.74603976661
82370.3229093109
79633.81650929306
