69178.2118601644
66755.78328501705
74319.93259359029
67671.23883407445
57741.443170725564
66048.69499780762
74402.96617007465
73616.03766857967
56797.58234906242
74685.79399025935
71841.10656514367
58385.573158228195
65036.3882235321
66114.12350918977
70861.39264743804
64389.879709339286
57515.08483993557
75582.29694349799
78557.61450842499
73147.46198147682
69460.57495334599
79894.56808478093
76200.3662263375
70871.07802102459
77211.85442596124
67876.86675888549
76676.78190515316
65850.7121731829
73361.18673234522
65816.50692848378
68855.81459243491
65971.21862256153
79398.55357692168
70358.39036952217
63485.23077628887
70393.05470022802
66477.5468922346
70138.21004372662
82382.70518221376
68587.04470299983
73903.46135850102
71730.743661402
69380.37388327242
59949.728013198845
73122.14129091821
62318.81394638241
78609.38782455664
61206.4818478844
63754.42913698134
64410.64808690024
57065.15279344168
66271.98687103644
62903.248343231986
76898.13287838396
63212.32693539531
65718.67700553093
70898.03752874373
71693.67892257968
74516.4794083132
59606.018954168896
79140.30751953716
90535.99543724013
79581.8763159607
73152.68703843163
71358.67762204946
65265.553780939386
81257.44848824841
74435.30417681341
62706.87800872284
86890.37119044717
64882.58756587526
72544.49504475614
