83836.49064428633
70211.92855962843
73922.78828156434
67553.15580258756
72080.45002259247
87491.56347896412
69952.5508894789
96469.35962147024
95669.59421158131
84793.64773172207
73674.79280829478
83275.96917686726
76591.46648594724
80066.63328723771
77139.09780393969
73848.83358464026
77861.51656193468
78623.16925452607
83573.43254794816
57438.14027122215
75191.96897673227
86560.51667030681
83253.957169823
75206.98573995121
79415.60760876114
79360.61360469714
82979.08439854268
80726.65886211277
81446.19414424805
87380.29027983821
100559.28328570855
74594.74544755694
61906.47172934808
75556.85064227144
88406.79495357911
76401.55420395939
84890.48321822271
81346.75400351164
69093.04934618072
90629.12360047238
77162.70046545105
88515.23877462173
80012.43358914377
82740.52834612958
65762.89533522793
80639.29753599664
82617.97354194216
73803.896099607
75361.49228234432
106837.11088621627
92707.28648382443
75491.16886861714
80318.52897583935
86025.80039325787
84830.23977039398
76084.30049403578
75610.80265532261
79341.41755968105
72372.814449319
82023.07259409162
75021.34495510778
85153.18914418538
79003.23303479442
68842.04198327611
84424.35548360809
92326.10460489137
83953.05832730285
76277.27492735801
85051.23350132408
73918.27842767179
82332.56006048975
85534.05623461741
