116904.19846273832
160152.36046953994
131517.2439841024
116786.93126396013
126832.70576809521
135785.8410721693
119426.2190778275
131018.58815749863
134806.48275342415
132540.47828022286
114350.77400764832
125027.27465591556
111295.18336364733
128552.60017248099
121073.97840369078
114033.23480440145
125734.46614757112
96608.91310778813
117023.12475634465
139673.6855226443
139823.01353024016
126255.86012802206
120158.79330950488
111008.36357294384
122653.167336662
119174.60316326197
134386.276330287
123816.29930669439
111566.89224281874
103714.73491915686
130399.5380698467
111548.64436476557
114100.49694466799
93322.08567723472
117633.46698443193
126177.14872877012
91195.85043980367
109938.61521287361
129764.23872404902
115107.63131258254
121036.34146894359
114707.1063091256
133863.94222622318
134467.77418490438
119878.74635116286
100825.51771028558
108218.04992463053
102746.30014029647
118478.40402789282
142035.5369749684
119024.36114355069
117610.24408333862
124424.90203004646
130019.09566670447
129101.50729222443
139126.60101961007
110388.34031174303
124502.28642803623
118253.3931194117
106914.38072882153
132039.0052762552
126975.92364210088
118306.73001859269
121658.67531104779
103974.51961714156
114831.1752819725
118243.67334803184
131747.42594935378
109830.33245932941
118075.7735534981
131560.97404582
109966.57344803507
