129585.78805386479
109894.93318648383
128005.13056260519
132571.85809050407
96194.7348334376
135653.6793918285
103705.24901552316
145311.14699148643
109261.52492317992
146103.15324405336
113765.68532069745
124525.68311338981
123057.11504567442
117821.38513745257
107603.41257696421
117358.97234274024
132119.92592533852
133621.6171275663
127752.95737445222
105813.10224931152
128817.54315494219
115761.58662778612
117440.5036743516
123585.12325113307
146152.40806442045
119041.77666628089
83501.74096152879
126008.89340568296
124370.31864815191
122558.1009671655
112502.22410698881
135918.2680236951
112898.8376910942
111433.85594176428
130976.29375025278
97919.2244454354
114225.46990922255
128855.09130548645
130874.991698
135349.58270284635
102890.29241183819
123734.80860176077
117369.82327515387
118600.0244717387
109377.80268985753
131388.43288676496
120500.11658129685
92493.19220427441
113339.88487311018
127187.71242855354
112274.48633269002
127237.71860896712
104032.14042294577
114526.2400819676
138137.14951837613
123650.98583773735
121073.50331928006
105730.16600633645
139350.4060776126
99068.27887178048
117050.09751089232
115092.8368913995
95477.40604720963
121728.40049744198
92910.95075107204
106685.81160957174
127341.38940505631
101501.53345234646
122037.0922429204
121857.80589652115
131325.48183900389
110940.88222727347
