81477.33859695439
86789.86645389117
68232.51093507287
81792.30088852777
91642.99346582734
84050.39230772211
84920.77483336942
58269.83371781223
79795.78211025552
86046.97646845397
92675.55910364278
74347.78667145586
77076.1514259808
74655.39985673093
94907.79298040572
95534.88841494196
80107.60044204594
82592.22542600098
83097.79118912498
86261.02204226861
72224.28170927316
75148.14465626776
81506.14147814595
95977.46842013884
74502.68890718813
86423.51305590564
77025.08417245721
80074.26957329692
73259.03540388383
65466.7680893329
64806.28725203381
75651.23201055086
82737.11205120785
75559.89053790511
65326.79100094597
83821.07073503161
77816.88339396352
71789.88665163412
80530.55028507995
72612.98235198641
84471.12588926379
78010.55129684467
78883.18092213594
89115.0164298801
70194.62480501473
81006.6179881502
88118.26677804394
88115.86911638391
81839.22325915417
71938.19529284476
76449.91480773047
81831.28886689639
64503.57573459036
81507.65177331957
95716.84271935171
86309.93097973372
77292.77095505553
79437.30877965665
69467.0624235501
87107.93917219232
87169.40011371726
65599.72995537157
84725.13853699475
72571.23520172556
69224.05532519688
82752.83622438744
75494.82345161487
73607.82160898029
79502.66039434719
78566.31667055943
71596.59369363476
81995.92063847418
