72418.4562105441
71153.1900254215
77381.38683842383
64538.678311683296
74044.94329739563
73260.85445860811
73135.96008405385
67931.4424899047
64761.23629994901
72113.46978381816
66470.83431133367
76811.16171557958
69358.05120531301
69478.86468439904
69139.86087911007
64772.822464001445
67027.81989910857
67577.21820166592
60407.6995544833
60823.84990109705
66086.99820320492
75516.42449536375
57831.32364842262
59588.64834701386
53587.26751055609
79538.39007279843
59227.48664471684
70738.51387783227
69695.56153877945
70748.67676254528
69713.93389881715
73720.1074785235
72459.07310029748
61096.684207083934
82623.91561437573
61555.23046674123
82001.79955730042
65841.01940661285
63221.50730596252
62156.65783421837
69684.48203670111
68289.83011682903
74230.67452061507
75130.5693289097
70550.4768058018
79212.43355949572
72522.62219203674
79182.0464487697
72068.6459613999
62940.98424450659
61459.834538691764
67459.27523745716
64410.708792190766
75844.75140337506
66329.55140215889
73131.5192752444
65875.42136771201
77879.42506492588
67221.50455224684
64826.642026613095
74510.43381293112
71962.19958878084
60064.36831697096
66408.25517823192
73335.7913743859
55761.86114447148
67984.85490622804
63716.081609130466
62896.15169104565
63156.808733371174
70490.26050859546
75204.69383023081
