74146.5521511116
80167.17442294651
82472.48939312481
83464.51142933924
74506.07079313365
87223.01411992138
88576.81070033221
80824.58000037883
93283.07166917817
73558.9243596235
65576.7398263487
87946.01020928861
70096.93936858239
81393.33423520048
65319.186638463885
83785.92745130364
84558.45137297462
69800.63071766411
65831.83195101439
76195.32825679227
79377.69059946475
81650.64802840524
90581.2394511471
61870.69507432487
84927.03581419337
75305.60640875461
77201.42715072252
84574.30317122176
82784.18812903966
86459.45912821505
89921.56276993259
85506.6944702042
68905.7441243425
82537.7643590006
83836.68242580464
87375.18184505128
82983.37374351901
71195.53769088001
75327.8611487347
84187.74595395644
83985.41549715654
83650.23854132876
63968.64615508929
81997.48648272495
71309.89602840517
80046.66333305855
84293.81878430156
69304.3891561786
80279.80116925208
66637.57419067298
63772.36311201349
85480.02964390225
85036.40749199857
87180.61516111989
84694.7767550919
69629.27576504902
84832.16163292022
66819.4076995135
75248.08857308202
84945.38337459374
78997.93259731114
81532.98140954872
79960.91473198331
87969.21634211269
79842.2040420614
72721.67945504216
64703.36897218747
69822.37264527749
77526.18143608583
84838.85581708096
76635.08117390874
75305.2841981759
