76241.159661772
90108.42023380654
84896.04524699436
70585.4807538839
69335.49662977876
95885.00490723268
95554.03674045268
80381.73471957806
70168.99553049091
64864.63549679088
66477.63409500175
86688.57539395965
78129.3610656396
71190.03627494036
81667.45485753837
78076.92782588114
84140.20562200969
81377.23132154555
86309.00006607638
84916.96017579276
77600.8324657175
81794.20045687386
80300.86333344935
89893.21979437745
74943.62058698236
87385.69327681293
72838.60551448306
82055.62853931412
76459.90121275707
84743.71967395756
85024.37964587916
74260.5577676734
66911.73802799052
71154.35853043378
84503.03167944778
77348.34467238082
85493.96462672147
84419.59067252002
63154.78051643372
89359.46574127773
74182.67305722284
80895.95329395146
59938.394500334005
84225.06577941394
72513.13583555337
71973.68321783899
82052.03715121497
73052.01093310239
74934.42441274402
81228.30247791711
65850.09157157666
84267.67370396733
89704.46106605312
75288.15698164428
81229.4115653499
68150.85394419148
84274.0559219552
72026.56770476329
70686.94780959829
81848.04770271816
84420.78283352201
84891.50491128858
75042.20846953911
82333.17539989081
78950.27177955423
71499.017259298
80820.75653160216
93294.73521146755
71737.00594780142
63469.96283375444
72159.88945058582
83565.51051875425
