103564.47082491044
82167.65142488349
98999.4691840483
88539.0923491175
120575.26730386421
102543.50538593996
107801.48170766297
93226.60742893492
100751.61640532035
85898.49935130368
113984.04971566857
107113.10069907027
71584.1458067642
102178.27154527906
104264.5669875033
104966.89494334943
92009.04943117795
112011.56512117738
104958.29707933978
92808.80091339548
119657.61419124817
99626.74666737362
89570.00752384836
95608.10158571874
104555.12966838811
108133.36891319805
93266.88217640099
90919.7969446121
109768.88462917431
90711.67808148976
106110.20465225008
90484.55161292572
91757.78604630633
102932.18940072591
108175.98453095285
89519.96779261308
104043.87013201066
92105.52363567395
89630.04943465347
121406.27043198636
108834.42480868397
107154.2846223384
90616.15621302003
104306.77957895146
84768.54575364561
113742.80803150915
92496.85728270178
94521.27643989123
118666.08411765545
80808.49403222057
118181.56718129708
83818.70261767055
81124.66866214821
91996.11706901854
106255.68388600071
109988.92725240617
108237.66315555235
99374.79480352966
104433.33572853333
106823.20282764471
117152.79073155845
113252.80246925831
99216.43549768391
98955.6430305592
90407.22765002567
96720.16167079812
94266.41714397304
99712.51492408088
108099.67991910361
87504.5727273287
107816.34641224485
94671.03765254856
