106535.54192427307
122865.08425038375
118928.30696470701
116040.03688322051
106764.69303414253
115398.80784004988
123960.35185770752
147350.75695052117
113028.16171486283
121884.7341125317
117444.08614028948
121974.43448189578
119043.84466205814
123708.91476538026
124512.13205388741
104322.73058139197
121685.10239582286
122304.99493785361
122871.33043172494
132762.6459772543
126792.75085783743
118187.2512750986
113228.27077103304
123347.8477901771
140792.89248644424
129654.54396679421
126089.64559388882
126723.45634720378
133549.2132110163
112825.6127518151
115234.89122744818
128992.92514329527
137526.07829505298
106985.07686924344
107389.69501882716
97912.31317567197
112202.3146414916
108398.76703216194
130069.61842822736
126823.14322178677
113971.57969269357
127642.87360042136
109266.88484417368
118675.9647947366
115904.16788274261
119767.84183870452
107888.86403670367
124244.63358272664
121200.80119268235
99665.34506824151
118244.87417697099
105922.30213264021
129552.12558470752
137476.1361298131
121063.59532018159
109732.40069997699
104359.45939896107
103793.89615892124
114058.12914220942
103491.16360328358
124191.11344788283
129505.80913881901
101220.01272075571
129190.2535343798
140833.13918199344
129659.09170622655
108077.44885307486
125612.64065120637
131106.0814252954
127390.30729916558
108913.48321785097
121787.53796530365
