106372.12325675436
97800.22424395203
98933.28509164568
80813.25661768639
92658.09875853501
93917.77237944807
90318.39168396227
90078.32878482998
85606.54916444517
91298.21614500717
96817.45380486394
93752.54801263608
88951.58500654926
120346.0420553444
100045.55843181258
90716.2515769784
118521.92048323485
98570.20097552943
110995.6426409225
95401.79266539212
107101.42261017754
95317.05360588299
116255.2302217456
114093.1360833373
115813.75449968799
109816.50582090238
124921.21390654698
111796.1338701011
86065.75752643266
107925.20898206366
108195.64206134953
99290.22833135452
95997.1804679726
91005.26425260407
102764.56818387567
125071.113806472
95628.13520668805
106826.20773730602
80706.54257054329
122754.42101367195
109037.20583761414
82982.65095602484
89368.72269236932
102271.310903949
78022.96278638154
109800.53098202056
109922.54685993359
119691.1516779733
94648.18975706908
97093.57221480555
109612.68379224662
107977.73778071093
99712.38459033155
111717.6541423829
101885.13787486104
90889.30844349934
86883.142826874
107285.4921188038
128781.04509584722
87046.80199632137
114303.17288884344
105622.63652382069
99277.84164971623
113690.74628719989
104289.93959699669
101053.79594964947
108706.51815287642
101711.62826235969
101260.61224996998
100021.98344446
98842.29511821139
105133.84560349879
