131357.4301679446
117836.09849206301
127948.5191781166
120182.74098503156
115993.47820948955
99510.33597861926
147437.58358023228
128230.9385958401
125853.95421956046
121876.32054376032
118129.87655699719
123712.68443565202
124964.49498527001
117966.67334394442
101927.27630961487
105149.9280411006
161030.4287522383
116128.00899057511
137776.2742498536
89472.27115490373
123091.036727105
127715.22622284904
126121.51269691695
124615.00908837232
128547.36874905117
135106.0033378139
125003.36904982371
114493.9389789156
135028.32789294174
118907.64471412226
119538.95967379506
115220.15142923762
139118.44576981786
125544.70074684417
137909.56789896643
110519.20140143142
112676.25901176505
100992.47758521923
116232.19287168035
117997.78091192427
108482.66274865222
114789.48078677675
123704.66627187311
111658.70789245964
133329.00028125278
116168.6274085532
115620.74917415841
134858.49292461653
117912.1302673949
114250.46583439618
109982.72418582368
99738.47840649729
127241.93825106359
129708.59063410522
126902.18279862408
121181.47021431699
152106.62538881853
125234.43106747228
110294.67776198337
127695.30279302044
108743.37984575062
123698.93673149237
86214.7236511008
111842.44508587502
125925.57742947146
127334.37342240458
101994.55443956569
123667.13912302848
129513.3571408826
112718.91097111098
142153.2700160811
114683.6846597965
