35473.93280285281
30882.495318789315
29402.187665601185
31069.25610832297
29855.096338722935
28091.367280690705
31113.969199184292
30234.391099249046
29539.052074406885
36120.366214945076
23478.77790114537
26633.181849888853
30467.872303131837
25646.553642032504
30646.448398174012
26052.214083170053
31407.450853168844
29321.498209964582
35748.09317859519
35617.53968571477
35046.042140616475
26572.707849378727
27417.71040618233
26862.5658667137
28066.094076914364
27240.68140307186
26646.794098666003
27827.434130150345
25510.786489674272
26989.07649756816
29375.65978996334
26627.09828903376
30990.78628542777
25113.316507001735
32744.045006649372
29841.374839137225
28017.988116053173
31623.156534768936
30199.402275275195
30804.91140582676
26920.9328781772
28646.100827290342
32447.466684555842
31702.658450090745
28024.739641154374
29801.386544357152
35497.64273085904
24465.330898218148
26263.041417980017
33939.64752347132
26446.217115755084
29074.64224210935
27469.31861212325
30416.95519227822
30758.311398102913
27074.30706585514
26157.31657181871
31727.74495780249
30099.87277879983
34629.57357699843
28142.43835981646
25619.278061011606
28960.865184355855
26680.470235156186
31735.809990181242
31469.812409380713
31951.89917812245
35546.132325938524
34972.793238256076
30335.279593395353
27771.903921931673
32766.08073005351
