115964.18665624193
109637.75386738079
137404.09380869442
122729.95240101914
111098.01442934068
122714.97992885372
123386.35460138744
136830.86887987558
105637.5076101274
131935.25053339422
116936.90340294497
116458.68289308801
113250.04299070666
121958.483150946
112256.54032054672
124638.51441479576
116798.44162444722
115388.66173036637
110951.48058808496
115667.47750569996
127158.21059381578
107429.4465344277
139970.3323189786
103989.85133907858
108100.27334013098
118318.55803443135
103199.0489579753
125239.41057690859
115732.04254427868
124608.34556590245
97699.55124018325
112754.4576546726
131486.37397101775
136578.43986894554
124943.46273537385
111798.6083996209
115596.16833341026
152847.08349998677
137451.05932004828
116915.23759155022
115858.6520787299
120845.59252504553
126675.88374416185
122931.574953058
102191.40904146369
134169.62268647808
115063.89912168834
134830.58091470235
108435.15874590504
119692.32320777954
98821.20881887515
106492.81314356092
123513.82379488793
126234.9595263214
102333.68212484922
97633.45570517765
116070.81137117122
122040.28686079841
109869.35487963296
120022.34264032084
110121.23631043662
120056.58267089633
118518.25347771535
113253.32972080476
137083.82720272534
109568.15575665643
119569.17429816184
133191.82225743117
121633.70569557663
113628.75636354758
123815.75500619269
128201.99015545202
