70341.99661059935
86531.31012122332
86208.21227786929
84985.63043891962
77093.77852266
75673.99574763927
79473.88118396368
64047.9492447213
78172.94871067394
85719.33598490046
76949.67661309366
80732.98792462477
76709.00932759941
67674.78058627999
73810.36632786132
75774.98076004072
87514.28036149337
79602.84264137376
87770.33237092335
81554.63101781422
77352.46873147496
87032.8161913951
73615.07656561227
101572.33139569369
76228.8216226562
73700.49333700826
91754.70052296593
78736.89701826028
76397.33940908346
61735.3356912032
80556.9695679678
65985.57824662741
73019.73851387667
105408.31853675908
94763.85425749073
82145.95392568296
68650.41742042218
70369.52366601853
83316.07404666289
75882.15860728908
83036.11877636479
87118.12105418016
81074.9575297038
74552.1917952536
81403.1621687975
69161.7110312722
68882.07324571503
76920.97241728069
75823.06560048615
71847.7266643455
94597.28086331885
75640.79547181021
90461.1582662104
77179.91150919946
82410.37048331513
81997.18200715579
81196.05938529059
88877.13175225983
68294.07974669879
89817.7385633256
85484.50350388046
85999.37235887417
85466.41619501257
71321.142790281
74491.66444059729
88252.43591809846
77696.2524164042
62331.05755671323
83555.80592140958
80657.89457322171
62925.59194395026
64946.078036663974
