27969.79237152573
35314.00026367604
34465.64797089883
30785.265189258345
27743.84322722945
28085.706890907728
32370.698953442956
32376.91629457498
31763.548713036114
33616.60624449277
28719.739249996674
29917.979318100934
28564.163631933236
29421.546306605986
32436.70882097335
31926.856412022193
33499.59676364545
32829.47183604902
29332.84714932249
31181.321720907385
29702.149619947646
37110.09912436601
26013.533947200212
27341.757405945616
24819.051658167893
27798.44291090466
29692.21989878126
34079.587100317876
28627.817089649725
30204.7987824551
34378.281553048575
29850.261065573286
30719.252571628567
31897.095541900668
28870.495605030348
24919.604957374362
30188.47220376146
29783.224987566675
31171.844516736128
40254.67911792253
29080.485129769586
30157.84798477804
22460.33392341293
26652.351728132933
27950.29604019114
31536.447659794012
34528.040094451644
31672.237544167154
25023.896826586755
31835.99905777274
34330.406239264026
27669.782403539273
28896.01763480814
32876.50350182041
28232.09342501118
32898.03138286758
29723.975809228203
30812.081968122453
32064.691771998332
31616.3525763285
29341.812134765085
27137.85706802958
33603.73527212192
31569.06812344516
28612.432244756576
34860.6368933183
30412.138069057168
29990.09944133331
30851.120477925408
29012.3185880876
27334.175723055887
28349.464513258525
