73289.61460664748
72536.97132846987
68356.87180280841
64514.63196923495
69982.52993066223
66748.8824034306
61559.084293840664
60557.665884643815
79675.63040206254
61770.93430788317
77480.92665390627
74181.97848165935
60511.280690294
62084.035935753265
68717.00748523488
86492.4929046484
79876.10897833128
62738.47454439151
68201.69114660565
73955.9488831273
87116.499132282
69522.64196501534
72304.22801576152
75377.81373503795
57258.601240668184
70021.0941925803
55471.08179922139
65545.51168148746
68247.64286277354
69470.75382478411
78650.75778722132
67004.25052022019
67091.30888262887
63123.74179136414
55923.4014034339
67720.41513336413
65752.39009882075
68600.96703001969
57471.87389298534
62237.022064324
65458.09215319765
59193.12571054488
74410.80649593176
66681.69697961216
63356.96760246884
70978.99968232361
63809.01083021063
65156.97291536288
56900.07819267916
80972.26509071341
55618.55583803223
58221.539816571145
62985.40544832184
68777.6344635417
63222.42983497934
61687.01490346351
69195.09977215221
70097.4421840351
73167.51302328444
63022.561769343156
66057.88021772119
68212.20690880355
68650.60555988719
73133.08376895085
63018.362308113436
67736.71125680221
65717.86036423818
69387.67847646574
71578.57042815325
76242.66798002941
62031.73369484233
65842.7910865981
