72540.51012100898
77053.45861134655
76620.70033886925
55068.863225877285
81705.23763067806
61965.14006775709
63645.80304665761
59573.78542120261
79186.35743928966
74607.85510348128
72310.05154691846
72956.30674897681
65611.55347199811
64264.23174284463
65429.36668487671
75336.84124612334
67586.22097306538
77339.8191987012
77016.30916177706
69438.21118232749
75933.77660859408
60054.395130673685
76257.08943906694
66233.49630746452
71992.03432880981
66104.61220217933
66181.07121540673
62854.70611337453
73825.4623155836
62946.045763911636
75378.32292590216
57794.74030621404
69335.59705512572
77297.84072205459
66049.66443199536
68942.39327722644
69741.04937863674
71377.44143154217
69278.44308063562
62325.50864933239
75806.56776211674
75446.5093120693
62810.656648157725
69370.08753461117
74102.01608253854
66506.0144492957
71878.41275019263
82515.62427304177
79286.80767373329
67966.98195978954
62627.64059834104
70703.02232197748
79368.74420427292
79746.46911455132
70370.58481548897
69226.87885744458
62553.49802216485
65037.3525145302
85954.61527758758
60147.157943379876
57241.04568414528
75492.58824305312
66833.21193517784
64199.55041894197
69900.54280851393
70145.66514684346
75425.12948140316
74656.6527899496
68838.32627383868
73286.16408757822
66041.7941005317
64555.151965189616
