75910.3386416502
60250.342602875004
50529.05066813303
71251.7695035955
67592.69076130117
60263.39222585757
52351.071144439375
51608.53782166152
63565.24808642587
64045.878340281146
56702.62529300684
54712.27506726682
65981.1805961079
62253.18567416344
52033.54175657279
55783.53632201612
55672.7551993339
59623.468381943785
57814.83430456642
50709.02847247412
58175.872244642866
65561.72999415737
59154.65809095218
75152.75520131047
52058.3574359397
52445.01196024236
58205.630543268395
63099.01080979138
63412.76972495687
62918.88330950225
54907.57017815649
61158.1239949487
62976.27582034313
56643.5317062798
58014.13562413465
67787.65070398565
64061.7261242865
58378.99447632224
54341.49240983079
62555.59117006953
60691.943314468306
56147.60660713838
61694.27832838887
51132.97119583079
68008.41263089626
57757.858960969694
43257.36128071306
64538.48008450203
54026.17515866647
68943.0825682504
52805.82487217265
53992.16673685939
62665.184038729756
69729.17360130535
70712.33387222969
64726.668643974815
61064.43194265875
56963.451293919854
60314.48036481939
52813.218354476936
61654.14492999187
55064.09231404907
49862.245044983545
64483.34543100201
58287.427712840676
61569.44978940688
51918.56686221881
56838.40234742049
62301.03005554073
64070.592262927996
60377.830535245674
56192.88569046849
