108063.09293287502
141795.52956675686
115743.13530911414
132857.24742983896
134351.72615160636
138718.63620727236
116155.93446341716
109194.53679932414
133211.12540503973
126437.7536704162
110447.05809044378
114802.90011809234
124433.2607812443
119834.46104417046
124473.68605704192
143157.04577956483
109784.95748361581
102538.9054785664
114549.96736443289
120661.62280655988
113090.34106075834
120542.7362492204
122468.4268706771
141547.0938728754
126122.11914259833
119662.47460423603
125607.191640748
142399.50212380895
122936.86828945503
126226.54329121478
116575.58254072105
124083.1218523561
126565.73311612752
127179.80391155215
114589.53063307623
126136.83568052783
126197.04422759492
121057.55600808072
118615.22652210368
126762.84910087021
127801.05767733396
128463.52209786995
129069.3943264919
131088.18536619528
131099.24472934302
103580.36810031912
121385.90154841464
106878.62916091563
112437.8798207967
131066.72274870431
110865.14194155714
107546.93327203105
104684.51590555691
131373.09400814553
118586.84219296294
126106.25487500738
87779.18664352834
120713.43603000195
109608.4320792733
116147.6592895073
122830.20981708812
145840.54856967495
120024.53009871657
92463.67142914134
125335.94338463848
119728.3085798041
116031.81500673623
114908.47390761651
111352.76449625911
123200.03973557067
126881.69575296268
122765.04658271086
