104842.19133986664
104983.04449996795
107306.67511018598
107169.16310265927
120411.02279873655
142422.60884921125
94731.82535145119
106186.40091549602
107238.10068855569
107862.17977813308
125505.1508651563
125033.71559161843
109532.77229740472
117818.86204486217
98782.85171550573
135929.4029161603
112382.98172911943
120654.68576451999
105389.4352632747
133231.79696380926
133257.2491602281
105357.73236754099
135608.0417438003
122604.25394803962
125818.00000649653
103814.35354653333
109047.47016379797
133243.0147384515
138687.84140578136
114053.79069031499
110596.47811177744
120126.4182251206
110064.04736987723
112578.18236800279
132793.18854553674
126733.47828443484
127751.54415865352
119164.71717638196
116251.31067932612
96883.3719733725
122800.90564902933
118711.21244161726
142291.28883824943
116742.5992732904
121873.22130022342
133535.47533461807
135686.31811552966
110758.66641124131
131704.25089279565
111093.1158031887
108425.5053250875
132736.03765614188
141870.4574726813
139616.5589419451
125975.00804627352
114666.80107795843
138040.70522299092
137474.03147550495
108158.86071770093
119046.92912890704
119366.3615716881
121188.40295030859
137954.50681212786
125302.34707087291
113177.72271846503
124358.151931837
118902.04320758983
98290.73566694376
139780.9269891696
112845.75750996309
96741.52057871486
113555.51289901548
