27552.119008393038
28902.39843255773
24094.059420061607
34221.60115789768
35612.187671757594
35358.03112508753
35527.22357919557
30890.286592319644
31044.827825015574
31385.26905894869
25581.150626377952
30679.457676314607
29595.281536455986
35475.746885020155
35203.234476187055
30598.256515127974
29276.757406440393
27896.1197320084
28262.07540192365
24439.274720327772
33858.294896997446
28985.849267029025
30536.589997985502
34321.984824787905
33288.65726178121
32398.682247041772
31089.60113132992
29010.434270361686
30541.164788091533
28862.659729600502
29757.657178094858
31954.078937324983
32290.622598101374
30590.333736647564
32582.18676992862
25128.072776330373
26165.819241624158
29966.753462604822
24287.909252759313
33163.936178136035
31397.146840585432
31157.10654121662
39115.43914712136
30334.271082926123
34895.647856768155
28021.90934430086
29513.72623423483
32027.436851114333
27923.82702002043
32648.43668005922
29425.36274629133
31427.641188006244
28877.28968565651
30752.50166903954
30447.61990699118
26513.07862294151
25746.41980180514
30339.327800278024
30550.407616279423
27454.480445261204
31491.66440271883
28955.38884261458
33197.1744824146
30363.82531308708
24589.733032093416
31400.924716616406
29799.249133527464
26964.53318739847
29061.927716731643
28693.39094753579
28454.362023523456
32382.603445045843
