92068.21054858265
84206.31585864036
101883.9227717172
82152.22343045869
109314.47043596966
112598.96637014279
103048.68857163627
92086.7735053694
90618.56384106494
82876.84538871875
111789.88511803362
97611.94300240498
99624.05604171439
103711.03416271968
97230.89505186891
101750.97289009254
102074.72540267649
96445.642086629
93180.9044354253
108137.08336286384
83742.99847019081
119576.20466023218
104280.0277787511
101517.24041648902
103462.64769502917
92391.82079344848
103045.97115336293
103199.62725094923
99867.66128533152
95029.12120436694
115233.51438128477
100637.52947833744
109951.88249401723
113672.18798056633
79321.39880193483
90582.61429324045
109992.51033533772
97874.62420191211
104153.49203454946
88738.54692637602
115637.40976219001
92930.05858630688
86232.86234789263
82702.12737062167
107745.68617825217
101945.06554025586
82880.48521481475
103881.63973839111
105418.68139822144
104721.64275295228
106317.75295094945
100824.04583181728
80878.71663566372
114773.76066264648
93729.20495121641
94937.19338180954
106414.42777472154
84446.27328258242
98928.890630433
84280.7271173013
106405.31834860278
85686.12527915624
101144.3831657731
86056.58310750505
104436.05110646879
88041.91338969946
116552.50635793689
107986.54177451365
115096.40812937442
88844.79303299382
114787.61641290018
99725.25660598422
