70662.35030438313
72781.18272867802
82130.56793328532
69327.87565915249
73691.37992640655
61772.970844215495
74375.19059026163
75606.16948894408
63071.169721266495
58559.17170237369
63818.20492121845
70513.65605493107
67117.50700051534
71128.14785467627
57869.37187543716
65256.919217866154
81909.05436218956
69892.9149306066
73079.53381072696
63506.18354418024
72822.99378037236
73908.70188157691
69532.47460010591
72831.17930268982
71822.7012109984
82637.00952051967
72797.90925339854
60098.60208403496
73450.44800000389
70202.14588101985
64364.666325096405
70216.5360643802
69370.07084855976
73582.8768501573
66520.51105481888
75891.81605927798
58003.69267027637
72182.6489680273
63409.069703976464
68955.73430394071
72519.98302315072
53597.41474645231
83727.67941541321
87217.14050331712
75751.14305085006
69267.89254574863
90082.38155144248
69581.30749609105
78026.19484330146
75322.2235981362
72566.1661551438
82564.69691918265
71679.30913459604
67669.99550655976
79705.53204859969
78822.02973059735
84582.09004423436
74404.02037392123
81197.48692736351
66615.00390885709
67162.64068190221
72581.82192025498
84192.06237139103
73732.33000633806
65076.82177903363
72371.30205235218
73726.35417727778
65464.847927041585
71511.0376346392
69676.53356904438
75512.97168720776
70401.6156217687
