63225.54661842625
67344.07407272112
68460.86084050819
57089.11667606322
83271.71525515117
64132.67386039982
82586.07269096201
77964.1729388171
80134.10196670443
71318.07413928598
67005.0039875748
69476.57955407503
61983.22489798493
84876.9102377089
77619.39044408075
74449.98136669045
78709.07369536058
79910.53777742862
65660.33974000756
83795.31059272033
70905.15530057847
62608.140173254935
66042.51200653991
76738.9131588949
74120.727778768
73482.70554117512
66528.85240126154
60929.32708811282
74962.03156525664
62082.76010786442
61194.74576577996
68147.82054334898
76207.16643675182
71487.22615195073
77396.74934210198
73842.59775759194
62188.12847973488
83519.1265078882
68329.34483074771
82450.73848125717
83678.54620451825
65340.062567915345
63603.93416089301
62317.53413336204
72549.89817736363
74016.40522924323
67259.65159663581
70424.69556470813
70207.89016571535
77496.64409345575
69576.46228189128
69830.67840244122
70618.59781814857
70893.48148154595
65917.43951387015
60696.09874010914
69425.09272793424
69867.02484741468
78226.61182721729
77181.81437456493
77979.7073806845
61140.73872383687
72766.51836213637
65039.60617126509
44425.32423339704
62191.25445516384
73570.88693700737
81624.89706725518
79592.51999827089
80055.70814923932
71596.67526871382
68505.52486686656
