101403.280169068
98480.66049541102
82665.21482112879
108091.84462356627
122567.91455228
101063.18375979866
100573.39441472063
96789.87576748607
85606.61032711854
104939.70636002746
101599.58399115088
115728.69648835318
88618.25020107796
83075.8279042268
90429.82837840485
113478.64817267196
104085.04191523076
113545.38698502452
102438.44721110577
109713.7303213445
116384.95688729918
87807.74783966267
88913.54866557928
94039.4086808541
93756.39545498023
118000.46274519278
91045.54070786297
91945.67236886399
92895.08594314662
94389.18508494868
95721.84531189196
90748.67443699257
99827.44663141861
97783.12645572428
91984.0235119468
88374.99162251953
89847.27288152702
114524.75408814829
100697.61897053263
91765.80135043766
111633.4648239145
104817.54479510519
95996.16797112802
110361.52164107238
98353.62793730208
95002.0288042597
96847.01471028384
101528.43954392015
98305.3274252184
99375.33360095005
92952.10337204637
94796.01866876608
112856.78292231432
89864.96576038685
101054.38635702922
95563.76862811862
98300.18564592671
90983.60386159629
100066.34419566549
102867.72449102232
76100.28436454054
104318.48295846957
101385.8756251191
108438.75289707987
101377.80408498422
101311.0808482915
102371.24262899972
97443.44764662388
105992.2767445587
109587.12586018095
119494.62442361692
104192.38671467286
