59925.942536789065
53641.82860684419
52825.856897338075
64423.09807287977
50856.05415963106
69816.69975509481
59203.76629066721
52881.44096691051
53274.26954513506
54788.937479716435
69139.96758074612
53472.941939553304
53836.50096787552
57879.866455461146
60644.44412889346
66244.71074239502
58616.46452769969
60187.506645396716
61023.97500704719
64858.04597292598
56543.833710081606
59944.18948877172
56145.737593401784
67589.50674409873
61900.29860488135
63548.02764067434
67753.25777944092
72134.5312016167
54354.614759565986
56556.82306594264
67285.50359026267
63918.50146648299
55355.86896459349
63891.91548214429
57884.51454986425
70575.6403961552
68312.99536117128
56836.638362881866
74206.52647205678
59475.06113206326
54457.1177710017
53798.84927498855
54781.20856142987
60325.13732538439
63420.79137863554
52674.34454870238
60127.35514994511
50346.97918288696
72842.1279962003
51454.060702185256
58420.188654333426
61941.99578651077
58645.222981768595
48976.54652805661
61817.25188264897
58082.50285955673
61970.27394785958
61164.297538184306
64565.822689406996
55226.365066020786
58756.83897681853
71559.97808952274
61118.12637736763
71227.21722329808
61417.08192585981
64366.59889754104
50785.62186316709
59865.01910229248
54523.66460552841
62528.07594074792
60758.29161237423
58938.937294263524
