66646.51308095183
61717.07128542371
67757.42289308699
66008.95453935377
65669.45543718761
76275.24563691315
55399.798456873745
53938.02579370621
58319.689670110405
63861.21991371328
50560.51073850329
60184.90555261792
57915.44933877164
75340.88773730038
68718.67743208785
60058.44144025023
56048.161125878774
55687.36311116167
53585.470757860305
58441.18054788718
58787.9845380525
58256.806147195624
56210.321956581516
65401.55766991411
57372.5403746431
59111.99150663527
56944.47229773572
69174.32393174055
57231.60010828616
48375.908920641654
62821.22125234225
58818.409134046684
61748.58560550709
63500.40007688621
59100.32365126477
59398.854674829105
56777.47054954638
58225.6821492595
62603.46412084445
67417.67299981578
67094.5337277305
59629.07557028863
60342.830955571124
58332.33076221012
49049.23767150123
56852.7229303175
60535.07523697484
51857.462361879436
55004.36349673573
56410.73207629224
70981.8593781617
53580.8103224224
59281.22311221044
62869.83072049736
64702.93768550975
61479.13264308108
70573.59980837829
58068.55676383982
62048.882274096795
62102.14332536709
54532.15035788384
63502.4924733841
58117.35844544245
68826.09037180284
52542.48606719036
58336.90257000185
63231.35167112385
65774.86509810995
64562.060405830925
63898.39259529554
59332.97280766349
56359.00050703459
