114448.06738825722
110490.27286277038
109048.2791819469
102306.11993377675
107584.67159907355
115173.26432776095
139810.90278018263
136410.76703069292
112717.20082896532
118590.92535748439
124845.90822576682
109175.8777362841
124421.85020518566
118122.29989142632
104188.071822377
122648.97096808298
126703.1564793696
121668.0849869796
130578.41698019953
137441.5226323454
138783.58391100078
131798.20626216714
99496.20073036758
110322.21356692376
105093.44016702498
128156.42189540206
109705.35086935818
108494.24726304691
114898.87562036447
127381.84639645966
89193.24525188423
141161.34439869854
119709.87205368001
130274.32640636088
133869.1539453024
119071.24214464756
133018.42999390967
118790.4538196895
111446.42224110362
130208.53229761681
112488.85606003644
126303.85295675801
129286.90054888205
111432.42579768552
131459.9086518835
116561.25862823255
126790.70773639323
113539.4953609232
121825.8631397535
141389.69415715983
145665.07233584987
132151.60534963544
113655.85355359515
133353.91134730593
122111.90269784858
141779.34338027454
121857.51345064095
128195.72056320342
108782.488824018
143666.7234590291
137530.29061434796
111300.77169479526
90770.83745500696
102472.49722331383
113744.34139187592
115120.42850600593
107993.7929288536
116271.53460299122
151305.7720896982
122182.121725025
121092.97150213613
126152.22833479871
