115211.60965940598
107207.17269246822
130411.1417219951
120494.81456664433
119938.42724235755
113477.86564485345
132182.66757091967
108635.19255922282
103907.46305552579
120075.92032176782
114129.595422903
134731.63977556588
117187.86287675044
137898.39410108057
108993.05062439872
125102.40490478321
132437.1105843259
121936.6996199642
123228.1035443979
125659.16880488957
113922.16507072184
121590.39007469718
107478.74564981426
96069.29283801897
122826.54802854941
132163.042174023
139240.70315785942
133145.2559574169
121152.25967925438
137858.96762857927
127568.65005099987
110839.22150446994
134554.0280828601
131402.73159247084
114595.30682425921
125320.24334966442
115959.31045103485
117315.53495752816
113439.9282253008
116637.34620064567
123653.42982490639
113016.20944155622
124472.29475909381
115506.71651515806
130133.49391033105
137603.8619717816
123213.49354319807
127301.79892783123
110393.29187472191
107378.7037285901
137784.20948132264
132429.63803450848
100427.00078092312
113409.33145083414
104736.63450908147
100982.51908873844
140717.03263671265
121920.77783182822
132045.7933499118
123102.3052621868
125661.82663502016
158179.9927744039
107909.58042663599
121816.32444361779
122987.62066590687
104870.8858279951
118335.444598526
127004.14312163502
132249.18268450693
122003.58680010785
116516.18504285725
126367.67686137826
