71359.87350125742
80385.77918497342
80231.40394465525
63935.020935041095
70634.05238291463
74444.63095895463
71080.50492438528
81992.37661813654
71035.55320065632
68819.06987286263
60553.84925998031
65360.65586180823
55850.43009484169
65901.63487671345
66779.71007611774
68652.14800878259
78141.35748455433
59051.40101554136
61921.99918548112
76812.07604195853
73274.65649815011
59985.67930277365
74662.14460073013
82044.83886329678
69026.50977112225
71452.65874990767
66987.88939775192
69847.17914682503
81828.09507134234
64946.06795434781
75135.9998268358
69295.01778698819
63636.51009766359
68228.60244765868
65865.33673083312
75033.08249651859
73314.54136262227
56344.996157206675
66269.96253496494
82547.84393496234
76333.71122702755
69517.59587676314
79877.81170590647
61211.50506239835
62002.91232652099
61337.909948156135
80936.03773059473
75415.37989353864
65653.72749801785
76391.49427695424
78124.40828328193
71621.24941507526
76158.67891095369
73180.89158287308
68540.12111291631
63522.50783798341
70463.29357046665
67280.73331100054
69101.0568357095
64045.8143926532
67015.99076890254
70027.68021346
69369.59429943867
77570.47148525289
67835.58504076248
69153.08178764016
69300.95443515941
59238.53892708056
72656.02890830199
65220.49071854623
68668.18707330115
62364.3567517134
