63816.77625684061
60063.285383194605
70558.6926746114
72711.01100040476
60987.63633126619
79330.08012620223
62852.53845704309
77160.62531288643
61843.626274619426
79195.39019657999
67463.94084149282
65918.08241353446
63456.169852969
60219.01115696913
71885.42489071129
63030.24496427314
73176.53928169512
65104.95650534349
57081.44910332662
73553.61457428808
62525.02002780544
80485.57601918175
66403.86597031377
69393.82697253606
59894.33674479616
73568.46553648646
66320.33051083202
72358.0046404115
54094.23291703403
82662.22521705383
59433.896979387435
71970.27606901589
65869.13264254185
60768.68245659183
74755.15264327532
53682.670271716335
65699.16687063871
65948.24059474003
58656.60800161382
62817.43683731925
71564.39845427338
67857.32709922548
60907.4030627706
70437.23335529442
68945.35976294482
70484.34792255677
72429.8292106096
65150.59277719315
74872.9633774641
72641.35629171174
69079.2486990668
78000.3820541176
55761.7999121833
72466.49571219643
66031.13449786227
74845.72851822006
76850.32519021493
69450.67585197925
63336.651911843364
74519.35592914966
55432.19569425344
68800.10414122687
78584.6326121598
62663.26854449295
60569.30885442373
71563.07690951676
64754.84594112564
64054.63603321259
70623.70083029808
59754.65410982572
82897.58024488123
68426.20835314936
