128376.61357007475
98251.3695998048
127293.2072879584
137836.55603011756
132684.31827748034
118672.68650619277
111222.44550898203
124382.10415386326
118829.57463653192
117966.06912505522
109504.10687034256
135758.91836980532
116058.46581164212
119458.3979402698
106465.18861005802
121295.99701546191
127875.13127881358
116102.18684253527
128019.62165079902
99003.32908354235
113517.02009839982
111319.71119184258
112976.02564145152
109889.39287908698
133037.3717488104
118409.3344106429
124389.95380112437
133234.48826323383
112014.40479536215
113402.69523204908
140230.69099466826
139286.35938924577
110930.20676565437
137230.85860469769
131831.4333462041
121216.53513229072
122385.46791279492
128153.71624942988
124150.05879498042
112025.0289657501
120969.47857551184
128258.06887176241
114198.47408084008
121838.16495148114
120075.07267862376
98106.95532429202
131067.95018080292
100603.71858146683
118834.99265386593
144827.69638810135
114801.22438724854
130457.6563135816
112403.19396870116
115157.58696458134
123644.59850782774
125469.04891049505
149903.1078066108
92727.25340603116
113148.81967847113
121843.95526859554
127129.085378118
130156.46315059593
118468.43247038263
119000.76254176686
140782.62723950524
101508.22379435663
114519.33457030103
133405.51926607967
119750.01382478011
105194.1796709003
111070.48269240702
125528.75008451413
