99291.68542570293
102460.36983668647
104582.79048957575
71350.02249229468
94024.8606423572
94660.98300458143
98898.3174288225
114330.27026849425
120175.00463357105
113460.15543837416
98860.37785925236
91823.90366343946
102488.34775527955
116243.81095848784
99953.49089047995
93485.64805321422
111649.46619849966
99209.5279976393
108948.76569943315
107354.36687161979
82139.35322279812
99199.31248686486
95432.53935477564
96102.66934219618
91380.90333040168
86562.38335692209
96379.56457801368
86871.33446610451
99944.28650663081
94439.81212336183
104000.97178245496
116193.43399722311
101678.55115261422
87958.9780286471
108840.70748257279
104885.67009634174
109960.94968597255
100587.70230848718
80164.20886685238
91152.62484111977
96931.79282757858
105351.07295207524
82827.8892772409
121719.34555450742
106308.6393621107
110877.8594621691
100153.82721973758
102245.06905527857
105141.64346787138
98397.58026889845
88537.6025803548
93786.26232458247
85362.69343293116
130891.62708567377
98067.57353206558
102577.61121725393
108709.27622258857
94070.50818274813
105359.99505784137
103393.3855636179
96676.58200804322
100452.91577994666
113503.40613831175
96690.15280019537
117027.46847979755
110272.3889621484
114771.19564840497
93543.50027990079
99348.28472112863
91521.51364667577
85488.71932251858
89147.54718329174
