92872.67200930527
91803.2266625603
95031.5475384649
111770.5817042089
95400.19736999866
94724.12056344238
95861.6754119772
109712.07263517784
102047.42822115077
100699.40930076006
104536.4693310649
71820.55322283713
90525.95317791465
111754.21038299098
114472.64970632512
87888.32628312928
97023.86361640332
104863.32055371368
90441.65914332528
105458.41829529972
106269.89401656923
98785.65721546419
77636.95842048983
99208.40697186618
95458.31934156334
110318.01484141484
103198.85487459546
90241.265000026
87657.88213123649
97304.4637274132
112018.2815276503
101638.87098140585
81011.37599097757
95471.733552897
103178.14678643545
94738.99301206383
109981.53495484628
105087.05837325707
95116.9054502947
104099.37475933484
97991.73716899373
98177.0662226005
88477.8739339008
89657.3045355028
113381.154115091
90792.28417969287
112103.97423181884
111305.75686719295
108134.3697936908
81845.68006332743
85627.98527207058
95158.85975417396
96764.52097369422
112696.56716475867
80860.33018175364
116487.54464572067
100269.65493290087
102291.67530494658
101325.71908691448
104120.25515189904
107472.31992881939
83865.69987068922
76560.22820849967
90511.04926508195
110344.62101174438
97384.24023089347
116682.68946287321
85718.24256341036
97102.2065030212
103022.67085275125
90240.91614364447
113382.89485038264
