73759.48615972392
53056.63175312114
54205.2926581249
67662.86811396356
59423.37634697262
52349.673360623005
67219.84991893652
49862.781800298886
63387.99706006392
52148.426462068186
60451.754047143644
62305.560122533985
62779.11352792644
72212.8535255026
60260.27745220347
60545.399900821016
56795.95857992775
55181.62130046608
68417.57016662092
55494.50294856312
66451.60784354122
65711.72204635119
60014.960706368365
60843.74354937124
58143.44197870073
65959.64240997068
52677.100555678364
56129.4032076959
58227.09651898798
50075.5161819091
67161.69531338642
56732.72755637182
67697.85353364765
53337.09265034938
64465.94772536543
60016.32305705063
65240.99871737891
69145.58960193551
66861.58643757748
62681.172655669776
52340.40764688094
69070.67711810209
67003.83522691713
53845.62423716377
60517.321208641886
71311.27457320322
66061.91673052462
57372.1778726213
64477.15450581968
72663.97905799928
64137.896622222455
66648.0427470458
46092.516476850134
68408.33659838416
52077.14659028441
59947.47988045554
63991.17222581268
57829.67683022415
60551.496238367916
55704.09671102867
51037.07338396474
67676.71080652687
52451.24289555827
62163.85983837812
65090.253411864614
51247.80841428859
67793.45577883387
60833.841541617265
68116.70597423064
63663.81545588323
57365.73745021214
62661.24575941044
