55190.22299079776
64327.80698904117
55464.35190284933
65945.92191696662
61775.10675668724
54726.81542232362
65116.170106965285
55734.33421084043
61156.52879137712
56629.42901048882
54138.80710665235
58590.24355590127
58631.11293597315
66154.99370761082
63554.311291606755
68217.77372779264
65200.88880123678
60977.859416169595
62124.654253625085
49064.71154128362
54153.89472449111
54373.202602659934
48840.38081811832
60210.04137793303
59737.5326875476
60072.416712509505
54059.17268006027
72807.73067175924
58071.71671446427
49899.643373368956
62278.46651162714
59492.15897232161
50038.22502004314
57920.64261339423
63377.244567490496
57392.26614100924
65626.32733522334
57993.405977762166
64756.5357647276
53606.775047502604
55515.998352230214
56876.59813561134
48672.596894252245
64586.17427931221
55328.751303332654
62936.92435703851
66991.53151476517
59244.409504235184
66033.0353945724
62949.944953968006
41338.17593115706
53915.538837500746
56544.07889737918
60783.443286569294
58709.58266271226
60853.62828758952
55136.02949881627
59240.47316763554
62053.015492032864
50701.319529046516
57360.113323445636
61000.38131289868
53621.09182427004
58312.01146475918
55341.217261972844
57705.64249854565
53729.0290617151
67392.81826658607
61105.387953553196
55782.153131683335
53321.53572094777
67683.94666969453
