69731.4326655074
55743.373930448324
62127.524754052916
60330.78458001151
59063.24304017652
49689.2732887189
52290.28862222498
71713.79647183341
63489.287056434696
74961.08387042729
63523.52905337052
64448.112607818635
56947.92307615153
59662.24722487497
59460.59455823476
68008.02465235749
71069.05632885756
63496.26537688917
63583.62100617295
68619.2274321715
61360.81366239046
43287.335750891034
46718.2468809559
65035.96522626109
46841.53253873363
64856.58752696139
63697.82586888195
56208.37321626003
55948.700643674914
45763.734846835796
59473.2863082447
55536.00502765654
54125.98949061946
52663.55952219229
59218.56062459997
64710.440489554516
61677.40035578168
52497.709392212564
55387.31790883522
54652.43163443621
59191.970857058186
61403.2923649965
75144.36661804104
59782.40953869647
61550.539681814946
70055.62119031203
66425.12524313065
67119.73217406456
55685.15080290256
56414.85975273366
56247.029065835064
61292.79797182791
60921.73468182835
71547.32703501184
66696.17900383225
62693.51148243969
62919.441326551416
58045.43545791992
54288.49640846304
65644.89847154736
56661.6489406335
54342.72074641708
56367.351770534144
62536.94784704785
61723.68027570732
54593.42466209071
59999.48105021132
64259.433707690165
58750.30552586513
62642.38907117567
57430.234788642665
61606.56838529565
