71770.43331265352
68691.75696112298
64181.44171537212
72134.51030974487
79892.5957924904
81296.8538789958
70767.31603869454
73936.0960596935
65864.25059388416
64344.25782796894
63467.69561950224
65245.963477645775
61690.829719203764
74893.17405801163
70073.32526973922
70179.82570996622
73286.8399419541
77186.01618544705
72903.28194383792
66731.63275529987
51122.97754802189
63202.428695385155
69225.07545855509
63979.1897369098
69659.00011379445
57647.177578226634
74593.97344790086
62491.40950443092
69365.28712369729
76292.75745876555
61769.24647325744
76036.19029557078
60150.16572883391
58124.87809821809
79885.9616640061
72015.05901926386
77718.53387260591
75172.58816937222
71294.9181265117
75531.68018983363
80733.2143776542
90596.54420519515
77443.76993099868
74205.12619586951
63143.189519528496
64688.9896368743
73376.79060555053
67371.07355497542
66271.69544966235
65204.8760793534
64596.515176692825
71574.08907663492
69451.29859761568
80766.54838468661
67991.0404989953
68089.50176984695
62487.80063298456
77948.68989723563
81823.35160346742
68615.12329868782
57151.58139950688
65859.3433830373
75634.9669061283
84921.63682858221
83147.06029666265
66740.03737020509
71172.04905990789
73990.33240362327
62907.338127247946
67244.74747029485
67710.07580756693
53675.937657567716
