28264.584121257973
29606.183988715075
26354.48269532031
32174.487447505508
31134.659232331058
29572.157718292416
26970.26686145988
33813.70682900734
28379.883221286294
31315.159736004087
28663.533673358656
30508.504810556195
29233.903046679814
32626.966547941327
25979.303008490944
35243.46646174923
32952.72769305989
28354.10984235395
30129.6199878899
32225.540958405963
29911.214558338645
36950.14732053915
28124.204383297336
30679.40519043287
25015.11783625999
27176.141136985952
27807.639500652087
28446.03493217565
27353.935892673857
28824.896123083443
32919.74425104515
30109.732059730428
24686.87080128565
25393.18849472967
32309.873756338828
30531.151843260275
32867.4187009824
29447.243760307047
33368.620521226134
32907.64752165188
33518.52861920776
32478.12483290777
28841.107636841276
27245.084360864723
30251.668028696207
27574.734620047293
33543.80759109615
30569.929572766967
22142.344924029956
29198.33876212509
30399.308681729446
29477.38073206406
26750.4074793481
23965.095740223973
30199.385978817187
27585.376559975677
24883.128949604605
34184.14418217408
30263.42646952237
32194.686616396782
28751.84546059671
31329.62923500127
26727.922884614065
31857.75822734241
36400.51688670577
26917.589565107515
33188.41997572429
32746.556474554673
37849.5713597923
30104.51495692799
28785.145705351602
32673.945634218348
