105172.13638693297
105563.80162547567
96170.77590568521
112896.43053150176
107459.08905491137
103637.46899724935
118932.88407620668
95325.79030012406
112108.25168070833
110493.61606616931
94755.83435682893
79037.50142891641
93887.92264318853
107407.51674241436
105535.0342089137
84090.53213122263
94309.18939007504
89858.29912929767
98664.06261937846
99151.35101455153
90155.38248346458
100507.44264253262
99845.42418816834
95478.75478606825
109508.41080180136
118868.1697886767
91539.04318492507
115722.64453425296
93726.38680326016
101342.83453374027
99938.72034394369
109729.19232740077
98481.30591545854
89821.1900562218
91429.19364031503
87356.78920046646
95923.66140506713
72184.59771100187
107439.01878109525
97221.53328100202
92660.21283547516
112459.77973475354
91477.82534590749
113282.23714527448
110130.85683734727
96131.00737668955
96825.72958232016
93858.50986331384
102625.4272191745
102149.45572963732
95878.5097637468
103190.3415885852
101537.40067646657
79481.52565328595
106528.31590929402
109834.49106534444
88991.15709569884
100204.27975390748
104444.06324701308
97035.8842570454
108773.3118384965
101943.59355117772
116109.46714154295
103048.47532252908
112441.947171633
96765.86264116858
90431.04859972287
110894.9042999391
93702.86042319397
107471.07624166695
98618.61277862359
106310.21778888084
