76794.89065072851
96233.79487516159
124776.36725414169
97389.21039851173
95186.50759790126
98009.6859113295
100865.82394896944
102862.4132511734
89905.80340631306
98763.01898490656
100742.08636752235
101853.69959044573
110197.67790637915
79565.41776174147
117921.56003927259
86639.58189839822
96853.97994395121
104955.2570569085
115397.85745752008
89696.15626584564
104559.19356533421
102555.34964385406
97287.89602073828
91900.7489341539
106433.78663396674
116114.6244523102
98637.23098552783
89677.81849827034
107027.53102473472
97940.03468661128
83519.99041546721
107400.20586845285
91813.97874494421
105622.59026103023
99041.65404683817
95873.66842101082
103513.48944100378
88075.97608721239
95935.20652588464
90233.96540604423
104195.8952991223
98925.14615809816
124465.64713520081
103992.26442528584
114612.62794494271
104947.9603239539
107555.81130387861
117228.9522142799
110263.1581633988
74024.76620999497
82251.16854568406
98676.60699260475
112494.09362592311
101422.10485601178
107905.95075945497
105438.53393868137
93814.81148531294
73095.49133344581
90954.77284168541
105884.71535926934
111430.0936921953
99190.52888253624
84945.24121050106
105806.29717664847
93712.58449446879
84730.45894904135
108523.19867905686
85307.58174133899
99967.5943338439
107004.76746306648
98072.70675202207
84682.11767610208
