125969.17153984832
111103.78872595621
121268.80963889741
92730.01420007079
125678.08948569963
116944.0457231516
104215.27382447025
136460.25919376878
118261.97882323833
111113.86880435646
136244.49210429093
119838.46280190039
126289.50358685286
122836.60614297411
118546.3982848194
120321.2881696439
118202.4185648187
129135.8215201169
140164.3741579965
127100.78625398257
118808.36340458742
116951.37387175133
108769.7454618774
121814.29320432924
104444.76526528363
132156.83411640683
124494.5132649106
120564.59497573694
117449.01181710548
114271.70879771397
133791.37277533446
111772.20530756406
117507.68170110631
121979.02021828578
122768.52765529465
142194.2651024496
118410.87005108023
114879.16130488174
119621.8911838904
121656.6568955304
121237.68562926521
122176.56253307927
99594.95283466688
100916.69051859829
146653.7255317042
111238.84296477801
125768.19015314183
119474.91378494092
126050.66619306152
146787.57487162467
116148.31650569323
123615.74590602715
95947.6715042986
137790.75983255656
125988.12499307827
129945.72992113623
115673.31239117005
120513.1499584734
109733.75988218564
116385.42701879362
131830.07830528697
118346.91425045859
119631.10694336382
104983.06760479677
105330.53060442505
119149.03838667685
106844.31547046924
122557.61673139643
128864.07413653412
129874.29037583819
142512.63384680534
122830.56188580657
