28194.46051076547
31116.014732267242
31697.246539264204
33882.22277763852
33944.76719778967
33087.196295891204
33619.21498503829
29856.759202723795
36293.62422621655
27289.824273407325
27450.009842666565
25701.857150439268
26051.615216007147
29473.29043640261
28234.35110795877
32985.810705749835
33479.87245717698
33851.088029163024
32762.62119293144
31471.16778291725
34718.69013923893
24563.951367037782
23975.985911087133
28335.72760256866
34396.75698333264
27621.48748821195
26747.295065930753
35078.11279654843
32890.05302599646
29726.55261363635
32433.98809844052
35238.45547476167
24715.454501749155
27339.443006060257
25096.83745487594
29250.94355494478
29095.767872387496
32637.729666771993
31015.771131159443
28435.259497932162
26754.202868777305
29501.376349573246
28655.230198765017
27222.24115637625
32112.799281904478
28655.39229782182
26483.98275579718
31547.695129051695
29319.543669318675
27233.323723134155
31552.713593796274
30650.30746350787
26190.000417354982
32166.614435954718
25566.261562518146
30862.904415656405
32468.200238348283
29850.008148449248
25556.25315779156
29261.55180437915
29569.40852989363
30262.77890469372
36652.42263259465
32215.98656611861
32458.733210955506
28135.558871644724
25000.770157846913
31127.950730951954
25027.26127468227
30538.08428840481
26085.849046691874
29195.245185862033
