134976.56195431968
109065.16431684814
122709.20524750777
123109.11794883572
104656.59497217083
126390.31482211512
137283.445990295
116475.14629938503
142840.56054464218
125611.52423626241
111572.83347415076
102137.19216390444
132977.59748585336
113702.12057368214
138362.14270826126
119944.89015032808
112949.53475055494
92302.10487860281
100521.47215937746
132198.70424622705
111975.07131736871
103154.26249713023
120098.20270161462
114089.32237662979
122691.1209037744
130864.80924332958
136566.84140919393
125328.25435916141
108800.55345612383
127772.59236877403
117783.83864736986
146484.21056069346
105496.40778880983
121086.61977697625
111394.31220160752
126817.53461692073
116976.44183097604
108023.02706654019
103551.97419862378
130918.43652066911
115525.99239283829
109413.76650239194
132330.88691301265
119961.14761213465
142500.63610054084
105652.92045002432
109829.78101095022
129269.27500454172
149425.65505534346
128992.81006343689
119640.9190379144
122999.91250888586
126194.65897638042
115294.77252408708
125676.5275547478
112428.1745105717
124648.81495859551
127946.44830022076
114919.42938250651
113940.3257089205
131925.20835707628
110072.71001157042
125102.44199051705
122890.79856516383
135983.34451321934
133896.41432754038
126831.60604614517
116016.89589811259
122578.99013616463
135393.7127130697
137966.0039148075
122699.2499417329
