65281.145892751956
57573.66701278352
65558.24870489092
59829.4000111644
63433.58948302557
59919.67389840966
56211.77248869397
67572.49231320516
54890.63688848516
52940.28455583781
62546.1368972698
61744.44374689457
54093.80905105069
63146.33564988818
67405.56435351353
65718.31140062427
51710.93063694335
57879.00993973875
62727.936291912534
59187.9910608097
62932.94531533569
63108.366517260176
65407.676628848414
61077.32025573822
60100.04660074657
65088.418367828155
56664.84593117722
63288.17457005438
49977.42564643451
69340.64682878456
57874.91876579132
64391.61218231165
56700.66734400945
63218.27380938885
61059.608892939454
58551.89641604306
56965.00230630415
53474.238573948795
56599.90220491506
52192.22868423976
70810.16324735513
55694.06127351068
63413.875214235646
63037.434251444916
67459.01446230069
51325.32334219932
47735.76024724326
56998.87675255567
60524.483699267905
61545.04392403365
75143.79111030522
57320.40866201731
64492.42092712974
56422.359118334825
57023.083164720505
64804.60331897249
70211.49421232435
66096.72904522225
55326.99425384028
53987.47784223713
70401.33875403852
51704.41940892569
54399.61699034377
53729.26302858958
67018.36199794797
55014.329768771815
58034.13514290982
63177.436335930404
63029.69852833069
55480.926227175274
58251.752250546975
56024.84836684914
