92437.13199199064
86833.4576939464
81741.5241861859
71343.68719472815
73428.30754505703
92194.87401582931
75591.95392974638
78847.7757793573
82561.18637796733
77228.30376325488
72205.00479484742
83158.69932315696
81225.62953670218
75384.6024970156
84486.18461521504
89334.12034125901
71593.84668638244
87975.91190950263
76737.36166476239
74456.21510099714
72101.45247687091
71399.65341311971
81221.11407679341
95071.9898860282
86197.54300765618
92674.86672361383
70625.54896557197
80145.61694175734
88312.94831587675
93050.18420413962
87534.95088744852
71652.01288665399
86439.01007444685
83134.86345209464
81711.48969149725
77876.73418423957
90598.56338950752
85813.39070387387
76512.13175197509
79730.53234626385
78259.23355230245
74391.56203060439
85896.20053902561
82425.45559155596
74105.80766813271
81852.6460364986
67376.30751639254
68466.01059294416
64960.95466329386
67013.87991527846
81826.18180499488
78754.42203979616
79578.39925361538
84474.45357439667
84762.55559955897
85605.41317258579
92345.89876346067
90797.62178943469
94802.37304576246
78362.29197984474
92290.28837653126
84130.35148870522
84762.74559025293
77458.14519540596
73634.38960175616
72026.72359540808
86354.51771247688
59475.38234711329
74429.70507049788
88697.95313711197
84338.990705381
101411.27728785762
