109026.4836433768
114489.77877505397
134900.59264216674
142289.51145952454
122197.55659604816
114090.59674162464
110797.84152648103
120233.61896457197
129528.97729752559
130887.6088117104
116875.45246931206
105571.88617448167
125191.398338357
122879.21162976701
131611.02650860968
124894.17910254574
125107.46920460014
110202.33793246634
136082.65634809042
140264.96147385874
102014.98606897022
129194.32272534828
120538.8380559603
104956.05370250436
115204.90669980316
131344.8518357042
120772.30539515987
106397.62035538837
126733.28642076842
118233.92132376079
115248.04720899212
117663.86707547864
100672.11665975899
117138.29757245556
111611.27913849347
107784.00511477159
124005.43097242714
124659.20918989347
107151.31508622678
113267.43774737124
93914.0317158587
129294.9190543623
138106.11726604012
128952.37526815072
142783.68755300378
122156.41244737487
117828.74082394461
111985.03171002024
111506.08678126133
132978.0691025855
136299.71678911796
133189.90552751799
135123.19973757438
122548.52525518254
128272.37784308149
144761.16552968806
142523.9799568818
110474.315849608
109935.16272977948
124744.46850426545
106895.37846224075
118352.50284566924
146517.29592432122
98202.37524473948
103812.40044143594
114020.67840988598
118493.92647116273
122872.88640551243
125052.38991589176
142775.6754111086
105949.48348434169
122403.19361374235
