77031.2448032198
85699.89076532332
75379.14830868188
74041.96359857984
89779.32817707204
90914.36802412522
74025.62149086808
83863.03199217186
88907.17330256871
73386.37216496785
76774.2465562657
85230.0585068673
76838.55776181427
67031.26937292377
83256.98669855384
66363.27343234564
77771.41349202394
79826.42922375242
76519.38650480103
90413.00672525878
74449.31849025712
78934.08958696903
74840.85551605973
63598.19501656928
92725.10929839432
86687.563449155
93326.10679304072
64232.092374675354
75390.38554012956
79598.3241296281
78918.2922949135
69280.89295362697
67033.29780397017
75685.48819883632
80873.46667546028
88729.46754738921
75828.02317078885
74513.84816447872
96517.55807230153
81799.8755824785
79581.74287132079
69496.90527510003
83900.6998948846
74688.1622885122
80318.20870649775
86821.69730102576
83453.64696710448
81356.95614891028
87843.70992374985
80349.01893864915
93638.88786195507
82576.50079957221
94835.30696191154
77335.96179880506
89250.23022436677
77237.2667869039
75680.49088001755
87049.52028398463
98232.61054587092
68652.00005813944
78143.06878664883
92905.04337683799
73569.11932939636
80153.34122042987
76178.49841179587
76123.11978580033
76557.00333025063
87357.77767780666
84706.27924115649
70013.58476579642
70787.10388036144
65316.359576380855
