59936.639159760954
62599.48327261866
55719.67521507109
65209.33841749915
64735.28354463065
58380.936995016425
60824.58284292896
50205.18409641399
51804.07427747139
54192.8746244731
76512.49419539767
70478.28347955634
44837.80172693307
70132.77581102836
65605.43974732036
54983.1669987537
57624.52281411901
57040.08722346201
55784.85727809768
58780.65426639434
52439.82396190553
60549.34827325535
60751.104580561005
59405.60469912481
50535.14701402131
59124.96940349576
52166.688055923274
58811.709951412195
57030.53346846095
60016.72985945181
68526.76859905967
59917.98253720625
60607.31775343769
65475.60391222485
62356.446394851075
57443.596739026485
56138.092679004745
60504.20838199724
56927.02360215001
70428.15783149195
72533.56563165832
69818.99072888949
59450.97850989033
61165.34976149883
63386.08463958641
53702.465584832185
61115.72572296505
62144.16006486271
57886.44028174127
59909.33032028431
52033.276163994116
58697.054211095085
64233.48357348866
58122.16128999367
55196.815765180465
50114.70896432854
63595.88199191425
52131.54078960925
55003.7403328949
50419.56050866273
65157.63311127215
63067.490692300555
68714.81133585774
56762.51731948651
64585.46834614077
57341.980360660105
68449.74602367208
66121.48438546754
63058.5899539153
59025.05692213111
61758.74513839279
49034.87332558702
