67959.90134388716
61927.085326966204
49460.88077641851
59780.53815101893
53284.16272667097
64952.32287161271
61474.946230019814
50377.251937043446
63111.359342349235
56811.61977064332
57308.60070827329
62880.33686173366
73998.71798467546
65869.88633791223
68180.46793209578
60076.94113763015
65057.621519682514
55609.86827067596
65659.96743723474
54190.57407318604
69899.36758252779
56414.236260443395
55575.74477226721
58064.70785421732
57275.98061205979
57895.090858004995
66578.07711122236
61540.16039733235
52578.036499939066
61975.81394730333
60165.10500901676
52634.433996192114
57393.94322378214
56845.97779104756
64107.667653187746
54839.6678371915
60815.07836641473
62006.95551734253
68467.94276989819
60049.21313349858
54166.68124868665
43349.40982138362
65196.4633308042
68939.24737776192
55568.15174345792
51555.83342801617
54210.015770932674
57797.2056231148
52832.34941699371
57503.78711178561
61161.022794672695
61197.37409058814
59350.63249417757
53534.26616934221
57327.31660473331
53941.711243078746
51798.0882046076
64868.762396385915
67001.74348341564
58809.571476791716
47888.57260564541
65910.86065387576
64616.0654550501
61485.056325109246
56163.82127889595
61952.85986960385
54941.77172997494
62743.238564104206
67762.53361483426
56796.77337481215
59537.462744863755
58900.3151120507
