78350.1442476322
75973.47094936419
84859.77171487387
84961.8819977209
89166.85686223717
61453.09340429809
86135.993493454
69134.4639678899
74137.2015724161
82548.09220307115
82773.89606434946
65085.80804952241
68942.11300473072
100848.77061491486
90291.7828335238
82852.9248954226
83528.40510904802
84544.71262058566
80514.7859754506
76142.68083444679
86766.18541181169
73175.03032687362
88692.69919046568
87959.2393136499
86465.5198778449
81902.3209392936
68580.81826621434
85105.9398801362
86984.02581772351
70568.38842678444
86123.7475852199
90326.01091795803
80726.56910687913
68849.01102423776
84447.17662072224
67942.51113218235
78725.18903507665
71356.63476111622
84834.43093615126
83314.3468035911
89309.5217813114
79811.96119475446
87501.26287423095
85693.60714694603
88619.12618976593
71870.13608338017
87390.88825492328
92549.15314797228
66099.59048306731
90890.22912597217
84247.52067840895
89199.72582701671
67626.57923147359
83437.2123822338
79064.84130676118
85095.34513851389
76224.4263465855
93973.7670895928
78806.0327658109
86060.8165433013
84335.21277941101
77226.18932925531
79361.33790169722
69220.24745470032
78833.95305007398
87536.05459705247
80644.90186390062
72303.00643619508
86199.52852248533
86998.07936043563
93948.52245450011
90361.63707374629
