73105.3154145377
76490.0180206868
82260.08078326295
77177.71953620492
62187.50321049246
76450.6991889866
71278.75186730608
90478.45979922795
85395.69695738894
97568.11751602948
77202.85685076842
78547.82091664194
72284.93031207522
79713.25587307592
79424.1350852069
70896.5334956076
102456.31318261905
79705.34975907355
79699.8748516709
79437.2801955482
65598.28727691011
89355.41994682874
80416.19242006654
77972.9051154266
77346.27558399923
81316.49572687378
73941.0085914363
83862.36593716935
66253.49560043865
76051.2734885392
95138.47047812291
94534.4077294861
91359.7660872528
76836.95430564682
83812.31223814466
81656.39403146484
96098.80191719657
81165.42427410276
72344.62158056915
92579.07143724136
88028.40845646511
88750.94992462877
80294.31610698969
70559.93883671191
80368.74070295642
82420.36091517989
73487.00785763921
69327.65084227026
82940.76155052143
75565.81003036295
86949.34352927696
87819.98106050276
94365.92064347456
79641.84348998097
71518.37080891975
88312.9395011561
72643.76475072134
75887.94623577865
67539.07123390035
91444.75566326019
73324.55334491948
77582.688655214
76575.61235286605
79428.83872377654
65412.10303315779
68707.42716887206
67850.6174718706
77202.82955862326
90216.6806201282
89844.63869597674
65979.8835427786
95976.85416013558
