48913.89490644344
53855.27205665609
63187.765091887435
68155.00715724696
54302.763465518976
63354.175502508464
48734.47673303501
46240.30742465499
58538.058062312746
51797.401983368196
57261.83634973323
58441.48592536444
48656.25461950598
65636.13114422993
61714.613245256936
65189.308999308574
53013.34715664487
57649.36315748526
61505.567674357764
48884.54078864908
63108.6705338554
67266.3558366035
58787.35724154243
55119.380438205604
47965.936783177734
60798.53329066443
65699.80126413533
58247.49580556922
60138.34207024559
66312.10332023122
66525.69215908625
56497.42837453417
59116.30382395709
59191.07468902931
59365.16377332151
57971.24325250178
66687.43744217463
66275.91925962904
56518.268748862065
60933.27239139703
48344.528284481035
59932.55831894853
63835.195799106645
63616.69132347364
57645.546626350304
69460.71475358907
55867.1955267594
64469.73557353316
52525.28745806264
65208.77362889387
57931.62748956244
59808.47412475662
53681.63204877948
65519.626692495054
58495.06442451582
65632.79125526584
65931.70986650474
68545.8543548412
61001.36963994304
75186.45042701793
54536.23587905288
60128.16596395943
65354.099817613394
55936.076014618026
60298.90638302396
62609.38133950821
58206.85847772655
53087.80278827892
50232.95572422036
60856.29464461387
64398.82023350318
55126.68838799074
