78973.25647166293
95935.52644281641
77365.35630676195
81862.38466164611
70571.90902395923
64273.6169277829
87669.04271317407
88550.00971680034
88131.59129046647
71938.3312572969
85536.00396931473
86631.16146471763
78616.84417882597
90398.16714520633
84207.14068829831
67248.67021858889
84908.05863383782
68766.01467110282
86609.82221411754
92169.63225435352
87047.16975382855
77063.60264480248
85921.936313202
86542.07528648396
67254.99265733088
75053.60443700205
91045.29765311188
78752.11233981945
70376.78345427134
72674.31207199027
88522.627869419
86174.96678409041
72989.60580678414
85014.7350496146
88768.30544960801
78736.37723821745
83131.34898989431
74662.89294119518
88269.58511566941
78915.6819852246
75640.92599238144
77993.98510661112
83769.8232252254
76662.75477139687
74939.21074499672
72281.82447112087
81084.58966003393
82690.99165657387
72418.16775028814
78192.58572347237
82669.84241464171
85491.011192285
83113.07602741607
70828.88287476613
80758.70647578483
70248.54288350133
89716.24180001456
67907.0321836393
91443.52954792092
72508.25333976606
84432.11852797207
76342.00395488743
80417.70766538222
74055.34449089055
83758.9310385277
78255.01175612652
84663.08586312942
64518.85047183579
70581.64946608726
87023.09029497688
78374.39843445258
84146.6533507721
