67130.33992640741
67669.62852218618
80526.87300158781
65716.15317435586
69538.72212991565
71604.81187104109
62868.632415796834
81581.87171668558
66528.79265572729
75638.4079864057
61432.03113002579
68078.46040050802
71957.19145344502
70674.10612370595
75273.3365326336
73027.74399471247
83833.88947167984
69477.93419233992
67744.8818590235
73104.16815337627
79487.15933770713
71529.96564014386
71791.86399183665
83219.10637181014
85582.44417793049
66655.97696135007
68769.53329428029
72636.43564742198
67450.32610480348
73645.08605073701
70768.80551320632
52196.809522796604
73928.48507041916
76691.81064134777
60050.18979569534
60728.19716628985
59309.43836191974
70279.92270552502
61639.11592393758
72967.96175037339
79440.71301427671
63132.93700409124
67448.77295131305
70416.22889308663
64729.41884723678
68979.27170955678
73504.0325536685
57800.18180459778
71307.79026611897
70117.63662705202
76813.89903720962
81317.9356610926
64501.21159276097
71512.75562352948
73746.96760013407
82336.94157520898
50330.77366611636
74436.6819199364
61932.548496336254
65348.27507533753
69177.9774613679
78607.73415469128
60703.75899920804
75129.65796954827
77017.13359027955
73244.08632057482
71215.24915826299
92316.52978852032
66688.36655802012
77866.00651267255
70825.29908773657
60533.51304055947
