110663.18708391728
118654.95352314993
101460.71071586285
88802.81487187128
131187.5453357211
142286.67000616595
121816.93764498287
134395.49439986396
121516.19176988878
113794.84960735813
108253.94893714858
123103.03580523012
142920.82979552585
130704.60949187979
110718.67066364356
118886.547267903
123524.38540551109
118479.91004416859
109220.33591098261
118632.6208602871
116225.85887827992
117123.15264164221
106102.20511611536
127212.60839268258
112258.76826737127
117206.57738918516
124118.15556874481
107995.1654175345
124378.8616437575
137868.84717492506
132221.6169419094
117320.37273788513
117695.52149070399
150402.8310902037
122321.70865767317
125060.71892639445
129340.3731955177
123153.90466059186
140333.88752402127
131565.7086767992
105531.69506572941
111524.05152122532
128570.95838821577
125265.85899781849
149864.86768938502
119473.04595913448
140938.15318810503
115959.35291772016
130410.39110529148
130854.64004881271
126275.53696825098
127926.31323400662
93162.6562325338
121709.53444872408
118245.09002157689
117959.05509213137
137938.65967485015
126370.88298324325
143784.05702958198
108908.28135922248
106811.16037738233
131217.44198596972
118079.37973682181
126306.15085647242
115375.6480063141
129842.04430587217
114764.5493670006
123812.37961065206
86231.06065894458
118677.45043120449
87023.70300741319
127696.35899325683
