66060.09418599292
63238.22144681401
57476.591028866176
53410.534737088696
63659.94126875605
60561.189852939824
59178.55587091269
57509.71659467119
58673.229470451166
65533.77899391714
68459.60594406356
57283.78994829746
72035.04446870861
59014.93571062872
65562.97738672806
61273.776857052086
66711.66913596269
57699.114462379766
57967.65800883548
62891.57242388629
57440.05227576057
47581.05768162265
62177.0721350385
53276.88565159497
52555.016705133654
60368.1429193317
64792.554437769606
60903.39220587425
59617.15938664251
48580.68043604575
56739.1642353601
69368.70581369242
68874.62672345054
68598.13617349572
58523.57147137995
54784.71768888795
55709.17737410494
58750.01385467434
56101.37892385924
62968.058315660266
50952.334376586005
61690.29175308874
59458.31263293326
52583.387738415164
63240.78827851817
61210.47083812879
76354.25870445346
60609.17159082477
60036.51424559232
60383.44464062082
61834.24194431106
69423.3096141143
49038.37467241008
58005.75783323902
55596.800116017206
63733.94879003776
67490.53385981105
65728.41077048273
64167.36808609379
65128.995807681684
57857.67627733814
62063.39781617851
75806.43634749515
63577.51412749097
73799.47173058713
54897.12474920509
64697.80878751472
63310.12610506596
52259.53702749231
61294.41881029249
62812.74788868458
66224.47487916055
