126488.46105439072
112800.05621335667
123568.44293198021
136395.1351923621
111894.99703844647
132466.70514172953
109585.34311128277
123264.17919768348
110069.90527303272
114711.2912644975
141664.24418386936
144256.90610491758
115183.9026838675
122235.9611874375
107515.11192825515
125382.60050075427
123808.74154055792
125435.93509085571
121035.84370000313
107899.78130413676
116599.32935161341
132275.46264743365
113335.67906362729
120819.02740106032
130415.4486326377
104334.89582541063
120615.67736113133
113874.37952808542
139584.8873223726
118743.47971700819
120841.94423590593
104131.96377345009
122415.69228381041
101415.17111005208
138978.90133689044
128668.97937693734
122778.94418732553
122715.23309216388
115066.75234027808
132782.6514290168
108304.12741382886
135972.54202688363
114049.48190232193
118759.12880637062
129936.6280095752
127256.13337159595
96858.436278561
117527.49584649273
128298.8438789122
140274.9638427087
114303.25076972973
112974.4340810261
112960.84755083497
126555.36479597297
96341.48011384056
148436.8543815642
120352.26310317396
113356.7751876992
144612.5621533789
131793.88144707805
109594.97207109499
138242.46382176672
120042.18419126532
122328.35241693708
114991.21302362262
116091.54243711213
133348.50987199598
124259.75340325749
130531.43857130255
116368.06988532121
111970.29222477762
117028.29302051116
