87272.46423186349
80666.85992969626
74852.1454194273
75486.61543199947
68560.70484923806
70670.24839390926
85003.89927806627
75735.51610462465
81121.87294901721
72470.42022824609
73339.57090945255
79850.88317803369
82053.62343271018
77749.48704817481
83166.98104368353
73979.8962724742
86917.01095268127
62485.11657081177
79600.84451849721
94125.46684624704
91687.51441126376
82310.76945154194
82767.92119046833
79558.41883970684
71384.92348427486
76086.82212063871
73901.01779029763
95059.23524873122
95049.76106178736
81330.36878710163
75989.9629565596
79257.92881738064
61150.70919378028
89686.20167316523
74514.5709461263
80478.25725502257
88573.4664201276
76889.37393302548
80517.02094955191
76684.57392338898
81170.21133388054
69108.68516645455
77727.30746505929
91851.50196867819
88735.10471753479
71543.61931851835
66088.17921736333
69520.93613243462
92594.79856280192
76240.98055755424
85382.33625343972
68723.46727633709
75780.60448077031
66433.31713709666
84350.69620079781
71039.25143113274
89240.3347949349
60957.88875331953
78682.42956179401
76404.07110598068
93169.11421681798
79414.06705113943
77433.82351372359
98293.26400624975
78725.37059241586
80156.20647250103
77857.90735258197
88253.54457575308
79006.91737729954
83814.39889223703
80608.9438160621
77365.44998338594
