119881.8029835698
129001.45172490386
105585.80913531556
127969.8609205672
133383.90293940157
94710.22906361536
104142.10736015692
106920.41658440043
132964.50461682145
115072.74363783644
137342.86301072282
142997.058563695
103652.69616028783
120509.91951314895
134733.77672835733
120653.00455719749
99405.97372387965
130775.26009657484
127831.37859681064
137626.02417310711
125333.25029921591
137056.66983295002
120110.85366450949
99330.57703620012
116436.79326082315
128507.66158286376
135463.65236819373
94863.99397951264
121589.94715165083
109159.74252550887
115409.55111681047
116849.35102288675
145335.5016506288
106339.63223034027
129020.98042688127
107199.4616420198
118309.11204234342
96101.76986817337
134961.34286769762
121895.75398717128
110383.52395537814
110207.46591928751
123260.3019103661
104003.68026583857
144830.00077971187
135387.06698546335
160956.20537673673
122010.7294927982
124822.43496948059
105335.97687316338
115241.36379833588
125976.0318201505
127747.61141442401
130225.7429637595
131438.5400976022
102340.81611960003
139284.2895634079
103407.70895810271
137663.51355205834
111211.97859968184
112456.77820281828
149531.04003735085
115153.03590639438
125883.4978609642
132830.1474259311
120853.2485933911
126010.07878170694
135508.660383583
113100.45815508039
108939.39817047215
121459.54196660807
123638.50978724792
