133080.62970722342
130249.39056981681
141989.3583383615
128316.56809380623
110919.0189856146
120636.68135499572
110829.04076347576
95796.05539852109
142024.19820523556
124047.38011959197
116771.05246176531
125298.43936892957
131722.78042978654
106897.18150702292
117091.10708340512
116028.20991934753
92139.99485177176
120444.51972945657
108861.06286075171
124801.28450256531
130308.77156009931
124412.51516904918
127046.1927199195
123245.53108342539
131803.6877657815
115342.66447699133
123340.0175378624
115516.21238163838
114622.27819808977
112267.07000938838
130430.82678300729
107646.92994584441
123267.2420983632
101825.0925512747
117855.55392069274
120221.43496266946
132119.09371785726
129180.63677098922
123684.56584616342
119030.6424092087
128584.96370014596
105779.01638812963
125090.73936264898
130960.93376497058
105699.82198372889
126806.29956478598
105119.07461508612
141996.8956545662
117259.3045197955
101138.56577717072
101029.99723136885
145735.4844422007
120090.87757680946
132770.40316332917
110951.69389915967
112162.80040972645
108863.30911032528
107376.01439953115
129093.81803441314
119733.14955263381
129811.73277364996
119096.85197579926
126534.94161990796
112367.20447236579
125420.98968096335
120116.44741112062
127316.6434819494
111304.02926134097
128121.52843648408
126538.38913804559
126418.42290411331
133462.67180703353
