61695.91858081827
57221.818781684335
62880.57659260377
61004.739216353635
68490.05104772821
56941.495140767314
64466.54755308336
61002.52952748559
55979.19986889963
63695.73099528598
62553.361420976355
59722.208270964285
61024.437995905806
60896.884097064896
56333.36114272041
62049.57820207496
70710.25199782592
57911.2083069563
60394.80990303133
58619.08699445627
61126.94116105967
56083.39664431224
64136.46010457289
58874.975482073816
46220.332763914725
64884.97916360655
57657.36240279134
63820.5632657987
48755.884954288325
63316.00365630993
58107.66887183951
55963.747215301104
62036.47139214135
53038.096122474
57865.871062459155
59615.64352398084
60688.836105410366
46791.22733156479
67967.34777545404
62538.12789713159
63237.51289972417
57614.79028588251
55051.3002934596
63190.9869456512
55116.665022831185
50346.71182092608
57580.03072443954
71767.85443361709
51608.85972225684
54559.75972176564
52812.09825676307
55587.286664315696
58413.052253898655
70905.92615645257
62333.06064630839
61724.80592640827
66091.35943848065
58914.87522180178
66154.2281592267
49489.22012431389
62466.7475432587
52980.95360919575
57486.769968901935
58055.44994197362
53936.74763856844
53555.98771501816
62285.82821156761
55032.474771035275
70201.75501628287
60576.00897921544
53324.001158626255
62155.62173398442
