33036.71984601792
30896.478560621064
31538.783339565576
29186.1736615731
32934.80719099584
35729.25937771942
29193.25106616419
26536.005798757695
31282.76846381676
27700.937063629022
29239.066447771835
31173.033327442405
30169.19447238666
29079.518169002855
25255.297345968134
27668.041861302503
23017.082929330107
28368.027495122595
32543.522824364136
35109.20656078708
30865.198279699624
34014.29412096658
34826.04482494069
25588.43316332709
29854.554517009983
31075.158643613468
31609.53391472328
30684.97607879523
29231.262150473
34986.81574443606
34322.6728725559
30237.91423733489
33915.52778013899
27132.782220926107
28364.36952255902
27617.96012234412
31813.66806608743
30352.09192150748
25994.058514735625
36604.91294938285
26046.76037911391
29486.28650775258
31265.357032456774
22359.946319568815
26420.93302176223
30435.566984050503
35520.34457590193
30211.05269189564
27862.36918634486
33605.08977646515
28639.909664661656
30789.74587170986
30046.704102393924
26101.786687395524
27303.36219063071
29246.92562579059
28578.924546176
29949.854357352222
28882.567511083642
26303.472642879395
28807.02336742501
22221.386288656267
29562.223886252927
25314.12776693569
30754.35448700745
27498.937805945334
28050.09755538377
33728.73205955486
29258.179395650124
29182.804064748234
29300.76773943794
33039.13556761935
