89958.13693762869
77347.95621103373
75629.95872801257
78299.83006366366
73882.44023661707
91500.11492316108
68969.94643821276
60260.86907898662
80184.33209388073
85645.15294314915
78251.11410594707
77348.57395338552
79458.75462037514
83589.6640830566
69057.80277735395
88283.36767473731
73671.68216297629
82372.83831261694
72612.83549200227
86006.97710346745
76553.98439728518
82524.38836296204
89741.07882479172
76224.72896690691
72168.17144424173
75957.02969302345
77780.1902073442
73902.99170359278
76485.05183582503
85669.3018408614
88845.8259619377
80549.45252797082
94509.484356527
68786.82535393455
77665.50445896575
72380.04249301394
77229.291144478
77289.99935221924
67984.16178548808
74571.40817220772
73716.89771352791
77523.7697334123
77854.14204688581
66351.60826653798
97235.66866053865
73185.17856703512
66095.34608637232
103528.98060056171
87554.7447283805
80020.73291153857
67298.15308631703
85660.20996866876
80723.90714697643
80037.19932661504
90679.15064943458
82911.77081419538
82237.61740604631
77478.33372041756
79017.0670788441
68226.54271649009
67324.90244952796
68005.8488543431
68493.26374566363
86628.1766917705
74299.28913039058
80073.65389677222
72165.62507576992
74477.5249940786
85467.81077802704
83071.12086040004
81102.57098268865
81264.2077477816
