63648.41040294673
72075.37135611214
79566.6911147065
62805.14276734284
71767.47565457982
70043.76161217333
68151.76336911152
70077.46159137216
57491.97997019612
74596.78532847895
74734.82912376233
66544.04915116608
68658.8816417546
70544.4882990382
70535.26903110434
69634.8117139049
73068.63001978066
74549.84917997966
61699.096221440894
71634.27663563691
67968.65605017547
73795.61975389073
61100.26099572925
57908.68987129795
67558.92839592426
72656.45565005668
74829.66335764472
83944.56290028049
61978.55111952489
57297.41103335418
67205.83745670365
80604.13121902893
69635.59945940886
68700.5144208907
71702.46637983603
80520.33759508026
75345.25683649782
67952.41309152398
77160.53235752891
67943.77656834062
69953.7408495309
69630.76812043607
59704.46433638
61425.579393829496
66387.32421759852
61873.99778634043
72715.26377802841
64729.14971181256
74449.91987028216
55917.83037468537
70771.45182860915
86972.42681305108
65581.03161833744
82435.29090393316
61367.31607727395
80547.70204607528
68417.08616698641
83105.06162362134
72725.1877095554
86685.1488962495
77256.35747774484
74953.99487298826
74153.54921326693
76257.67407921696
79437.70054482874
61503.50109624162
71084.90274674309
67111.7291618559
81179.1495903289
69851.17937342431
77103.51396827195
73044.90589017475
