32235.044495698818
29909.428632932937
33422.89799517173
29886.732708040072
29121.37191037613
27402.69991299091
32531.172602092705
32638.762832889326
30552.312321570305
27800.47137311782
27149.887970427142
28517.14381613146
27154.788481452964
33992.37441873223
23806.039608853807
37011.260833753884
29038.116728222463
31403.732388192217
29849.21330196629
32935.369969932566
29478.715260484958
32397.888081928028
27033.57988300682
32777.071176647434
28307.58335914109
27170.35350967044
23833.830953404664
35714.878192347365
30704.495440015955
32978.135851404964
31003.574367845515
30424.772416251275
27679.207281278814
28904.418572871542
30453.204458546996
30247.771163038786
34370.26989593681
28554.775468718533
27037.698321356056
28433.268885482976
28726.78523827182
33793.321928585676
30266.959247095605
28982.06668855596
31457.59263881908
34079.95930566314
22261.925875043533
33951.385346209936
24464.10528311216
29655.933300707307
32214.703687889396
32284.797000943145
30761.72012871008
29865.671056631294
25550.39585692114
28875.618329835524
30951.586942581267
34249.92625786173
32555.55136399219
31293.8705985517
32751.680152308618
25713.79450381731
29403.14111492697
28630.769065611294
31760.002805551918
30888.731615520373
29425.147569612665
32840.93709837536
30462.959670954227
31956.49611395514
31875.51880407436
25493.309258214293
