119256.44235317607
121693.0213365998
115363.99809741236
125228.84929506453
133338.39890272968
102629.76006238499
109523.02155666228
121013.21299659384
115398.36525538441
131349.0462281259
100691.70099172182
123033.89389582524
113539.05907207429
117590.88893676235
116786.10103583665
133186.97253039773
101486.29240108018
141478.54595163095
129965.95632873256
102214.92484461797
105133.69071752943
112646.06422946739
119637.50048229762
135945.22187085435
90647.91817658333
125975.19234136795
114769.29886123423
118380.300255106
122672.60003955053
104337.07371390842
114412.69973606392
123397.92181336973
126091.01994397113
127679.87365693496
136539.344228504
114716.16919910024
143413.86803511594
110753.64074913431
128093.31915958159
110775.65874368371
138855.2358704636
132117.90617631414
106469.62557111862
117516.7374685738
103947.85043949213
144776.4192023684
123802.24097202638
117014.15599210336
135514.34162838873
125384.85105145631
118375.53499792011
126432.65626796968
127525.58109496676
136880.1294642784
107502.26459937575
123077.40873132861
105687.38704998397
109608.80792502043
124853.04757648073
127996.33950299604
128588.44184024379
121568.43895796002
106927.57749738864
115038.16445758131
121450.93182951908
101473.22583893094
118243.81337057902
111826.1528724566
114428.30555540016
102073.85521604161
120694.72296641875
124239.39634066209
