73840.12394756949
75008.48185268068
84500.92394436225
69315.52841209741
84114.13948672845
78184.15942930983
67152.70680367202
70992.68368615654
87177.20281693985
75436.64229378231
81631.90175006195
80615.69937944596
73737.661255434
78404.88827959649
81992.39158995735
82202.07772663953
78633.77032505345
79646.19365456418
81514.39306700481
82627.63233359174
67999.63102969095
88902.00338942741
90647.32995916584
70002.1010843997
96426.22140999876
83146.75973625782
81801.93146185871
73880.23512644699
75634.56803141844
75890.21074308701
69919.25909665982
84888.11746411333
77176.17704582287
76692.85694891594
87827.28163700027
89912.80241546978
73216.36294323462
92441.04899746865
97149.08073993915
94513.996333388
75097.96279653384
77173.75812987288
86261.54606609416
73575.1327283746
89972.23638386998
84949.0927797064
88100.26144402461
92475.59469074721
72157.6491497961
80008.96895027104
95841.67362128341
71185.58711039921
76409.75044635677
87105.60356717369
74271.00052887238
87173.1452265437
74980.7645556262
78246.77434277459
92841.05538644857
85535.55851871587
69729.42485871396
96439.95201238834
83485.01465774157
68841.95327438287
91751.5190156871
86892.66901127403
70198.29773322484
80873.40321498875
83518.8596084404
70186.62469863502
71457.17764706381
79833.26270251953
