63242.34539523433
55366.12036319537
61863.13150481051
60603.94342616097
54915.31556165344
67772.70873504256
60070.70568822181
52071.90329647369
59964.19532274403
57453.353882631614
60388.74777121229
60260.44137629881
51446.723033668815
57483.711982870904
63290.16182018598
55674.33774876278
54410.61547266586
62191.81445554003
71570.0855346923
55372.13715601614
63832.64856887843
61495.0786618043
56801.768356206056
58297.25867533657
54616.65353814434
62431.96780612194
62699.12668295632
55110.19931780161
65725.55083475195
57057.94249008008
58825.638822617744
58566.31239996592
48190.13051269294
62078.80605912803
53149.92049239662
70878.94239108084
59735.187819766026
46077.06554731057
61424.82333485836
61598.88288763223
71362.19633175734
66483.09043269225
53773.25694365851
63527.96453139642
50260.290042833425
58090.6711865437
54382.123204293704
54161.38233611687
65431.060871824084
51008.658780493766
61518.35435981595
61426.89947912147
63658.77203177259
68150.64432101193
56968.219494391284
66850.29680571542
56711.5323847739
59700.706580273
57469.43269350295
62465.022323008736
64397.51308048561
46441.82015159547
51331.40804095195
65403.087696042756
56442.88982863645
59325.554117306
65350.223204204754
54000.87147533444
52998.743274094726
55241.31260205284
66967.35950300907
69661.96310775593
