106062.0275891174
99528.85536980012
116630.91009310892
121249.74901048145
124508.80219179582
121663.93542154168
137726.68912840448
121382.0237777148
109684.93835259047
132474.49889532337
118607.07635493173
123290.44387867147
100723.5941377715
119941.26983645797
126085.66985381303
112093.82041589297
132193.08653072864
140210.56808975158
122225.8745628629
138093.28410287912
127182.27298641935
138548.14534245103
111473.87194243877
78871.0760593479
102985.41618536753
127907.12909852611
131004.03590892289
123938.12542785608
112763.69923634683
115759.53829967776
130802.42394192348
125739.5483628637
102578.40139426454
120938.93869473439
120676.76924676403
103872.09842753326
123992.38660743446
106874.95297544585
124170.4615379584
111820.99841114046
103238.85619056302
126114.97253100944
102200.54553799673
118140.40374000081
99067.84415569724
110226.16341688801
108961.24166643988
130163.94944329139
124406.71847231899
113278.2488495607
102463.16996872993
142855.31378732302
129950.36631370163
127641.2205183038
125516.95261328772
104852.16672022521
125453.48694699333
116777.46822083982
128341.0849733394
121287.16797611634
123458.4322325228
114554.5125034753
112192.94771137265
107757.29325317369
109876.963793552
108955.83058170462
116433.0337759289
135221.12527174855
129573.43455736981
106777.4455440083
143349.04016359925
115108.03376096529
