127725.67574065413
128400.05147774855
130019.29929309964
129274.91767904979
101776.52908499293
134311.58431707526
130181.25187939071
126445.1887662597
135058.3600272735
118415.95141224877
119870.66747574683
126729.47431007294
119087.69859039907
130898.15715754073
135154.51775389878
130542.1344429635
114579.40672824706
103055.17631706322
119383.6090836362
120398.55644548003
110471.57287369548
107606.20826247355
115629.98948747107
100488.16706439582
124858.07103843789
125437.24840365679
121522.10901895001
97397.45315906763
115819.4557861636
129769.05828893436
133905.6882914889
125109.9748532719
127961.81547921339
135524.82988904294
114318.20119916541
123949.4827138017
104206.02676695182
114954.56236849599
124625.79556304225
119933.26080700639
111966.36293670833
124842.13072385154
115432.02882862839
89291.35259911945
129338.32054360787
117142.35015022855
100611.49061285151
130072.41255205781
125381.24492412333
125175.88012360067
116928.91058874555
132629.41215479473
91346.22525603398
114162.45652674203
127823.77868298221
124833.43311972143
123442.27127695446
132198.05208303753
116508.67934806927
120064.33257200396
121083.82839690037
115877.58111269455
125027.71794829398
130968.20555398682
105869.07657669683
132095.2313795515
123480.92526435664
123200.35506836281
126542.10902262965
95852.35214962513
115574.87035716989
110681.47324427689
