33269.12537349819
29570.23792756438
31303.371189948335
27180.24407998971
27119.548626121184
30836.40086813323
33351.14590013776
27752.302592143624
32433.371413388755
32213.157598320322
25986.47949027507
26191.901234579473
30889.582575144774
29181.378367827798
23875.426691895344
34903.81142514607
29949.450565923933
32326.29504891347
33433.921151874056
25968.462672205427
31608.34933418621
32461.38898755605
29081.29013741184
30001.514364121915
34389.04489736264
31355.759878242
36820.47408661357
27939.347527907204
30307.973578582667
29025.186625755265
30064.943289846367
32331.29914107904
29718.024594612107
33586.63913595806
33748.149288631874
29911.09364040644
27965.986993062856
33351.556650607476
22952.43738642572
28876.80569299069
27789.63830724656
28912.412206276564
32428.874438036826
29130.474389221883
30898.313608838605
31884.628036165333
33290.90901854715
31656.94820548861
31476.973770481545
30991.23265834576
29826.779989790313
32916.52957845705
28326.046603261595
25724.435863895807
28174.124908354126
31746.949076851637
31566.410755714514
29669.01941233909
26243.266551161363
28674.455525445694
26220.68954319604
29293.141033571916
28665.436589343888
29412.051550055927
30053.094818712543
26972.684248901718
30848.441344218438
30634.22448403411
25043.018577126008
34125.36055793328
28305.699517563342
28315.829249178514
