111502.10750705194
108458.55978304008
122329.23467100582
123482.00905829748
118921.05068119825
144901.1556360603
130085.8218238809
143845.32293965796
121548.83016300689
116540.69901925401
121561.71978754168
119682.78323058052
131017.23259155694
106683.00192470412
123570.08783093844
138539.7464921831
107303.77354773298
131289.12324095613
111686.954143635
123557.53750670177
119774.14558948582
145221.1186721902
120936.72298892225
130364.94741756155
102119.45785732537
108787.36484002997
119784.89406377904
140738.5621967937
105550.48110407565
128029.1255339607
136035.35855685838
125188.07737257628
117428.30148512323
114783.8187045254
105543.46459453473
131331.86075244096
131356.0970647611
115677.66751001017
107528.06573124234
108510.80903084157
133012.23744723934
127274.1681707387
131633.89542857176
135947.7553644557
115366.7206691502
127892.17039779213
105983.81283986676
142915.75857866948
113778.28839802227
124177.16685545593
102871.9015018662
125359.51179485345
114211.10023343842
111712.06854492257
135785.3821608048
107006.28414976133
103121.30227216202
115777.68806502034
109099.58949813296
136338.50484613224
122820.98688462995
111366.44069519507
126237.49486328961
105583.59284758655
110454.0903966058
136254.7682691208
114675.03744760777
114884.94509902589
127931.40406404807
123768.214302617
113889.44442810267
140300.70134661315
