52670.16617109889
52999.21448811071
66702.46345911294
54044.37302605148
54712.419469647415
48831.502769051884
59466.79066112584
56888.49505009661
55651.93470919314
55889.881125510896
54269.574594990576
71464.198415622
60905.013921587415
59218.618375575556
59265.57955737753
61287.95030742481
69097.41273169628
60230.871530735036
59684.007938858784
57885.94533816976
71148.91839873944
61627.974022414615
62809.535127861796
53079.05202935475
62567.272416496366
65911.1744240175
48486.63937650618
53547.37235402222
59204.85865118198
59371.578236017915
59478.26817264675
63440.85496886458
62972.26222249964
60269.49894481761
58798.055839367276
56056.38728842296
61471.1998598182
59555.093092076335
63935.790523220174
69513.36896971049
54359.94138546096
58056.669231941494
64739.40246742859
63830.502149240194
52751.40984487099
61173.188207961
69355.36396241318
64318.77068348
58256.43858685935
62231.971636683964
55681.576560885944
58975.93895383208
66383.59001481436
57172.667760747936
69004.34039291654
62950.14769133236
51142.776230030446
59086.86661104472
70700.75901258504
61203.471943316355
71292.95151598398
63491.66356444242
60588.51482702981
49285.15969033497
49266.86481589546
64643.00591308508
57695.94637130681
61627.74972787863
74459.63483758035
57598.304211425115
48952.74857816346
62089.27345989758
