66335.16703147297
76357.51358850415
74165.56911157971
59818.26603579385
72713.6114155618
74078.08179807416
72717.49322430308
73604.32726682616
70077.52379501876
70641.7032425689
68996.2265263491
80530.81750073268
59104.92967911901
70708.45438051649
68345.78879165176
61535.40104990506
66184.17833614799
75265.68522123163
63169.069629020814
58244.5884900348
78844.42758069064
65225.19951435239
60240.09496137029
52164.962666815445
60557.793324862745
70544.06344722654
70266.89499466814
71471.18000236445
82997.2535979002
61384.237155748764
69120.1039579362
72435.39578042174
66778.29094762701
69297.23326435851
70725.59511918087
69782.05942786101
60892.73568129848
67717.48484530393
73123.05471491523
75363.36192373194
82772.66793533921
69740.97263965511
73707.24164337428
71586.06899652387
70120.640293365
71599.00907210197
64627.62396035489
76089.33256372051
77821.80606341199
63277.11051393802
69904.75481590867
78114.48086855457
73603.52291963944
75568.82006142188
60315.024094579196
70607.69338107578
77067.32415515953
73688.78607043448
67592.90018130485
73576.54510256584
64748.307522434094
68764.60891107397
75262.7932681875
81272.98696938039
58237.16490082313
66138.01292336796
63518.927806101565
67435.93749809483
61862.28771804894
70880.70356061193
69362.5403197796
69013.65191626374
