110552.69157763223
78008.39759294913
99867.34389612057
100954.78418363168
108402.08964954483
101996.59988618577
104903.53024984154
111789.48765458321
86598.57136070676
98186.4364122106
106442.5949852168
104421.02179320382
105856.64812680698
95660.97230664377
96583.85351237637
110767.61307298172
104479.7801226492
104003.59179225353
99085.73886847812
108471.06973040283
101630.89419596533
110515.24800435227
88950.92704613626
85333.75601733544
98741.11382743946
94988.19396258051
83560.20965507878
102689.62060320916
109622.5441812154
105776.30314107322
96036.86964997058
79226.39604418709
86677.70722645088
97014.85998409985
90993.3248353755
97690.9443170601
121014.8857507257
111894.55869049588
97551.95756772977
99869.37446658575
90086.42093058123
114525.22741606794
130657.9125861844
116191.24540933523
114958.4229470534
95616.93636292359
107422.43689485482
117489.8032867439
104419.34445609256
95782.25334674893
91498.78340875104
104056.44689845422
100263.10868772828
91079.49310157975
94444.71610031545
113629.34011324901
103876.34912343798
112341.21469724037
92178.82937743512
94815.9140416541
104053.61183982411
105725.59631143445
104051.99022132225
108225.6164930119
121833.15780581911
78415.52982033715
106106.21807432803
100305.42745612223
103079.71439825374
101073.78159491101
92183.60922868867
92829.15218966448
