62111.9906359688
68535.28611118419
64660.968037505816
68697.27015067567
72540.58860569248
67490.30990042716
66268.47698726843
76589.08905625489
81715.82415926245
60652.61407788719
68137.11721844226
70866.8981042663
71579.18648361003
68337.59795356871
70703.53640027423
57948.827006908214
59892.52932672197
73804.11771601309
74436.87646992682
70699.73575410277
65616.41411592625
75200.9706927425
78327.99375229156
71208.28440815593
67295.60701473696
58821.21928209405
63394.18933018925
60131.88547150835
72558.58480768348
62378.13474818393
67222.66623059656
73724.15609474981
68819.5402969458
61063.448779281585
66978.12847301234
73149.39406934277
68326.626524742
69154.18402790585
52619.76946643229
85973.94803574763
72688.50291328962
74826.41940939857
72118.32209951503
82798.37033421292
68321.12876484024
58163.68239998796
79445.36896106922
77488.73447776388
71924.23292079801
64198.029223879574
63505.89672280942
75765.63955807046
67948.75311745708
67333.7067751532
63077.758920197004
69145.09982622243
69352.43284167539
68987.55307653506
72020.9473770256
67207.27736860793
75441.36457045285
67867.49012213395
66819.8412682165
71739.13682041722
73232.45951691171
81904.62333786674
73071.11080402575
66400.9306543195
77583.09880624786
56638.04213035975
71779.58987487774
72015.33035100003
