90755.87072230258
99891.14577849311
99378.83614368607
99555.97100484135
78118.76860068338
110286.64215652343
83018.19314882997
89258.63971089879
108310.84084233278
81047.92480727968
96803.38094696277
102944.93004500523
107056.49817401767
113675.17227556363
101020.04317845005
97933.31107117239
93987.44414861963
96188.12198075232
104454.54175897014
103348.69643526134
103581.91233258125
102942.90777930107
98813.55974038006
102341.03445750213
97680.69827888628
92663.2854474316
100890.17215023405
101985.54009821075
122998.99352089505
107320.77400409609
112379.24641199941
97945.06293771234
99869.22229934127
104871.96972523096
116452.20608255487
101217.03892132279
100957.99133870273
110232.2407465592
105004.98899996544
109062.92016018035
94838.60112575516
103985.78165655496
109092.83267798927
115076.25330672182
98826.05993629838
124041.03368108714
112965.04665253666
92477.09373353209
105931.18319549433
107735.67735740662
76862.79163665853
110636.5967370166
98857.16211140924
98677.29416618796
98315.84697892082
101928.46363766042
105015.84254100485
88860.91861547803
97249.58037180577
89395.71174027215
109929.32088432512
108489.6088123728
99219.30839773719
99643.7027095824
113676.49351040577
116208.03753165003
90486.71539953025
98105.91148362546
105844.457175211
101869.15738241766
96350.14467503502
88623.17155340384
