66371.37935418462
63885.81278125103
53578.28420869513
60496.24807201518
61129.31845523462
60335.73715810775
64100.64596037355
60113.773967306675
59689.60910215641
54268.85937948329
62719.62566099024
63218.755213123884
51053.41616309513
51970.10521748671
56572.75768177229
63197.67551870684
60968.45653762091
59829.41655471029
63057.40952570517
58344.89172754661
64261.069069296325
62819.85979204808
57258.56797084843
62609.601747917375
50613.400917400606
65109.358426405
52497.829030557186
52062.98148314833
48337.606228123055
65077.50624501441
59297.61576717184
52629.09214551046
59431.770533150644
56585.8779800642
71665.06483849768
58448.697686129504
62808.436774214286
63618.814908725566
62071.985346415735
50030.01837701507
43714.426572086035
65072.52804512864
56238.943349807836
63364.794383288514
67710.71104820546
64496.3263442752
64668.393566725856
71525.15307019172
53910.7365045931
67362.57036569918
62324.46437539569
53015.91395162622
55603.68819779059
72646.77403209053
59508.081454789055
63283.444615539454
47391.7005588332
69494.96449710478
64856.2251214727
61485.172456485336
55306.81904051734
65172.54137605939
54012.011675708
55673.86502066122
63696.37291833944
50445.16260772168
59390.754075083016
60339.33233027107
62892.09720064326
66888.55152637404
66265.15419697085
58227.30597580946
