105224.19891946166
102136.18672893159
110667.96124764018
112290.20463034675
99419.2595031332
99901.62682355967
102593.79834145578
95684.37869047059
103990.61127838692
101717.49354225819
107111.8764179226
86446.39664423991
90629.12240602936
104698.47173884652
96015.08504519083
107440.18660424679
101496.1295171547
88636.5063741537
103714.84226824272
90854.87995193154
107217.68694422564
93947.90832286148
102389.3530120278
99891.01482658242
93276.23855249779
90598.25716976935
106751.7760735667
102041.63797992945
106710.89991271727
119412.44469420293
106583.81799612509
91982.15017753025
110726.13376721393
96534.69562450999
93915.91525372176
89188.08938662692
98308.8210984694
92800.38052070992
100345.252439932
92078.77365179978
95421.38342874998
107228.20036157651
101961.85265230031
105968.00125786703
80491.39725634652
113112.61860549376
96988.77051232554
90033.39351682436
94311.35445525733
104510.7939382895
92289.78166226014
100138.50838848784
92505.9308811214
100856.40671449692
99530.51858085053
97254.60154772556
107957.89894004
79601.92549363199
86822.74166893205
86580.87181429098
99689.88101506488
115599.15992076424
94599.36580119608
116253.08296503982
92602.8738545978
103047.51705680511
90622.97760454376
93472.1839403353
91938.35079172534
107788.21691405898
82320.55417961947
94964.08492062973
