122881.0887753716
113167.36664382048
125205.95720599742
109949.83581235138
98681.32966580479
104794.64158175868
124140.47528756152
134461.31145069096
144750.26718003518
115774.01544532977
127404.42001563015
112240.95484619733
117437.70485147252
91175.69492124292
132676.1020394421
122036.47822310332
110469.38243342847
126297.98574568593
118535.26248556816
106838.932214385
116557.55596354695
95498.30738044475
129521.5246427133
127477.73430389244
106136.46151660402
120927.56269694059
123243.48175003007
119138.42221458213
118054.99053934953
110215.27755516589
137957.76420028086
123639.8414283212
136670.9822503315
112902.83949607049
127107.46137666312
105388.36050499941
114708.65379421064
100972.54170461885
115415.48220798894
131079.81705440723
112955.2158296037
131397.4604265841
130999.7077673389
132947.32436430024
125628.52594432802
119356.63723901656
113420.23018942679
137298.75438250747
132184.49412150568
137824.43917184017
112504.7245687909
116833.74954067022
103198.31850185897
135850.80278140257
103663.87495130846
126719.9055868126
121219.27232735459
129436.17939073779
108141.0971048552
144378.2938279134
110401.71748931751
131297.05978261126
123176.20915525458
127803.43905721186
100460.50814246711
107195.0278832077
110395.38483065262
156424.0723600571
111879.63778034032
127147.3886582637
105040.4072735523
115324.38265809795
