29312.403230134587
30335.398177722323
34352.82027817456
30291.120763270945
29148.882500844036
29565.812226935148
28418.06780774738
28058.30293069867
28503.978524358918
34147.43095576487
30329.161047727837
29465.270370856295
30166.218190294767
30002.049389193115
37730.01419633381
34951.41363444584
30061.26901257371
25256.639259694108
26305.14571207778
24488.166067774586
34487.971265332024
30890.067258036495
32602.793037752155
28701.547630090823
29903.529864963064
29590.392104667226
30490.928011020264
29143.489522558433
24445.105556728293
25982.873925303065
35196.96177734528
27955.510957178532
30792.455340558903
26026.37655938683
27484.58563802053
28969.82429977236
32266.586826510862
34444.92823564576
26074.26905696832
27020.970285267453
36837.929598794
26703.694250266934
34005.14083018027
30058.390609294063
33535.526365020414
25505.027014093077
30653.248936118714
31313.158022472504
32212.629511864165
33534.94486754381
30042.862648813632
28382.20172111972
32022.34009231666
28516.791867951702
28340.049932047717
32348.125989229084
26764.45957622817
31365.567733738117
32900.501456124395
31590.923417493694
29453.58183697124
23378.032650696412
24907.338892240616
36274.53478900748
28306.74103337656
31055.49691841408
22559.26091001495
26933.31428264346
31776.149137620778
22751.353062236773
31652.876033421187
34201.21307488557
