128962.01074561515
102137.18076728974
104616.29078538508
93898.51115679172
92544.60277205022
95171.6011603879
123498.02653467783
114939.98238843444
90477.16282667659
102595.31223490158
100735.93339891982
114738.69160346562
99490.78118814129
107928.42138797716
113196.06295167306
105776.2228821668
111166.39865064101
103736.52501809971
107181.88938772593
103783.78191589552
100622.21918982548
118980.5611738356
114645.44870418376
97999.0651781414
102582.03628287124
99322.42660347346
93381.02800218647
112108.87674966328
78034.67933764905
97257.68963729286
106279.87802988736
101512.93974402637
88818.52271176531
78348.25546758964
99329.09518586908
103721.62140185715
113248.86822081171
89887.53975256704
106764.33297386354
98468.24782086656
88533.92183335472
107316.2523008629
90918.77990508635
110673.27986239897
104395.35839424374
98467.2560512588
94194.85298190785
94976.76549246705
80991.52024702025
118604.00766604133
96548.91788216376
93399.91290383859
117725.79272440511
101314.35373983029
107499.17595708073
101498.96989439073
98525.30686276917
84624.79025015907
103327.32311592199
99517.78596430969
124454.92738426803
111835.1206873395
103755.49201345851
117864.25245175805
119171.39722225045
103022.04161922666
107110.73721973921
95883.2196828548
103463.14951254043
110449.0799478898
96693.87840163216
80098.17539072796
