26748.25131266713
25750.760058910157
26849.689943072863
26934.439466619053
38339.99033301073
26557.492485515337
21619.4018828152
32937.58923092216
25297.92643356597
33396.40812286352
31873.20279794896
29357.250662674553
30929.92304795914
29976.221861136815
25925.842251934173
26205.795170262107
28008.524854231557
27917.725426474088
31405.187901944435
31901.9306081753
25735.50842596424
29788.56172130535
29639.992534032936
28980.126122783473
30817.1861186436
28729.379626939957
27885.549369091128
34112.39242081041
28939.68493851286
28365.185013301525
26047.85608285589
29801.150168001714
29287.958207051564
28516.690966355003
29840.133856577493
30947.001545641717
24683.97514025756
24311.715713724723
27064.95940843807
27953.390506437885
27370.478897146273
25996.40380032872
24061.516670950186
28897.268434760237
26228.707992666717
24444.21784169502
31518.143479133036
28296.87438900211
30489.75037176138
33970.01121498921
31298.816808875934
27298.71303567048
27597.31316461082
33377.002787693935
30747.82982101526
25209.11834275519
27361.623414259342
28841.241954873472
29960.290174198537
33835.25584144761
31543.255720965954
23896.40651896901
32737.812811667085
31213.462110403023
29138.848175050098
32111.862431158177
30686.925800731635
26749.82807750738
25918.65370765088
24117.584267828694
30451.60981652119
28379.74817198048
