76556.54817851473
87019.54521733383
86189.16220807069
91073.23151640635
76724.76274644176
92786.8621957494
67943.37613452427
75812.74017219896
81755.27445307933
80193.33458510884
79368.678267408
71613.3309012262
72197.07393804521
68320.50730815693
78973.70204508232
78867.03253615448
82410.09381296654
90394.48509781249
80916.45558386894
84293.44830226534
73787.4079942082
69408.59943846516
75466.86356523706
73476.4404000795
76427.20266012999
74102.89146837206
69780.7061009834
86889.52993617697
86290.73508798177
91243.48946796588
97977.6934465003
72911.75870009218
66609.72871209495
68299.23067913897
79223.71864538238
73536.47128164576
80169.11134687116
76956.14134693683
68665.1803759325
74062.32556426484
75331.96670085924
79926.56119328146
79505.99550630504
87217.33612231849
79844.85534618291
71095.98084838924
74560.79717187116
89145.05171908955
80185.02218729639
75828.80671081005
83556.65368559146
78270.23161634865
76958.35466129363
72210.33132323575
77295.56665802943
68030.98537636352
78900.90166553925
88402.8347854554
82085.06247689258
80222.57635893927
83860.31135703831
71896.11599503836
66358.48841969376
86960.40135206853
87363.95883649917
82177.62121808816
76953.14707313816
70118.02435789132
96103.12611466888
67420.10672748307
74564.83140295965
84388.48969118991
