68344.31678873507
73537.32614327558
65048.81747109578
69726.10571752195
63519.20050214562
69154.32403508628
72704.1481714555
71624.95738836643
73550.92740066632
77435.10285778054
61770.95376471232
67599.89366027468
74637.45934498332
67939.38555815125
75892.97916041383
69757.4243812267
62461.34964346682
69161.87371610674
66480.83172543292
67697.62869330082
82933.99845367926
62519.78280547416
76185.21823885964
66115.10033263084
60939.9753798854
71263.64891125515
59201.78082505022
60763.550074105726
84177.6053291902
70308.90989799521
65761.53499271604
73745.62314416931
77127.14701457389
70255.72161780998
79756.43624228967
76749.7113249171
61956.856774110434
66718.5791824689
63679.38402501055
78042.18614243243
58977.30421414167
72381.66067082521
71104.82909190666
73583.69926654045
67360.09427159613
69553.49915831907
73508.37095651803
82306.5388723167
73825.61159551048
68016.57443951844
79270.21947343415
74628.65837352941
82138.8126892574
63110.65890802428
66680.00112573513
73151.39963535164
68938.92109128213
81944.87029792364
62878.86140670585
63452.394062717955
56193.06731384406
73956.98911824543
75600.23278557065
78414.93305699066
65796.76785416125
71291.75428905696
57312.38586100694
87056.09831310957
65482.921274116175
66686.67878297919
78142.86376530536
72049.28497655215
