122844.94869336794
106134.02090802307
121428.2208073446
135870.3447228464
117174.48360007959
125282.85624447824
122881.33444127599
124981.6574449687
117214.06805841977
117869.25877329038
136791.62783481364
118032.08633547366
116699.24856036564
112124.53654116126
115957.31778991465
111352.5200507136
103540.7821848556
128156.02492945331
119483.89167091527
120670.63163307344
116431.12541327871
127260.60329105229
124365.29150239726
136199.8660158424
122688.90214893821
133918.03861365444
123407.84803293896
135838.84112096633
105812.47761078777
128798.02576206868
140847.80861668236
107864.86136109565
124859.86959282286
121129.2490050142
115254.95053381822
119774.79552740853
130685.6851940938
137549.18734017314
114914.45245447254
107313.45034818906
109980.61860492492
99977.95778022395
128273.0677782334
107783.00455165439
111569.00524642598
102481.81453875155
120201.45230875896
123258.47546375824
113052.0601265423
114345.94681523937
108495.8846570241
113821.20797168289
137316.10119988507
105133.66879593425
116868.34497682171
131072.45096219814
132849.2627098284
117122.08642970039
105495.68148202024
114012.50267188302
112042.92160762711
118513.02006833424
123055.22692960362
106779.77860260602
117716.8947472966
118011.04158954667
136066.01049572424
129533.00019701842
97237.91636557193
130010.81614508631
130299.1274984121
110607.2300236104
