100723.3304146103
107811.42561937384
120943.81783567321
106336.7409619679
106010.23284282538
86291.57564576027
106322.0366068535
121306.01292484868
106125.87478881863
92314.60199551938
106093.31507819162
100310.77846055456
96541.78962925373
96910.1360722957
95373.76677192129
99082.2530611613
97037.76445369764
102654.78902855792
119632.92617413528
94229.36816948047
95093.7779994197
100198.17078784344
117642.65078817435
114494.05482509852
95613.12180326428
102373.81226530846
115072.69911522309
112178.224911449
85454.38041184664
112573.40289552411
96115.82679643836
89311.585897694
85650.26516648901
103655.87432389718
112558.72947391446
93986.86309113643
103640.7624498742
89759.23533944065
109237.22153443289
108313.13626821304
81637.6623805395
104450.45959871361
92694.62033592953
90429.52220807502
100714.48114057578
102669.92075203804
113635.95727868575
94915.03891424685
88476.32046055832
116255.10892165314
93374.6215843158
98706.41339898735
103809.57534819529
86100.91718495896
96246.35848834441
86861.98665042024
91802.09580144889
106590.89001349382
101550.43031685356
101061.32859457593
104032.05478354833
103746.24450274215
112658.86907336282
96983.34040273422
97914.67817074517
95371.34928208133
81349.64690380145
95181.72799067608
94080.16733642171
92968.1397242895
89344.3270601091
100955.51772400475
