90630.17398299016
91028.1232030903
102436.36360391257
106980.55329304523
108880.52450544303
112269.79591901808
103622.67783547487
90397.27372699675
82835.00487098086
103198.77723068937
106867.69342217274
108818.45469710631
118822.40587458186
110834.5123748969
86269.5182124543
104755.30235556343
99982.40873685217
100814.89470211524
86882.41389382136
96027.01203415371
102478.06025986235
112152.37650062946
88589.72518103172
78955.77051320499
90180.06573829369
104076.01166598465
103815.6173325226
93732.05248734
92354.26661763873
84261.80194492447
103321.61318681802
109710.92320292785
115469.03474840567
102744.82345696978
88712.13990821956
96750.94055763177
111081.28532758167
99478.73195436221
91714.1283845677
98863.61773941295
89554.96508311515
91810.43472107012
92787.12515497528
99765.88274431783
103419.83823618293
107604.62378654818
105345.60143172722
89158.4081671191
103377.56662730181
98402.66004579967
104307.74577528452
113736.88286337063
98797.37728009876
99964.85174329694
109137.29419959524
111903.84027753095
109263.23399891214
98148.4478455886
93062.32293783363
102684.41359644335
99262.18203554122
91891.17935075611
97784.25287320027
95996.94636143287
103593.01941297481
86793.65598404802
89262.38971890647
94396.71123919945
96869.09794898935
114405.02415189984
98293.50364386238
101684.88550695645
