31448.465306926824
29912.267225459203
34505.08566499783
27152.00562723868
29679.375359962876
28074.603564208508
28417.854704727622
28709.556595060385
29447.630379890248
30563.22175734376
28107.12125601371
29758.433840628993
31807.457084009337
32802.19170565745
29061.58541885779
26498.479484267642
28696.484559548357
29329.133422692794
27502.801499290596
26968.41953138422
35082.16926091917
29441.36537964683
33321.15899070435
29539.987704867828
31035.08020978274
28063.804681225334
31433.276024880088
29432.84358271895
31489.138569297033
30240.732898997172
26653.188147719553
27633.593179774503
28367.133655674934
33235.8035329428
32023.514273047786
25750.7784191931
29670.633949726485
28646.66106588402
32267.275688752416
24926.183997916487
27842.292335997914
29864.10417203997
32488.998785377702
30922.527920240274
30045.22264487503
34672.43784473087
26908.998932979808
29506.751159731397
24235.07833912493
31728.327943090066
31934.27237094477
30466.17234712518
28715.55115800346
35599.92200741285
29465.398466309238
27266.61335416633
34957.05909538529
28274.998210457874
25068.830141708462
25628.9272420944
24360.689058305696
30802.747058127818
28998.291263159732
29133.433932212745
26760.758672347136
30937.035755603436
29836.96358859568
34232.830561127965
31165.52713818161
32865.39100323871
27636.718622697164
29384.050342234746
