56869.34842521651
58727.15696929419
57625.46364527494
63595.43472585166
55016.15127264021
49485.612195425456
56538.21081909206
56549.48139483229
61958.40752897319
56127.21619327331
67760.78701848966
52361.74682580236
57421.572251699974
55438.51512289341
65406.28782405863
55390.573327145
53658.48734754302
56846.24595584492
56749.25526405452
57613.54619917879
66381.86091769687
53843.6346117559
63232.09324902607
62984.29621058786
59207.60261585393
66373.71244293275
59795.211839955264
65753.73030521347
60006.41153706801
47831.45987273494
62210.05687075288
62353.17627131015
61516.898214304325
58793.649738335596
64904.65451925837
60964.25821677272
52877.857381504255
47193.486414522915
55087.87780708705
71543.6240937093
56815.125930716014
51652.63814901163
62672.81172943491
61794.31949612836
62592.74226423487
52142.54445684787
51984.30098323799
59146.880918621995
58647.879852824175
63762.7070652947
58493.2562342244
63889.39900734774
50564.78576216537
55632.25383785317
56528.63368829238
61603.24956115212
63596.559934182944
58801.974318182416
66804.01833997895
70196.0774146995
56337.099086688504
60596.5784379143
64412.62300990354
71769.9594347154
66612.45626275503
63249.72170037534
66715.85861249275
49828.600104262034
62289.28429253118
57854.16834905578
54747.76310548022
61044.17044577783
