105340.59300368474
102543.95147026707
91674.94107227914
96400.13614483608
80390.92968152338
102295.3471180746
81075.85249170165
87430.74881000824
88809.84660519288
106534.2869511523
100438.80931746206
109485.06591018398
104003.48122255123
95307.02238191772
104293.91412974549
110514.1419691686
107443.34495429712
99060.94609467457
94214.12801130659
100359.12258388122
104916.62625851907
96805.73637457321
99933.72464504078
108533.76691391996
101076.581077926
76297.82379675121
113950.6125261459
92821.85428218868
122016.71980200864
87263.95180659929
99156.47400042637
100741.75017563537
96845.94615459055
105484.0484676238
96543.89994666966
105385.45774698387
97852.74654536639
105876.15287607397
98481.94420909243
102015.46556514475
110519.05285049803
93753.95321051346
87595.96650693739
119577.38879089498
95255.36611123693
104848.62586319419
77598.7240347508
89477.5275285588
85614.62718161644
96979.35153545953
113322.26279496704
110847.17041888543
94893.10267075858
94818.18329174446
98583.08361525851
92904.481701762
106276.12487456632
103919.77473032821
90024.47435775909
85447.13669129502
100002.7552128336
85976.9977188445
98449.77844181612
100864.56875614644
99423.06925314234
88118.48504974387
104180.12393028518
86004.37180709044
90899.87160318394
100894.92112729204
97023.18668329253
108751.69312378879
