53892.111553175506
62975.40520423697
54617.885044929
54608.57978560391
59674.97052953695
63050.67211516002
57803.61181118704
52405.267653410585
61476.06638768609
66781.0223916521
63794.98076986474
67344.18466763022
60861.42609063968
54298.812995621665
57620.29139617144
52439.903778203814
64529.580564960335
65412.41854090523
60914.77230717716
52134.3157330258
58639.80613932691
56810.6534755987
67597.46325805741
62330.96443788074
66340.03635301255
62969.33130965241
64612.238475267506
67417.89040167577
68288.52103596943
71708.21286622607
53853.36658165698
48915.63518448522
57964.202988028745
55129.68398174009
59189.86149920388
55053.29694254902
56046.799881026236
55051.320693620466
50250.69589510769
59047.34058118631
61298.65690111293
65403.03321127729
65678.91922233014
61802.869498467364
56878.05504763612
50216.21914071164
57320.74690768937
56055.97581142091
62821.90219479662
62399.28443938961
53120.265576877
56488.08559590037
53969.04918736436
63076.048989186944
65525.091004746806
63434.55796984197
61771.66327253314
59640.51839339718
52611.1956503492
64553.52370256017
58177.40935153089
64116.038813696
59775.15661475188
52718.48331318924
62303.79039826957
70130.65547118367
66087.91754766206
57306.54982528956
52762.44090557922
59180.258953674165
58608.47847445856
69224.83179271052
