104501.99168669626
107408.21814987875
121595.19900566545
95981.38516263635
130002.96020774561
126660.84880399886
112006.96822024115
119903.29998112257
128226.66050366282
131787.23075986758
133114.15903282407
107925.39792003567
107444.00384099713
105187.5380902311
116944.44316584169
131118.56682340195
131413.2645765138
105668.20092465122
111773.10518057119
107953.3586955712
129864.073852747
124026.20787445045
142564.48429082506
106183.1758474274
115196.23258512563
124977.12713703878
133372.9329472972
130854.2236361574
104241.10592603392
112488.90268175864
96378.69284690324
95018.56233004772
107011.81541286607
110353.62890581731
116158.89344357843
106490.56194190477
120695.38652458786
131434.67419957556
124921.21095732995
135586.44782307377
105609.93857299832
114942.98219307927
119186.2042817344
111066.35319066339
113685.96564919372
126708.52559242236
121787.51145780548
140177.2068327619
117723.47165109271
137572.80852283476
118834.88461238661
111404.43620823784
131945.34543692708
136125.35668147582
128431.12274750129
94438.21258583663
114737.31826759782
115358.11749984701
98061.31574988781
125331.18569555099
136172.8548953298
114933.52459266648
113101.69647796887
113466.96263468292
125444.81422764105
125769.13357552332
127532.1647627031
124492.59272462918
122009.67860044344
107370.86026681717
102145.83969941516
119868.99805981848
