84756.42986571451
69657.54838938342
81785.32918154205
97546.20801055463
90373.16588398964
66584.06059183352
92219.07086064725
76890.71671301872
69508.03561973851
72883.23654580489
80163.25554179325
66329.05016059718
84809.11361384313
79373.07388357118
73787.20096237995
85440.6451963649
97229.15169206058
92988.19025728684
85790.22615430597
64836.532280254636
97143.78224430993
80305.3651008687
89992.26377898605
80599.61287432659
87732.62789061366
74995.53718814206
90845.58976275305
87703.13095951456
79912.85365483911
87277.66926937985
89219.35567661803
84242.22677882292
79973.27910543124
70879.36996511761
78129.08153047589
77318.04686715096
68855.2434444851
59389.86047649761
80597.16229122072
74570.31964107389
76197.2923348103
76975.49602424681
76694.94542177132
86190.3224906977
77073.17745444908
76344.27953795537
75296.79720689385
91338.1953950613
77280.71644571325
86652.24740547834
85963.78005789476
86704.46431521626
82489.98758826552
83351.28204933622
80565.85535810111
85523.75607783197
88361.17487180997
82972.37064620182
79405.92506555494
78570.67297110663
73682.12875294643
72488.39461219803
82063.81834953661
88752.43773555759
76820.3793803609
83742.66707676112
86911.71585440043
94004.64484818296
79816.52394138931
78118.26680061046
67315.00700683119
74628.6319603299
