60786.0081019589
61110.55831409959
58899.40355478338
49245.73250344673
60020.22962128123
62404.705807453734
70282.94789969602
67305.78608393566
55644.18261531748
55137.02078786617
55560.20128175087
66151.84505517657
57836.77743170574
54687.77252321484
64497.33613019857
56300.800958376916
54664.74021552462
61375.79768647995
46782.642817566804
65374.41427321501
59395.55979781731
48671.69284139367
57775.30620739617
63369.10744043452
61488.334347626624
61021.73616692967
48699.79076256456
59596.45916355403
62136.16679173568
56594.35762901198
58140.99829086824
62324.779926357856
59747.679614963396
54424.278372820285
56865.951144731385
67270.3601812125
43360.32995442574
69838.1115173078
62699.32716895008
59244.69661532474
68538.17428129849
56388.24806075668
46754.365703607145
69763.38292025577
58498.502017375686
52217.968292386104
62896.75424999499
58925.746164770484
52183.37785364777
55421.06880502406
59531.2811693987
59029.99923584832
46426.22354271777
62992.83403646354
55119.55785795921
56763.49639824744
47561.12898979033
69917.43718162892
60211.243896480664
65580.06985796812
55033.01306272281
64550.82456645334
56149.182542329574
52547.10024201396
65658.95509917375
59737.41695531027
67842.0353075187
57487.37881178103
67053.13842849925
60943.46602202004
60450.83330020422
70943.50927530392
