64449.78290717024
67096.68056604748
80979.32806215306
74365.28291115664
77956.37618794551
69268.96947768479
61814.72345450006
79693.32392235842
66332.00236066422
70692.36290256136
80252.31155744962
75783.36850550295
69292.4289012486
76412.07542488528
70187.42452363357
65183.85756607452
72757.51368088413
74227.97155247576
69772.30071920516
65224.736778188206
69878.25186430365
85390.16965153052
52532.592572860915
73751.38351707358
70606.9013663643
68062.17039527715
71929.45689304656
55422.57766406397
75284.76331244184
67033.34897526106
71116.10002180624
71881.69754419583
75294.97676081223
54465.01048981517
54541.91026160786
63913.76036082245
82268.20846322515
74543.65358407726
66857.3543327482
75854.80038864182
61635.07305970886
64148.116296510685
75178.1251605844
63226.91426509718
79622.6115855893
80301.7215189442
67434.89813713638
76255.85129436501
69544.26244465208
74378.96567831156
82371.21926005371
62607.01539524569
66557.11156103073
70314.06208272897
74063.48811286148
69752.80830742289
61796.72827680332
67791.5403548252
67263.06653694433
83827.81408280855
78373.50773212488
84759.47871436014
60020.196316034824
66995.93321426307
91260.71024903913
63941.395431441895
63819.27673760521
66958.16633724867
72020.28064295492
67603.11228566681
71491.68423704318
64917.18050722694
