69975.00409987113
76838.87550965163
65885.31788311759
76504.41292569775
72992.6354634927
69362.89112145374
60227.99879748464
68165.5218900328
74901.89184590733
75185.00726090759
66809.68499103952
82672.09230695327
63144.36884102148
63554.34200640969
55974.14770901041
67454.97011403655
65181.25571926732
79609.84418609575
78372.60594004909
62417.6154872721
59440.279029505684
63315.37228100731
70898.81822203675
70193.1645642922
66012.08005833405
82865.26261893417
68165.71475930398
62172.54926478232
69370.35235997259
66977.65519736525
74894.64642059729
75239.52069960232
65580.89399382897
68146.47905619568
77196.47243442407
79754.94670502245
74775.4698398182
60752.235945301756
60449.831005352265
61735.14561288359
80970.21617859093
70256.73647047524
76912.7705512046
73322.84100311379
72527.91496465229
77182.52616451055
57704.91075098518
54743.65187184209
67050.0800615109
67194.65489198847
71821.08741114095
57781.25947636718
66344.27329324416
66260.56614899039
57144.80790053014
66452.86408744728
76623.88601081424
65339.26673809172
71563.80771889054
67626.21636373865
76566.41691735813
73618.39835950245
73598.79279185634
70865.868711386
69058.3467660966
73602.43856111259
60015.59129937528
77950.86782925908
66281.5045808426
66782.472248386
72950.9695397561
63676.37149148297
