33087.53187383367
29566.977523262474
36201.311649810355
27127.855413553207
33258.383364410605
32783.40379699061
31981.940600066544
31518.91798862062
27971.94225383315
28346.798594006556
25394.49447220755
26642.69687766149
29573.879896654005
26534.5102045163
28233.44226401456
33050.81091355379
28554.517048760434
25442.35634198917
35502.556822015715
35018.15271946821
31303.570354137555
31789.404462867475
31186.068023233624
27248.105350486956
31532.00533256851
32391.87037643867
33690.76429024654
27599.526123519492
20961.58616345993
30891.332836282316
30669.549670895813
28678.637717443373
30594.89946191926
29482.583244295904
28881.674564509503
32088.970553639425
31577.77561768002
33113.386683644356
27804.564651546112
31949.97833487605
26408.373753967306
32855.486780742765
37595.524106900164
26210.08855149062
29785.107286674192
31807.465230818405
33637.46206991863
27714.214348491132
34288.872743548876
29589.185470300676
24965.829768266507
32248.4949385629
35468.49470061266
27218.960329022342
27760.676984046477
25404.005302942838
27477.79281575268
31062.497378989057
31347.057088332705
27315.458462300747
30947.51491809488
27056.583723399002
28668.323325431542
34483.03266579827
30332.953519560666
31732.11035055431
28231.942232461784
36460.66717441674
30603.211526054307
33940.24879767188
29911.65693953488
26477.26136407781
