70201.05976942347
72067.02768002266
74705.52130903477
68560.77158093046
58072.128966056676
71939.68284789148
60596.77639241432
74318.35605096856
68547.93691142263
65741.29606560389
81057.6478054846
65032.78768035223
76347.18966274921
63336.43326981433
56336.7399921925
67873.29527007637
76569.73678279026
74545.03287545365
61393.22487462404
67332.11819455348
57070.337480273425
80542.18601113485
72133.5338320268
61924.025408509086
72537.88831398162
71507.85661214194
77206.37455534894
70460.10486316826
62063.72861635876
63257.54159670796
82573.94354700568
71526.13758549666
76921.67623891478
73977.73417978373
71035.72775251772
68177.52396102759
76678.34053416766
75111.8364134792
68432.95114209618
76120.92109261917
74752.16546950898
79056.62058156326
75265.97087200957
75594.3820913119
75944.80489876328
65778.55410077143
66680.71476973986
57502.74871052354
72210.27945841185
65487.95796025155
75859.93150047072
71332.53678549283
61267.98543678144
75553.45437115658
80884.3121883155
64326.57538434059
62307.04917928523
63193.98112356828
70525.00479351364
76836.57578356263
54707.5127592402
72482.13702998105
70601.43027641127
72805.82440238423
75685.75131454198
73598.11104690135
77690.23659506426
73265.11674976996
71310.50434187253
58079.14255790913
66638.64947663514
63814.01754434146
