32620.53148857726
33243.75530339646
29858.179253319628
31882.32912412526
27667.235515707805
28022.38521733192
29080.509143200747
22275.2110359337
28473.464548458767
29235.190396097
29240.699612193177
31800.97478566591
32347.274084676843
29979.112426744658
31784.67569082829
30253.85153017918
32510.521837259083
25947.622108562304
31079.505120880025
34309.32750433911
30495.220548103247
28012.996077359414
32033.629968544545
30379.03050759485
27349.23919138135
32329.313258649065
27481.423349062934
30918.064296177174
29375.450471942124
29503.693102711404
29639.189108729388
29275.711276044614
28405.365979172617
27476.28516409943
25022.23843371262
29201.951544080872
33506.53341866112
31621.967026835744
27887.312465453888
36643.65779637137
20313.89921331487
33270.73672919071
31200.573078714417
30220.752353959087
32301.045246600832
31791.50924302469
27759.08389926272
29325.956118205322
28465.291964292097
30830.342789102444
34219.88841558549
25999.896197425598
25413.75997888432
24766.27446492081
30533.83666931976
33084.710837614606
31073.45114808001
29208.793236500154
28776.82156072647
25704.380474105696
33610.891782745726
29277.187047138894
26322.072262038844
29174.98373028248
29981.26941927182
32864.60037425422
32743.896089176425
28301.32712886776
30689.507809778
27366.575930793595
23029.889455816607
30466.721171936017
