28568.1839518407
29845.960702458593
36562.0109957117
32960.54144641404
28835.276672002765
31900.515080927886
26687.400210208532
29113.861715292052
31489.046189180437
31160.123694806258
34323.98734160815
30328.84876930098
31120.030576233195
31135.35815056079
31875.62831561503
39788.65347436714
30531.060872926588
28389.28665102348
29495.88834423305
27478.370558463652
28167.309462376496
21616.26560384379
32908.92084539778
33339.11071651779
28892.245398585783
32286.181342286003
25914.862506197176
34766.6459633495
27977.362726794054
32803.90442147376
30166.933574999875
27871.419525417998
27412.325422204685
30564.333781458605
31066.497596273635
28565.215789132548
31401.454050612632
30807.56833862837
28050.825329587715
24601.44505381073
33836.07976314042
32742.641430210762
30593.531763079398
28552.341463964804
25221.053288277857
29864.714570189015
28326.478017517376
30130.857860752527
30368.697872368688
34299.2676121609
29198.632610506374
25062.57125416469
36599.39193822077
29693.5448485043
25373.74330567883
31583.308418610162
32341.195714456735
26688.395561923317
27003.801877000336
28079.197568057858
30390.163478074035
30932.54615626015
30381.095376974215
27664.610603115012
35336.8618120249
28002.47129731993
27326.082368418687
30742.22138936614
28119.159339943686
32239.80967058735
26277.06322874309
33609.47826824019
