62155.05439254036
62616.96669714711
56084.41442100828
64647.869968072446
67781.13441502218
59336.73647296946
66373.79774545625
66023.14634595119
59927.77820579011
50262.392161625816
60860.697996981835
55172.76137604618
75814.70345126546
57007.68889676873
60901.32798893467
63387.30345695785
69769.26203795445
60515.686767984495
59640.25518318898
55802.09478593248
66929.14018712571
56452.4229969011
62088.21058765868
67510.26779612646
64478.519527544624
42070.91658854159
60398.35614394133
62139.72932010596
59687.84691765739
62964.1032037017
60204.81375977052
57225.6213469407
55041.900247852995
51612.28813533373
55683.356003556
68311.51962200615
57983.56656599263
71079.6360734725
50529.65625530884
60344.67648610494
59900.42753142971
56921.999720753825
62527.134845562854
56563.72733922574
51713.91608907351
63360.56248998841
58406.40653595236
62896.20690976946
71521.12095735462
50190.358827852484
54902.77805414313
63844.719065335106
62753.00459952073
58900.83948474295
58124.643169369534
62935.320570494165
59613.99542163517
54814.36200279412
53978.56756049361
50367.73463211917
60299.061799048664
66214.11019009688
59508.76015544433
64388.322386927655
61262.48107943786
55386.20693069488
57505.79884918606
54604.578574793726
65212.77751729152
62312.10234073958
71168.48796754613
57444.38531800199
