22813.083110816264
28558.229523942115
31005.45709985236
27087.94311472089
32269.566657493946
29469.014577851693
23525.2901235433
32623.547275388486
27454.644555648156
32246.310306076128
30847.39132534002
27759.926310377843
28022.7866997191
29334.092919189115
30457.623621992814
31515.107941804836
26972.789499787894
30704.982605229652
30644.175747041096
27901.71740960527
30914.404311686656
32962.7471603373
25089.234622064196
33684.99801375032
29106.41959754845
30412.05881425273
29988.519462646098
27389.45484206137
26156.462925189127
26628.539710261906
31721.863677548456
30634.63270704709
27005.203171086025
23574.48037313628
26875.989278725236
29705.746920736445
31276.355588590464
31482.10424750071
34670.484059755836
34708.05989603358
32525.514132979864
23262.420049960016
28894.48779343107
29278.679138483618
32502.015238377186
35386.73880750265
19372.969319314296
32150.281014454584
33255.788134669994
31997.933567982014
30608.746643880208
31515.38077515185
29032.479522180976
26827.414546420463
30500.467833376995
26490.941630604375
24831.000657573433
33354.35163664892
33911.63150471091
30072.30001459988
35224.8298698269
27206.60053934518
27673.86692452803
32222.240799499414
33593.698232407594
28948.96531216833
30386.842699607765
27638.195134442925
31594.77751214278
28489.84801399557
26959.871121626085
26660.125203043695
