57871.859256052056
56878.78643742907
55540.26706008803
63206.02235845884
58239.99680383438
55030.87394849453
66161.89750075215
56555.72513270111
69231.55280780168
63167.59040856589
61048.22684062677
60488.76681941486
60737.349354749174
73215.86622304363
65483.72317537973
69206.01564658657
65713.78052711327
65701.90110526996
65502.99603137782
59389.33190855385
51592.64253311731
62985.19429673241
58158.118619981775
61744.126671302285
64805.0844770987
63361.05358797529
60412.32136234625
58796.778136865934
50604.24380996613
60948.49048366548
52908.07648180049
51782.41544392129
55911.56308233914
65998.87438480215
61009.84185944508
57605.05868823438
63394.47349421633
64537.91770019662
60148.841856606945
62249.58536146223
50261.30188276762
58692.28794226805
54309.72654049579
60074.20124442202
55469.19391709625
52603.21804216856
59098.032470410115
60904.29804593579
62463.51503979083
61623.651962674834
67426.51935276516
65460.68926528029
58383.74142294277
52940.08342387813
63540.59939296643
58168.44336335003
58167.06606910603
72375.65656655404
59240.22347564627
69769.03849887544
65294.98083630973
54425.8459821736
61660.97796644066
72647.34009590687
60696.17214026651
57612.687424134194
52139.409547330055
59930.85662894852
58787.11633755908
63570.36532268243
72056.1203741507
54078.813130337425
