28180.130963799144
30860.839466866797
30306.136178389144
26720.869254007954
29427.393013233977
25242.79928656843
29820.488639917214
30302.667849831818
28006.710289743176
28552.258453970935
32457.261497499698
27529.588217905202
33116.30408733263
29062.797373371865
24078.409869633873
27751.87310014113
29997.167762846824
26950.993155907636
28641.318138692775
25574.887248729934
27340.72047632018
28525.085972379453
31534.896468358023
28780.520519505826
28901.694017775397
28199.88942309829
35131.56696232423
30784.732124820202
28726.393201668223
28771.75633017619
22243.561920189648
34258.32018970264
28016.37355728844
27504.456707137662
30190.046953915047
28853.300403237983
25622.44353840367
32717.768115122068
28364.619230251894
29716.242760918925
30868.746488507066
26906.429567549
32917.649097679525
24781.82986547845
31244.33426447023
30471.730238601536
34470.95372552487
32626.58875312453
30746.60229675687
30443.91236300201
36322.23434356682
26997.142820528006
28352.598806349262
37171.88199396593
27399.59420670997
24318.27394949999
28101.811045175466
29062.37642989606
32462.608569272285
29604.841482317766
35440.70748267344
30536.961985961105
23737.693703000386
29477.138797427153
30337.448918954313
34147.80170112557
29225.599088169754
30774.94123769523
26952.700373009746
27268.68043305277
27155.797757513006
32852.36173334608
