73695.39345276961
65337.70522526078
76867.70764385314
72533.27211651468
74049.96345862522
71300.00022170864
64811.188418265105
70338.39837437957
57502.45478183254
61161.90884635053
72745.56177066578
72851.32053289164
72480.76421140211
62767.398729694454
74325.14093695582
63911.0897484441
78877.56713489941
78242.13923577568
63103.186826362085
77881.36919241353
74840.27601801773
70913.92382798746
80861.89253556078
64091.2566384262
70365.63264108067
73584.76603553473
70478.59969673744
71224.84290439765
68879.92074589389
77690.7061802214
58683.89818881343
61722.1187357608
73914.28872101103
72169.26203709014
70256.55655503832
70355.72544788035
67364.75256943994
63873.69079453087
78075.38112481729
66211.38200001187
72243.42120614967
76910.20229688454
66880.24169242612
63588.13697065849
80957.77184851104
62062.0612230975
72792.01237471793
73589.518455596
66816.93209219632
61779.16894247868
90660.00301820516
58575.81229192381
52703.88101678237
67225.67685363843
80217.47039686983
66633.48535995593
72282.88353853533
79635.69100520025
70872.44301638046
51541.73055197981
65462.41842449738
59609.872587580365
68972.9101878599
77760.4389865739
69640.51151728038
66446.83555665688
65747.74458031642
72595.08957618562
69284.72589018612
78655.91609850057
76933.96494931648
74066.91734942816
