102037.11403290794
108094.6331278077
97748.81485958378
123821.97968267353
121442.47043650132
118246.19153550678
105730.02765858734
140536.530469107
130034.58279428938
117997.20643035417
116624.31637214811
119500.93950228817
131819.13131504995
107363.88097901501
125746.52746731452
115538.4404031919
114963.11076419486
112550.57865609389
100767.8309986041
128602.3596842319
134032.93135456197
116413.7317964523
130585.18970423065
101865.3868438385
111131.58415527473
110594.54096565762
131019.8076262897
133316.31984958352
119724.57474217012
112083.99081954961
114950.64383392478
114015.60900168255
114021.14863922911
124794.5682719569
120879.3367198066
124781.53292776116
98803.00107214045
112731.64625148296
121619.05272526904
127723.4856378279
115400.40782186392
94527.75956150607
119878.71632103766
103034.44522489801
110366.69746901466
126619.2555756726
102126.5852020266
144195.91675353656
112100.35221232689
124350.09884762004
118164.8727499215
142929.1980761249
123166.20738392524
92119.70647515537
132573.718373271
111191.04442116307
111471.5706629133
112299.45111924615
128231.06367731176
114185.18236145255
116584.72539527722
120656.05224634931
104516.476658983
138095.15157664282
132437.70649620928
120593.23995948838
100705.23885521229
132801.2638397954
127095.86581800973
109797.07196930479
133436.9622754823
120890.13575191153
