56296.55226149072
62801.167851295264
67290.83626144462
57120.504057740385
67090.12992938171
58403.612476855305
66769.89038245071
64481.22502242466
63144.60410816645
43890.45862912753
57627.1469097053
59800.571658247565
67157.71064965594
68536.6208142814
61541.00230185862
62161.06553672216
64816.8350574038
65246.89340233155
63228.158854590394
66890.77726653173
62247.171793374575
68674.35931777532
63567.900259329734
48170.33108517055
61627.541161498186
57614.52729816762
64944.64488263361
62219.68268255124
67461.92838326679
61547.85811057143
55902.94001966831
59612.574954618154
57174.604863071894
57832.546325882926
60473.68132693023
59170.208163958785
74323.47975572906
66155.60371120293
62425.057964636886
56875.98238237262
64676.26725232365
57359.12836519114
63473.3125547911
52939.01749848819
53269.427240502795
76163.6443019282
74325.60048034062
64694.65882246961
61117.16140745123
59893.28161208058
67877.26246754563
62271.067053442144
60792.23248053763
64455.27551045012
73763.60198015317
62571.34551741885
59608.3705799198
60580.69176486935
64124.3647333923
56440.203250941064
61858.04839271108
60531.95766901013
57656.08070777179
69253.2080370486
60606.290528336336
71061.42599935002
53510.368890202924
64153.171206619525
56635.56868132154
55585.18960680541
52580.5920461325
52568.989704914806
