58110.096010422974
61188.97269687208
67380.29555605551
49351.8687131649
68386.51880662185
51175.65942025026
65210.56970132322
64194.426751636274
60018.905695519155
54326.077635545735
59959.22329468262
49916.61879476221
67827.88439793041
55456.6784826466
64162.1296132029
53749.303441756376
52584.38332742609
66157.77569609143
57726.25190975583
62620.506292188176
63312.54379178486
60403.094981480746
56896.70015937643
70890.12068678517
49556.26471674367
71187.35128588082
56513.38611746795
52353.56125068688
57767.84736714182
72011.7027669195
54257.62696346095
57361.00214925902
66050.76438759064
56677.039977905784
59985.33136579378
64686.03055450191
66030.01024491715
62402.37062212909
62593.08747026655
68764.9141515052
74190.04344656797
60378.25998732096
69214.69649975933
70395.09538772624
64120.909852809506
59462.965554544826
57872.79092747784
61222.30221684332
62414.08293646841
62523.90255888973
61263.10431612331
57839.64916985279
61521.11274798837
58274.81938565854
48919.20895973734
50996.893486547306
63329.56991381394
54768.310248209484
61616.25484526447
57108.664603290425
72253.3195296959
56663.03585714218
66717.1683127592
57089.677400423534
69107.22882688687
66346.4901270599
59205.84417342891
65340.64476787237
61886.98803485592
58193.52700940789
53137.92912171612
60174.17394566396
