120638.12924239704
112340.99179862964
112642.07584382874
106497.40585185224
114252.5724042736
113997.52426371358
125114.77826773997
113245.92123468361
108961.29557299956
106359.06451804242
108503.51175398419
132280.85584685215
107523.04231547627
128662.93662125814
113567.89055072497
110497.43385929576
94677.9182096286
111659.10863696024
118427.76743811391
112253.34980120508
119217.97886049372
132644.29834871407
128142.57865194268
131561.61876857057
137377.9872463869
120419.76344034492
108196.49624178675
139159.84933780527
119478.05974333003
108859.19951383726
119075.85692445641
116635.39252223563
112519.666483142
139642.37368876513
136950.1762277553
127079.48819032013
132426.85141035644
109499.38761444904
126045.08297939
114838.81318459782
128543.79076009229
121784.31923104767
139098.72650361666
126244.62267856362
112686.99270756081
117929.54119964794
107862.23217891101
132160.4901240227
120580.95172171442
123398.42052838371
109144.90376900669
119795.21583776602
124553.81058543247
112312.76608463118
120803.71476251258
133946.032122206
114138.36395697416
105193.23906986437
125584.48274970672
108349.04311303342
113090.7510993332
114133.7567184877
120348.37836995687
141391.5012952098
112582.27826615237
123742.03336351136
123889.81125793901
115243.52145711878
119059.3773353893
106209.60665243315
123161.52089979645
117878.1143196573
