68211.6896363737
56572.13881265223
66950.60183839739
60873.59784132814
51042.87963353847
56867.37126174807
63409.067268837694
58375.772782996064
50799.725193322294
55779.162358684895
67473.39949457657
59584.88138053849
65659.40395220574
53303.83359652412
57758.32795769001
64376.88160967385
68934.93696984228
59214.65287351496
57544.92668003524
68405.10315847212
65218.09561862456
64299.12856824778
61514.664807033856
55161.00654416193
62086.41711927285
67905.93649726913
70685.06443168766
61159.5207427272
55679.88837089071
48718.55882738757
61896.76931255396
51233.36094717078
56494.21143858629
54398.78404863968
59016.75815262615
61189.75107258811
58884.13643090636
60573.86483923413
57413.631664746936
61361.89437966457
56069.677979545406
60320.331695551526
71842.82697004164
58656.45399625782
50060.729605041735
55551.555559766704
60114.182704533436
51159.344729296565
64526.14274105775
59245.29933951883
53720.87913412171
54039.959118679275
60224.00558562334
58869.83814199004
54805.33850960708
58329.22660462067
66177.99322661897
65149.095692112496
67895.2203856869
61385.26183629134
49181.36342147154
61782.188753590905
52890.26047893422
66837.07833508623
54860.15308921202
60230.53932297587
54509.59564564845
67903.73604926316
67254.84282795971
69106.74709319447
61881.61306985576
60153.00714312937
