103737.7318067752
71637.91492243938
84745.45702521215
80277.77282711894
87861.28178870893
87133.19309259925
84643.9332822165
69793.38410112406
70371.50409866714
86786.25738568527
71637.01666799851
78692.54256369609
68771.29857323786
82717.13452186022
81707.94414511941
75766.35712193737
88740.52212698665
84243.02640050127
74174.94496084639
72775.08827869884
73068.0314234394
86769.17941600029
82186.24422010292
63235.18263746574
75264.7940037207
76879.6879093581
83303.12207765954
78901.64181863642
81082.17252972585
75140.21857326878
95548.50448903319
76752.24041527529
83067.39974207629
82152.02663301567
81979.31958586026
76906.6462177457
73135.014550852
93322.24805540737
82806.27595328208
83433.44467611503
83732.26490609223
88700.08302553673
67051.00023806645
75637.66959731335
93680.65801927474
74998.13369586067
82973.94987786977
77899.18168671677
82802.24969451163
77929.647090789
84774.532534304
81234.96179927436
84774.92524342713
77109.4748702688
77429.79872438296
89962.77919493297
70729.71897533623
80962.49571390175
90706.51288831013
80034.77375981004
78003.49601854014
63729.466169208696
78090.93401411647
82570.5540282177
72343.39714691158
83889.4128339859
75862.77771654938
84464.86213344088
74101.95845111224
96832.49912503762
90664.20304253588
81185.49632787086
