132655.92548800664
126543.7852252085
125704.9698500317
119514.96517673512
120442.828694077
104673.30310601882
142303.5448196431
110940.3781395401
111258.52178992018
120505.16373506826
120428.46888926315
122057.47679995194
123930.19228015354
120220.42752083426
109092.41252303236
108857.68939608335
117358.48818633158
119441.68528852392
121157.86566723623
119537.96108515926
93184.27911735808
102697.53639919894
127337.75533954374
107742.53525823793
124527.96093726858
114569.52991059748
120023.26248788694
98039.00148093933
118369.33872435478
149043.83928767635
113401.72217764071
103860.5340378766
118272.95142207673
109843.34824656142
115861.42223609773
116962.0770278248
126506.9630683782
133752.70630122937
113210.03972248813
117518.52725692195
111424.64019149206
117474.3574016454
131105.5334070264
124597.35185631353
111020.42139479802
119499.05388022454
94756.80372537862
103475.37443796653
127743.90114571883
108682.0948664224
108426.0057204208
107427.79292710718
116676.360693171
119592.29928230176
128309.52767419649
116400.11391203711
127602.27567947266
110751.27388379163
130415.16615518501
121343.40737549377
114966.2910807814
112022.72826469553
118066.38604955531
106738.72291334928
123253.86301438604
89443.04540480909
105562.15847767355
123605.44792480522
136421.55322931884
128247.72613525341
126961.80594424227
118761.55243113785
