27974.28903590322
25579.334178835703
27510.787373695803
32295.512146739504
31772.933175528095
32512.49129240157
25474.524292353915
33636.46103968988
27783.072821117417
29571.76971765239
29488.379525993976
30135.136386907325
32761.720420247388
31763.694842092915
30195.840420487682
34743.96771458144
31521.500202133444
33511.55805468256
37472.37989482616
25320.038463718367
33952.77779726451
28648.121502137736
31628.391272187084
32389.060464198144
33027.63721766463
30425.182697975633
32521.519446723563
28106.624285227583
29220.001069111557
27743.37914155911
28531.700545547526
25524.55457321247
26754.480417369934
24473.339280365843
30954.867877561937
26481.073602064647
31382.686412578696
27385.0652390836
22781.0251240872
27264.002510910846
33782.54284114748
27308.52931823968
32483.012744377134
30531.967732697853
30163.319828379168
26514.857794758947
17273.7430107603
28782.560629825675
32702.020123420272
31111.893440264
27019.88537661272
28218.330984386605
28689.88692640741
30801.543767966818
31130.461759557005
35719.9410351742
30636.403617710603
29043.7704948387
27495.186094499117
31138.582418113703
31098.665238942413
36107.25994467485
26782.116048673764
28466.32434089494
34373.011633055656
25961.337195334567
26178.06477674991
32014.744275209287
32378.47647211461
34863.45273257342
28722.316202487338
32118.21329696297
