107004.91203153298
92067.79126341974
90507.7402584267
94898.92192605036
85478.36211757279
92085.20735953983
92156.40608078516
96766.39953128643
108395.92726245515
88224.65892467997
107370.59709070425
107509.28738746556
108329.21517532943
101038.00624097438
101615.06282390437
95206.37315476505
103371.61780883721
102047.81514518871
87674.81988759806
107606.09425931111
96203.52907236389
101680.1212888326
85110.7022530134
89945.94033761456
102066.43612900647
82112.00374867978
108694.63483155935
112173.02548333842
91685.35919073247
116520.2707684463
91288.68672218773
95686.56036471744
96540.81812254743
93319.98889856358
95430.99576639796
103893.67200670345
100343.80443272943
80019.48507498438
115033.121773176
99389.75693351807
97708.9170316918
118536.7166580174
103340.67440367362
109638.44983277796
89308.74872576765
84093.67829577508
100278.21963046117
104451.59978398353
107159.47102532892
94528.45969315199
95887.65650893655
94146.71956490545
92264.04721522455
117752.6521883123
107435.40531376838
89842.81667467151
115327.61456395905
100305.58693330878
112707.61808532961
108752.48269911706
111222.11496587626
107585.09858652992
107771.26181460168
99209.26146158171
106617.62959438995
105246.92649566365
82773.6142651932
98832.63617732075
105815.5589853532
110267.40935799784
110386.16627173257
85598.79237779172
