84727.67609439362
97959.14287217513
84782.67898772626
81088.89736582809
76626.55416224874
72296.88129159494
79606.36545731558
83564.42627437282
79761.65103022425
81721.1011357565
82158.4307665608
85595.74362525404
91409.89719739037
92483.3101123657
80957.05651730733
80411.6797425227
83359.82698935323
82325.97779259793
68020.42089946712
80066.22087496032
82416.00700908556
73805.41496883794
89618.64865666698
82650.94079132078
60674.42207477778
60220.30686396578
77102.73373036155
102534.75119030017
74544.95900909706
76906.43121222324
69825.79720445054
99699.63027913957
61170.24601495272
91256.0509755999
74567.59321145843
92253.76992576827
90335.99219785679
96829.23533629885
80093.18237688516
82001.26933384563
84947.89830570408
78026.03231566011
76603.01610488194
82374.00423882624
83925.43771446809
74189.65337990403
83700.49008989894
71830.22101524203
82504.22084816307
72224.72044524703
73930.09544914108
88814.0613724695
76099.50258609913
82235.03289183418
86589.26396037478
77501.08936437125
84448.46517120984
61732.183709887846
70341.80797376424
84797.5096293246
78549.26627209205
78461.07931113095
84403.226200526
87526.18833596184
75436.51841599651
76809.57332851415
80739.1955459489
79308.20165817949
85744.02210253676
76619.86790592817
69986.40151054288
79804.83888363294
