64955.46237331552
62903.003014682145
65456.52149158018
72129.85981720447
64734.540695993746
61150.03025258774
67739.01614423658
70119.85638432784
69762.2955864457
69227.820239512
70873.08152780226
82610.19069550901
68445.60021118543
67858.26395951492
52784.91373868789
65270.35335362613
68632.71505807947
68284.83208681752
73467.87309258107
86793.62539332909
69753.29384063686
62026.34264025685
74957.76113895753
67610.10543469433
60076.97242091456
85102.27270701838
72810.0030329594
71116.56663039044
65985.15951285463
79813.70755539092
70746.96130903333
67692.64950384108
59493.471050961714
74680.21832412704
69923.03873268247
80899.20004257944
61081.75144778182
61913.743192715134
50415.27036235436
71948.41483919609
66375.36187523622
68426.85124266848
63665.07461618149
83829.93390634934
71713.79741119815
84193.58993591415
70731.78454425762
63766.75216349077
65480.3476709392
82163.32233598917
81834.48315010492
73356.28629693197
66252.96634327932
71267.00327701653
75566.2661271004
59867.2360038685
67268.72264562409
69112.91312909633
79144.8055949314
75731.39058721902
73990.58123595365
74646.0023322035
78407.45086029427
59411.636994000444
77634.11129883093
73055.23336033117
77342.1697860815
75678.20822066636
66354.20387983612
64605.07878552357
81308.45184253165
64457.974085084425
