26266.7079225041
32407.918499270058
32368.26777432817
31257.788836105086
27826.731135170565
33083.95293760625
26934.917922797766
30751.3441734892
27919.597353573412
31546.57299518457
24800.76076971132
28850.95322091426
28105.242593858104
27593.78842982104
31157.277096190926
31868.047610804533
33430.15513286019
27006.94975887111
30046.21312787113
32566.629961533763
24993.101165872104
23848.583432061976
26527.09446617455
30742.176072847968
33869.1857114686
27382.50758311778
32008.940507505675
30788.822475794004
26425.84276732111
33028.91439803041
32207.11035280834
27176.623742630112
29369.036274808157
31485.851544453595
31474.029274588644
33005.04842838247
39367.20694713705
30047.552847335384
32151.195529759607
26977.16287942164
30836.99967053305
29874.637468030676
27421.87131525006
29107.000390091
30272.480078596327
30654.2063776047
30890.17333628855
31087.51631397838
36706.97049011325
22043.33555713891
33566.39489114268
32697.9689159126
27751.2827871311
28073.943536218707
30203.854877682134
30131.854368946177
25472.47823100038
26348.02720763994
27637.40278822372
33066.9344469426
29860.877544878767
28927.423329841622
27349.16588031107
29425.300321576546
26201.2221705265
30164.009537565074
28600.643872922625
27698.00278722308
31721.709799218617
32152.250481490733
28847.95148926685
32330.552393364727
