130702.44062110435
134646.1212220886
141323.23189534326
139616.6985829455
117546.1603904353
121618.22145058152
126000.54768650528
114726.75193283656
128998.44842200684
114590.14369277228
142728.959732224
123351.90110798029
114852.73499310442
122974.34345241528
127974.0882392798
104642.73004640755
113154.8379313323
111712.26527457344
105251.32969419903
114547.95539751856
111862.37629335278
131004.17650294627
131042.27089651935
119505.585947172
131091.31846928265
128795.8218958478
104928.8318001907
129698.4139324909
128396.1469430338
124207.97936717496
120118.93797950409
125962.34647902995
123998.98021854737
123236.62142426976
126308.90945360229
123347.63591188137
102937.47292671898
135501.57914701244
135953.2804200061
107719.53792827546
126612.08933315106
141892.4801748946
94776.67718780649
103229.20767045251
126131.67435842988
126929.65551797752
112924.93146040557
125317.87677156307
138944.37375239184
130714.05681663263
110643.74161672633
115720.66583399744
127328.11940230028
113169.58256657416
129238.68748355468
144011.5019372496
100124.08461116225
123779.90232643619
107711.81248579125
128981.35208295698
127028.785603551
138922.04227187828
109403.62599760921
131869.1857404415
125891.09454079771
105925.41488244542
115816.7185209047
133234.96522851146
114302.5418332606
121367.64104527721
125820.33261415627
112935.65483196339
