109490.02844960267
153974.68154873588
115015.40258521526
117148.59296774906
123661.13934373324
149477.07716034216
127646.88738149552
114197.35735465586
129554.20327706945
127275.70603679931
115302.06068114132
120627.91288877737
116630.64147113122
128652.50273961824
126326.50785226199
107926.23089208783
126268.63510897248
139787.45361341382
105197.80741964011
130928.1086989926
106475.40181390141
122939.19449909564
146592.57901711485
97801.58279103934
118994.25157977502
123859.58596021296
126430.36175621339
112367.62883459695
118637.50450968594
123410.74772656239
116239.76094395311
123138.12819544516
116932.63315025954
123224.95214139574
119941.97985097741
99226.70809886076
123360.78876252279
116494.21060475864
114683.55726241632
109716.11806029276
131478.64055788206
110151.30552100844
112870.74773403561
129920.18811167992
123081.05199462523
118824.42394085712
114924.4983523794
119820.699892353
117639.36235488672
117810.99344980133
138810.935742612
117497.09572969815
128037.47533661242
131851.3510624291
124770.76699562836
98825.69469022575
124729.48611984208
96214.6159192286
125682.14233599734
95782.37751301916
139033.62560457195
123506.86672627045
154232.7163593123
99418.00035641303
125618.01737465343
134357.18212006206
125372.2013988978
128053.34401137797
105954.76534800595
120059.79742022073
114933.06029264563
131348.54400547507
