120923.67493757213
126071.78412878778
123994.95743667442
112710.1917794861
131959.52871274715
111424.22012271632
114346.38250020998
133673.80498489738
132835.01202098178
128110.81188332169
139193.4861406078
127209.84221869275
118939.59978336892
112515.2349827622
100392.15529045412
99386.65242413977
119095.61782308924
121038.44068467771
126820.32291546965
134086.5137730948
119402.20461807279
140849.63502447103
105986.62194119648
119463.028560252
115286.52618063927
111299.63715991493
110699.00534653373
137716.81352367654
124814.03134301647
133451.8437029601
133982.8087927479
101543.49915253824
126800.83467084932
117621.91615022263
107700.0158672597
131015.62821686408
108342.10341442697
103547.54326715392
118311.41539994025
127151.36289716835
120274.18773748216
104625.81648474168
125011.15112729587
107667.96795234302
103487.33737632891
112037.55978208141
91278.86764034713
122814.95550907821
136446.2002715137
136413.52777299323
137499.3617608088
117468.02085144348
134453.20161919142
130953.56724152878
129823.5023321672
115107.21886328098
120059.47646419097
136979.23671335043
122700.03573043042
121040.52716197968
123917.14295430259
91881.50646106912
122986.7653688953
114802.1868498679
115840.34064762467
107746.02410314392
109838.78218664482
129458.39918816922
136203.61401601078
130195.95690481593
105197.32215553615
134546.4176655125
