128457.44026709777
111215.8995712069
136344.33821794935
120239.0228884125
132978.52652823846
138195.1975110813
127933.23737990731
122269.02749345137
124464.36248835463
121672.22249114879
111211.82206706703
125587.13921289048
111256.27150665507
99723.64909893743
128158.16851203043
113538.77363734582
119533.67487826794
120417.24582045544
125482.11594112325
120823.99815133882
121636.38008984404
130338.60391143885
136335.32095169634
97642.02439030426
122497.02394817691
113456.91340736876
123344.60684615329
143973.01138774448
106174.21409063645
141098.63474408127
112048.61278012667
127822.51579216142
110501.10603208395
146036.26030006047
118018.72439881132
120217.79484811363
106247.40490006105
96482.65529394649
125716.05189660819
98846.48990945426
123899.42967959552
137787.24242209046
132181.5922557865
129476.91367717605
124078.59036619765
124645.36537053266
122619.63468782819
117138.79697421196
138372.60551114066
130904.92180369377
109637.40628461841
113550.39891218451
111133.19682277195
122139.77530947662
112200.81407036455
121990.88924057095
93444.6732893443
125562.82420381777
135926.49286261393
122774.24675170609
126854.63321744621
133474.81185209242
130138.52656048405
119574.49790361284
134815.60722600468
152494.87285602977
107892.43138039878
121543.85191140653
136439.12404534055
122809.18562319096
113970.26480851763
104465.01233393757
