85122.97599815873
90272.79159788173
103222.2612337191
105907.3745106842
90108.31708428105
96156.49085822003
112371.83539720878
111625.42283396075
90182.29921804537
101178.26091809789
94464.89559734975
114835.69628234062
105309.4124775801
82206.35369672575
90082.6210742693
92956.4134954803
98178.37228405247
92457.58708258728
96833.51365432747
121791.98699309528
102914.49568741067
101839.46705161253
93966.03864151254
99050.96847256769
110561.49305385185
105788.25803054568
95699.2605479263
91072.36050831732
80423.47320833792
109460.04357784038
99354.64204499943
112116.99152202437
84756.06398917141
93602.01729585661
87864.66774245791
97794.75233759225
101031.47389956155
103165.37816505518
103121.47978732426
106935.37377515576
95240.58142863723
88680.64981850609
92974.23085081791
109897.28270224541
118131.45239933125
100158.16708026479
115234.43994236691
90078.33114564346
98174.91944964981
107046.03087079123
92214.69595410262
99493.72199907337
108600.52254560441
116218.75350267653
84576.52127564461
79023.23133828628
83174.63646623536
100384.68643819902
97351.44549523313
100697.38649727652
106255.89109861941
104592.47771161971
93942.76909878924
103787.23571093453
114612.71203185071
92040.60424681588
101609.0292670188
109683.28476601181
96961.55527944046
100559.46419896817
89677.32361806248
96504.75074006197
