101221.40209184236
94441.63642935542
95852.46580137598
85934.05753617502
105069.72994303337
93177.57177581244
104384.62184584868
89209.40524339883
107242.09680129864
107573.67316573994
104129.14652225235
97281.83868307104
91826.52619516038
125073.03421503644
111402.92052252166
111084.26034167458
102594.85878695406
96927.20730057755
99889.94689721534
95154.43765636109
106162.76383573713
107588.93390855269
105067.44632350869
108874.18342186655
91673.21202302337
129615.04571223968
90249.60952074236
93532.66123895673
107476.43050622077
111472.51373849108
104207.03912504867
95913.01718214531
99345.55744463934
93740.63534042556
100260.6781096447
91688.93745260568
104583.39798353959
98105.12260822103
105625.7650148503
93901.8263791364
81010.20787951376
99557.97939720972
104592.52433029954
108138.71592682968
98953.1140494673
99387.19986997139
96631.06560733393
102049.9565535779
104610.03099428237
107937.65313100108
114238.13065354602
115696.16348797624
109552.06381081666
87443.41565475335
96413.7581505376
100886.99659001254
113093.14151348018
100359.40949864486
100368.78565265668
104140.00721603194
94232.39928763604
106108.41377913168
76564.2344562093
91221.89650305458
98685.06029944461
90347.80457597159
95609.5812728772
92392.24052418963
95308.73009031346
98389.43335136338
117682.40060043304
80881.5006481716
