140215.11235591
122945.4039385129
124129.34369354483
123333.16038204657
117877.85470815001
122673.01818307926
114985.39041856448
107041.35939566435
109783.26687796832
88493.94018072718
120723.01323633062
122014.92448276131
126495.21430220292
125217.09937721671
119120.31035288863
119072.06262394186
119353.35968879158
123604.8733181867
118063.64641495018
129099.35756244254
117859.04729732913
124483.38025870909
102240.90106600475
114217.83244382676
97785.49495483044
122078.50828406414
118473.22087255065
149416.9859559063
111501.25103750647
129513.36812053443
131594.62169303178
126488.16532204195
103044.71280518442
113031.76377533893
117148.28160580373
121770.60676541296
123543.52444089585
119685.10706589854
120581.54146452913
116443.85492422081
110099.78564181583
136072.18237160848
115692.531633995
114905.20303642962
118652.49749842752
121918.53057685209
134242.00512821242
128134.24253667274
133059.02522458896
121786.3183780951
99595.57603112089
113462.1140542039
120414.71748653748
106085.46529355766
124380.14302113513
132361.98888425867
116175.30811846607
129492.81496470273
129487.35620271323
111929.7656607277
119615.18287041516
112496.07441460436
148175.46113790493
110129.92590414849
100759.16590591741
109796.06937064198
83728.75981447473
99666.33373376724
134225.89832501844
109498.74478794848
138256.512408074
119075.05429573815
