98126.1623338646
93250.99995509225
87011.26456744193
95217.52929005005
99455.84243669648
103003.300372744
94558.7475430702
109147.32096502912
114029.83549195215
100292.69774296039
103848.60462568457
100901.42004543546
97241.4202634787
113424.15232212286
87931.57744692838
100924.68279498299
103195.76630772505
100869.84807255187
98113.60532841663
100604.15915583434
86623.5657774146
109216.81503706273
104984.00604274958
101718.82239283969
108691.57419536302
103682.49404130614
92627.00387807627
97862.63336298136
94736.25924486031
79899.56641541183
98279.5202412367
109431.50586488866
97929.36699614512
88461.59935272149
103329.51806674176
102429.95706175653
79346.02971185792
101301.91094671155
102488.61597774863
102193.56115360072
101035.02159904272
98349.13536386627
90775.5390709045
89202.5879702257
88888.24996519733
98549.2003461377
97499.3140550386
100046.53917796258
107901.28039164413
82817.96510866132
91437.9783767586
88078.42717186267
92725.6186374027
99584.93793696022
128807.63729544562
101031.10720888106
112897.09772888901
112745.01149445171
99278.22296127168
108398.12341208957
112525.83934894785
95808.04455582175
105455.45331157265
81283.05294077912
99304.08031413636
98560.57436140865
95722.7448021043
106812.1153834889
97927.29828630712
68508.21552850648
109435.16163898457
94502.64866484373
