28216.734512369454
29267.108085506585
22393.47103417546
32804.07998640447
33052.68650294429
35570.324230770726
30440.94998420935
29764.960391804223
30091.85230449264
29170.245370964167
29869.473139020534
24336.36329501275
31690.32462655659
34115.10347498921
33651.55815722236
28151.136905346044
30342.03134395255
25409.17431943136
31272.92672243963
31417.865546403526
35742.52005783088
24750.17333978862
24021.090355306158
30581.69909081364
30094.821037671605
29465.047348029973
32083.806985893578
33262.05269103857
35207.107005806574
27991.90999146423
31012.603912361854
24701.059182100857
25095.730942833616
29668.944803234786
33651.96449970172
28424.71869574288
28994.04111629196
34363.021440489356
30193.40213738942
34424.28205393243
30291.127941823957
28504.34307120695
30555.22202206301
32560.675023534193
32713.00121021265
26085.13668016232
32242.984865070848
29929.32975200139
29300.04677622959
28552.921458749785
33772.155458911984
32466.996546806877
39060.04014246021
27324.98935471527
31420.389216391566
31167.621411999502
28107.620924353247
32599.21322405799
33587.078819796014
31764.083378377854
29141.698269051314
34490.82708677531
27642.921015641412
26513.31241396372
32349.68466744073
25902.426274911053
30483.791796751444
26592.732947273806
27907.957964782236
35670.244323523955
29772.847198566385
27856.66231888464
