26949.334047100336
30945.05547122527
22868.297757791188
30500.10199583902
33006.827235766155
30023.90503018292
27877.710793506103
33070.64705646759
32276.010023847946
30691.0390735965
25882.984363717977
31338.108326941616
29158.79694880821
37440.57789944672
26192.311282326966
37647.968856669024
25776.18785751697
28276.10847017137
31441.163544518484
28528.31256992089
32241.98363706437
29741.36229519008
25694.215899173632
33466.38281428173
35227.544315706284
33532.08568120422
40234.86813555995
28950.633932269342
29207.154154521642
29971.868839826842
26202.443016545414
31905.872069502082
26979.487936757436
31140.858386217893
34877.54285037751
34468.171852646235
26858.097704527638
29633.50445716592
39567.002164449135
28366.836629385063
30677.424158936174
29965.631509950785
29126.124467618793
32622.102432136337
28397.908931454214
27780.564128342907
30258.97048611614
31909.636626717413
28021.648564258132
37580.82905483663
28107.815240827764
32475.544054342343
31636.967882419536
31877.28813723164
30981.844657791728
28338.18226129456
38652.58648306315
26978.184260851896
30469.017917187095
24460.409350575042
28670.488262407725
27082.06889520064
29815.769433072717
28693.529127140242
28647.999752898406
30718.529023531482
32047.430934238848
30470.819898494752
25499.935960144772
30749.86832296936
27633.71511261122
28754.86932048827
