33323.991975232784
30801.707764533705
34502.58516774321
34170.11693843895
32934.500394039314
31460.84938803921
33139.65858180002
24439.606191693663
26209.499557825842
31392.42647028825
27918.92936538424
35360.021448594445
31707.21233889693
27902.69215189275
27262.28798007372
28555.567227216194
30192.11714347753
28710.005516442587
28754.157486303695
30157.191989799136
26307.007146849875
27552.610542314127
24692.356740676692
36992.91169402871
26283.770296875573
33995.442914176056
33741.222602818736
31538.941372954727
30736.590776113117
29244.01209870419
24972.159826493054
30982.238315070455
34363.75465729406
29516.58189128953
31723.412867255134
30534.446322012514
27586.790271818998
32910.24184153536
28719.602021138686
27854.99242606593
29750.92151082894
27203.45751403771
34293.47455001455
28573.027646685092
32396.318077178857
32499.136777470667
27486.40020759049
30205.714805322335
30546.97786834079
34728.640019599385
30932.866449842626
34559.51500166888
31198.394491123083
34451.664039315656
29969.039621759748
32636.19632954434
28150.8456610251
28530.58277274131
30386.736953335407
32479.043830724877
32706.130498347222
30180.765601852294
31448.577724423674
28459.74139461576
24316.88369382313
27693.13543317446
24803.052690563087
27847.68657543205
28444.16057976697
30278.096737016833
33290.39889754384
33662.817825597536
