65504.656925790136
61693.22005581216
63742.516018525544
70046.55427472988
70885.5287527567
61468.6163905085
70998.34592600692
75172.10383362946
76549.21840589907
73208.52516764702
56870.16103588185
82403.37667226573
63965.371603375424
67317.56325426692
75869.90979445519
79536.75716618726
68183.15997903235
68613.72562667033
65075.73067044928
60907.653573624375
70129.00234850128
68210.49574137341
60612.03238665393
72034.73985651162
85426.45678025806
71231.56202566785
60331.86580824864
76305.75525083276
68124.29540659902
78412.54248134223
73348.2471758991
70995.22698051982
67363.41422915737
74488.49279032022
68983.66063669104
60242.89944705456
64919.98692796103
75219.95257274488
68415.4238244161
66823.43041931183
80004.15113496839
65467.00211711739
75263.03476046171
58939.34546172574
61356.13495751048
60179.88629003727
66168.01866310152
72564.73311089483
71710.53688140168
64321.08913306577
86352.45178070538
67477.77868294659
69114.3627338531
79650.11259618956
60678.25169858937
67614.95894041365
72067.84528088741
63120.626968150704
70824.38762621257
66387.06514430349
68330.24273147098
77531.20187214894
64847.67411076363
65616.1673636815
77777.8480746408
64032.738544103566
64549.61957099789
57056.68190963355
58628.8929734378
73532.92715698636
55641.97817374466
66395.35873964411
