30634.180342345935
32293.95493024929
28934.779120187883
35888.86301202841
28394.921247242433
28562.176325868775
32599.720200797754
34341.07153826619
24437.671880202008
34870.217105721495
32653.453015332827
33593.299222829344
27590.90897744845
36586.31352377425
31687.192350635927
34004.69624332333
34490.08766026796
27115.235630834424
31488.061310028996
36922.9980196286
32244.61537256264
33633.597883828574
32307.835705211233
22289.38818726696
34436.84754800903
30291.850762688493
34344.200128453995
27963.053495819284
35980.880558568046
26342.660875508565
29674.342301274173
31996.22519798047
28356.66297093403
30685.108894070665
28516.99971733325
23439.871802453064
30596.266079198656
31956.955122791223
29591.490082046177
33306.571296103844
31218.84211217622
27475.891361955222
27226.858241297414
28291.51500368793
28566.140174158885
26206.495232886944
30102.824495798144
23341.67806218699
30648.596159024866
29735.38407460743
26467.636658143143
28926.00585434946
31520.431372717092
31566.265964166803
31995.984514657244
30156.945177109676
27285.71111632581
25110.02590391459
29431.504539387566
32354.853914346946
30525.413253875104
29660.65062022199
29551.734385683794
31386.56021932322
27877.281466644115
28944.903112356547
27550.616434850177
30033.622686636936
34149.60000647316
29981.284261022523
28484.08797392581
32475.401501358647
