119518.61997405364
146964.53807177773
114201.31505827043
133006.40756604905
126118.81272048251
127075.37439493752
110232.19763194986
115228.04330159018
123499.70577242947
111912.4473480638
124947.37951126075
117970.61223684755
129363.2259212371
119591.44885618692
130970.85089270263
125421.41752123667
114806.55542407754
112587.46078362843
134228.43947139254
107706.65908217343
101266.11333853332
138354.90952794816
113181.56859322479
123466.43143536709
108088.58259960072
136359.97771383988
120269.18410376387
137810.85814292985
121703.57487028926
100352.10970599533
116429.85805139855
108694.32380824708
123382.9200433423
120597.14545989508
131871.68807775565
122882.9516108933
131223.46551430004
122867.03812838114
107537.92841514973
107911.60049683398
116944.27150352976
137289.88583478256
101901.13078098945
107334.386014402
118228.92747926395
128122.26395072573
127479.4045630655
113678.52318583647
118862.44064347637
111502.91150940339
97095.25348117462
129703.97365333888
107395.46447117126
117468.94932327449
104359.13041962025
118253.84441105982
136733.1610371739
106033.22169642925
125734.86954805185
132104.05727068227
112178.61073990457
112876.71685893156
109377.83293069378
116717.10599722061
125099.547796081
118578.06111806702
132128.85713040366
122338.70195315647
114805.45350152931
120246.48285266495
122879.99640306595
120548.45595492065
