31214.593381141854
29142.30715279303
27299.48947961348
28952.05783426958
29251.69831356184
28878.027407385034
26127.495679845968
22416.381983998606
26561.799386275336
30783.852056347107
30618.90264773985
34088.55410755894
36940.92053807832
28985.081944812944
31084.531821532328
26975.805438519154
23282.170003781906
26667.623307282334
33415.908943468945
27457.79921727039
31819.5871036953
27660.99858024199
27408.01273408971
29593.81623043966
30670.740605234478
31561.360640345014
33387.176238686894
27835.843357562953
31615.773541345872
30925.71206284933
29899.24323740426
32095.243542154352
25615.198954750922
31560.578742348735
25702.922803154266
26888.675762714098
30903.65058201764
31591.560747133084
26649.90144396937
31544.688133526644
33325.37061960972
29752.011455867836
28805.21352418834
32001.595387692552
31240.089418206575
31323.573004829817
26530.56510025618
31495.348380963173
34286.163389107845
25432.816331484166
27936.92486448703
30993.14693511749
31159.74524200702
32387.89922827942
33655.88967830337
28452.158957908883
28434.70053224318
31384.264314535412
31171.485721648252
30797.61796734825
26669.297998861734
25075.044290612805
28905.794926648145
26246.08759208334
32941.16510618225
27898.231514245184
26153.826406333137
32395.940097150044
28469.722786908875
34182.56343860196
36336.539331055974
28907.819676481846
