86777.0963267572
77548.12695520133
64000.35437559389
80048.4797513927
81656.57052664274
87305.62515716371
78981.41498096037
86661.28263844963
84391.12700596382
76862.18148382803
79117.74770400248
72176.10190536774
73951.63624923081
78182.34958279892
87521.50490440609
82325.65299726094
72587.06552535032
89127.03270652333
88973.99353374564
85984.2095244068
66779.28081502597
73420.23996186648
79027.94378709453
77994.47360657717
71959.26629781937
69354.01258545378
71230.81631918486
85429.00517697555
90958.12631004924
92129.10995876185
80156.36548345747
79182.17245786035
87094.80807620811
76562.72303883472
86747.51183158733
74033.38476941397
96119.5356441803
82967.77948625066
70710.7564525098
79473.10948160672
75995.96903169587
74745.52268536296
71715.81401863234
72001.23292196082
70134.52995717342
82548.13453855271
85462.89633495506
74825.36438693147
81386.68009356421
80204.06018651034
70165.09203724338
69653.24093246424
88387.60569020789
76928.00026822231
81625.37882414077
69059.62091179441
77789.14615066827
85957.36942406384
78272.99710490846
66236.79875578923
81695.97300548047
78606.5620276819
84641.70440612128
84050.32969101242
78746.20893431996
83394.53161220797
91599.47403874228
91959.76691139261
90099.0420454424
99263.14191883645
88389.26974764126
83447.98149642617
