49226.81521441503
69908.85310300587
58386.510252113105
63277.500835566636
60529.46949672003
60029.77610231972
77834.97768268872
60948.88487431249
57173.9369379186
67233.59102779195
53817.59795981492
58986.67587681423
58761.15180719642
58822.151381770134
56476.582576345594
56837.53502749784
57051.53755287029
68349.28308828411
60738.68442241498
49859.60052424922
58660.67853263828
61974.501089000514
60022.83281201446
60416.421593746825
54940.576983525294
62787.09895912157
68211.96942387879
58555.054918560294
67810.23060382466
59195.68425962714
56624.85102393155
58336.770108058336
54092.81098080732
53204.81171077051
70275.42654027142
67351.11267765588
55025.88361489711
58882.097334934544
55104.24260897
61357.51802555696
64759.7545621072
50222.61806675694
56469.19426298058
61522.64383434442
41920.02623173807
59309.65733409262
58237.91902035734
73895.70041596355
50260.73983262072
61302.13175031245
58914.28460065315
54115.09567659349
50068.73388020936
56316.5566485524
59772.12927641117
55599.989610221375
57976.38257107791
63564.706181740476
51799.34021639112
54425.539407897784
74637.13313726487
65658.86197119147
64406.52944047478
59073.31238447131
59877.92427379998
64975.192143671964
69402.94631652535
67704.93610985561
48030.83351697372
57732.103777284814
57753.08740854941
59453.6603120145
