70835.0884583004
61825.52355935462
66789.71405328532
56471.39530439235
63647.70545843577
67115.4348711253
74579.51236065064
75903.75605806016
73473.13500497765
71963.5615381312
75064.40388165796
72157.0576262911
66848.15987908271
70402.4971721313
73888.8786129194
76525.54525960433
60133.553740187774
55806.10801518286
60544.058616987146
68059.59827343147
66708.70349222657
70812.29412199506
65211.60333016078
67850.7561879367
63144.75028826422
66508.26335496444
79350.50800283001
68563.39620785075
87950.93534559215
74003.32213648852
77218.4006661594
88395.17231132371
64111.62976601668
64578.779556307825
77613.74121697743
68519.06729049356
52892.71019368639
72868.8652414295
69035.64822281875
72771.85577503568
62481.67973253638
78313.23838718001
71677.53964198077
73268.07870947075
65292.32936872595
55345.767852085155
67586.6322159373
76406.07263411753
74510.08279802822
71340.2741969477
72381.59189568493
65657.55111872751
69265.72931250608
73696.15700269466
74942.08838456757
66457.11343200342
65233.786818238106
77007.6914506922
48534.10443815753
64778.02484654124
70876.6491089785
74525.22843948548
71641.86125124585
65844.52884712725
59069.09728683909
63638.26775603985
65296.24447815413
72350.60104720251
71193.16821132883
77146.4883116674
64442.50160967429
70539.343900886
