82264.44036965653
76071.9792611233
84696.53101147442
71528.23624927271
71974.33649694899
76204.07825970722
78274.92256055392
89719.34602874657
83161.95441371656
75585.38139167108
98847.03963427278
77164.24748275099
102623.03678422948
94104.88074343445
81677.06528259412
72715.38676676269
79790.75264228813
82529.19574154698
78071.76048817979
89929.31106707024
95669.28362540244
95397.80103813267
77179.88920770556
75060.80459702082
81829.42676377369
91233.3456419333
76909.9319584295
62907.061899405184
79628.581065476
80432.38579484959
85373.0089434859
81632.31984655016
93792.26848316472
90238.03351561373
82152.90492798857
74857.08304124631
81605.48829335687
77136.04210401053
70984.59789155859
75615.03483938193
77396.64157208164
80907.9956813825
71975.37906210251
75262.53117397163
82786.75496129991
86719.42511510492
72130.50023707203
91593.18550489086
69206.91904488213
70474.99948422106
98436.78960239096
71968.9588243075
94022.1196651435
66016.67424612772
94846.96744635944
90276.41666619494
77663.81701536063
87557.8046588938
88891.27058589649
74057.08299732304
72914.68865660016
82105.53878535994
81957.83417495847
88787.1672839754
72047.43776096385
67420.62510117973
80520.56657503241
92789.5485713892
81387.25310149997
75715.74577770192
68071.3187692457
84903.08338100607
