33500.50786468476
32815.320557987696
31506.57300853907
30703.060694473224
36959.929079595575
32194.277499936354
28642.542274899723
29008.040605838523
32353.562640690532
28511.855800261106
28993.515561703654
29562.244634182534
31161.86832430727
29001.029120658313
30947.41998259046
29944.033496131397
34945.22622201844
26578.199989250686
33581.72080243078
27513.51959731113
31248.850636692227
34283.222162179365
32261.607471192172
32329.014291721924
29346.911458404815
31230.434763170437
33224.3729965632
28696.55518761067
31286.283089679935
29387.732714067108
27570.264716559202
25947.302478925765
27065.024786747697
35225.268871977125
30870.15448765758
27963.914774076824
32231.096647607963
29270.052507599747
24942.250866600905
30925.795351907953
31345.46593300419
26614.216254720388
32646.746647240423
24954.062250129205
33347.098011448325
32081.39517848261
36021.65855496315
31790.089609038758
28200.91305224367
26365.896793627602
21836.44524537966
31364.213916998524
27380.908761764647
35443.69752347269
32235.94741934983
24825.32275511955
29053.247270182266
23049.371489048757
30774.203424757667
30772.624529644527
27679.716430440003
26933.02432179309
30556.397058198065
29203.122997529026
26531.02381115253
30136.756579941295
29180.34865570744
30539.69965132391
31588.07509260374
30016.830518315277
30573.358603841963
27037.589281077213
