77945.56937928591
72006.82642768789
77894.29904616455
81154.49409721185
85818.66571684173
77244.26735033494
83675.55910477949
82197.72147200059
78797.40300696282
81206.4751903991
84968.59762134394
82812.36905180331
91196.20237063835
80958.77258092206
72086.82496150257
82967.40479892654
75149.2071342737
87195.56291161467
75272.49349788901
82405.81218586297
76428.1291241775
75767.74346164623
86571.07600250674
95026.30621047686
82935.61891342582
92744.10901285203
73765.48087207616
89768.24755908723
71598.7965233177
87946.05847203228
69473.52475753968
78335.01471768801
75693.19677231426
65217.946041981166
77418.59092837041
87512.80528733808
78566.632188131
72599.8503629883
82412.75097143727
70099.58462230508
104620.57145213905
84749.59900982915
90416.4463525182
78386.61992430955
78672.17741490867
80599.37095876785
85602.9495957404
78947.22564383678
77719.27745997065
79911.54580425497
79284.40941661621
68685.81084538386
93990.19335010882
76627.08392231599
83102.60352183622
92501.70873205624
79412.82075487405
83503.90377058207
76839.99850834101
84944.57721943529
81489.15740089455
76795.34806897223
84071.50154355081
78465.61442199987
83159.47589088485
61346.73797158491
71553.65861944114
83910.8510876779
67990.75199364468
85147.39170068993
95488.09668082447
84439.28812580934
