29831.82892125662
35982.924556930644
34544.62875940229
25947.050435611833
23583.340771431733
30941.67575593368
28778.18155914344
29596.491072592456
29952.06748337307
28275.309221435324
26385.00495650674
27731.606530160632
26443.32924450376
31044.32675957367
30649.777233737612
27254.39538895972
26868.867916160198
29254.03789510104
27078.45463804235
30529.42134894343
33386.283471815404
31170.570712945348
30662.784508274843
29640.736496071597
29199.706653690537
27575.927059667727
31103.134276200097
29807.06825314741
30955.03986287804
27000.265358124987
34586.65451682692
30523.503376470027
32480.006298531636
37232.637654235965
27223.060332538553
31304.235890004533
31385.81439073437
23638.989830852974
28772.252167212573
30121.68626739318
23275.549326284563
28748.188908493044
33993.72515061837
28769.153659682393
28842.31299539477
32213.61393485634
29228.623832471607
35544.25155774869
30676.094150015437
26791.084983599427
30227.877414459537
30583.815073658894
30724.173019055244
28226.60647482344
30005.946697288316
31486.83439004442
31319.83327232131
34977.33620203254
28959.199844254646
27901.42322745153
33170.00242414528
28712.96669969925
27713.004422114223
34430.8291028706
27115.98236044723
26262.311924965
31998.352414166897
30606.278744932708
27786.143718834435
33737.35473953935
30348.41192330568
29954.41762824756
