115041.85546886962
124342.78644037763
111011.81163558405
122148.67837938195
134232.41019714586
143926.3339017314
122676.57512877298
109707.09419062147
131283.0168739682
124271.0773558363
145956.66070419396
114742.07801342552
109345.46782843777
115266.72842101433
145606.63651200858
110514.09802259934
136541.69542822774
107827.02434269572
134901.1987569291
107296.3027794741
122415.89158199348
90029.45763571603
126426.13906293745
96276.25418287264
107902.50074327677
112268.68894364493
132512.2174106901
114010.7917744216
127148.38806460587
115285.19934065877
95590.86417733777
140054.76888727405
152214.25955808093
101325.7175949469
107115.28797378266
146577.0875002558
132507.80833117708
112911.76135012368
119278.71565990605
94109.27500537474
103928.03396921068
109481.23998788944
136873.37993735008
90439.73227786964
132225.74127549844
115138.07803309851
136217.3521408455
128682.91714883338
136165.94590499613
139327.22559342263
108591.93173997653
149465.16145243237
129309.29648675394
103727.24406420611
121262.23401637773
120653.52230947699
110311.64409502725
142902.190707028
128425.51999241444
118113.02756627518
103645.30007017357
145397.03027820584
101500.03215172545
112291.8202768237
125879.44799219402
116253.4529727798
121548.55672100784
126235.17313430662
120270.41285638981
125545.26512994635
123444.42911350845
103440.91204682896
