58646.53114963839
65313.42196557792
64853.469916264025
62900.43563414745
60381.887116134865
48879.80903499889
64272.08840816225
64303.997982130524
61158.20994153709
65883.39275570436
52310.56847328327
60084.35983632348
59390.153167604745
60511.22205596823
59796.04370445579
59406.54636772837
62280.25561053302
65564.65343818795
56063.55296160196
57199.42557812073
56687.57026473703
67331.17852897909
59302.10148805034
59527.11492148949
57376.753425794006
52721.617597392345
63209.084334818865
55046.19550123431
69139.61094864282
58317.36234762987
61278.01995773394
61854.60203492548
55476.71442514472
61016.752888986935
57581.215008379746
57186.61041103959
60905.353370005854
52520.75652023827
65403.21059930622
60433.43076339771
50247.767035368735
58636.95327806177
58864.26030219724
52706.8275793859
52717.854523927555
56914.11378814479
59516.229678791424
55676.37170106306
58012.73339648629
62646.640569593954
71371.99109523387
53130.90830508623
71713.04564640521
66484.97011449146
51096.591159061034
49335.10631123528
64360.72942059285
63177.11487043815
57216.97058218374
57836.78734655888
69038.69940035768
66997.21608558764
47234.928052060786
61879.09095073783
70860.5376102043
52020.27781801163
63478.423157102625
57650.1841686996
67891.8521337877
53062.562649012
57266.30962359297
54444.82945161782
