94315.57772662771
99483.016764458
92174.89281521094
84680.75038961985
99773.36553777484
109032.47116722481
117842.0814015193
104193.49779110437
101629.90634237892
98231.67568202516
75388.07199418367
117277.12737267802
102080.84362337884
95252.79789787863
104297.01857996918
94415.58307479048
96344.42336316037
102834.3757102472
96456.22060245238
99018.69865250954
107151.12799456614
97899.92608464719
101762.18073242831
100159.25940915615
104554.40569585301
89207.20759503149
98052.39050177588
102041.8248755722
100405.16754992939
90381.1169794528
111816.84470054434
100893.88711730452
86985.84690747746
93540.9612574817
107975.19866036241
100068.6396112435
106871.68915311349
97655.93545179117
87060.91005003481
85815.44945826153
91721.27270130617
95384.67129813725
112638.86490799881
98058.31678082758
107044.02407990926
115515.19500265761
81926.89135906221
83984.09242488391
85958.01802997189
100300.4723993593
104248.43210132269
105056.66854575966
106522.8804584035
119340.33209977344
73999.23551126548
89724.8931686502
112436.52569699971
83532.80176925447
86030.38516552976
103881.9279999338
102140.9299489039
100491.48295145038
103831.97083111313
84544.05727255557
98260.87332129617
97916.21499824722
107705.16496649409
100324.31882217838
95441.27559881573
101914.026786569
94429.15762802037
92071.81971272395
