120950.13643186068
111090.04052197079
109222.81909782608
91038.48542364212
116289.93997104441
121926.33955470531
137543.98468049912
77595.92875987373
119361.52107999592
135049.97606769166
145331.20862077246
153547.48305368968
122167.85662881366
137017.47962632964
128597.52990323826
134002.63394590153
95549.44363496649
136185.1360415238
120296.47055058186
124678.07333616872
131277.60740340786
136369.21810725334
120187.11783164063
123443.52006672959
116487.6300642281
126454.24821077236
115420.67774644094
113363.0060992338
130724.00973929786
122452.24706602651
128693.5052877156
115739.02171517871
114720.85145087194
111138.60869979698
109714.36748046774
125314.83393464069
112746.86024922573
115749.37332285821
118682.80414284526
123490.43366275827
124556.87437115809
124497.03833014079
117382.37279865451
102067.03742370839
116776.6380909645
134662.6431108613
129728.93842616591
117370.01096685817
114412.39814240356
142359.0614779524
155528.3271902433
128709.81560301241
112952.62754539029
125203.74366222043
121017.21834472235
113184.08027515127
122596.70148179957
121834.32887596848
117806.52840405669
109819.43780523879
108357.86132463705
107228.907889441
106216.47177546618
121195.5969439512
109388.66562650782
121591.89002241303
120383.48190962804
118786.96626729832
116337.11339891296
121407.25929285269
139038.7795000119
128872.37594217199
