71522.10756711008
80401.16775468035
75122.28840393692
79530.68761545922
73751.51759602869
88201.31760011196
77843.13312301494
75438.56678758128
70336.62074636928
79838.44095037857
83347.6063696929
77466.07200263577
72758.43298602663
80971.87606722434
84220.57350717134
80775.79809670948
71674.8163934587
69425.94919468096
76757.363388233
86569.28657943924
83304.37188703177
77608.9262707497
84062.12014771916
76486.90073916837
75152.41891270765
69773.94839089028
89076.95214836705
77722.80541279101
96618.03613340583
76545.31991834639
84157.00656126215
78129.49241847004
75543.27806731983
70460.55179179141
73711.58989441485
66499.71824884505
83420.09004879481
78630.11547292302
77359.4366058795
73957.48071722349
72343.08142163059
79779.81551558137
93774.19425741202
82479.2184380356
76625.89346921054
79687.64105358665
78890.53264317632
86742.70927348388
78921.52268950664
73355.90534322425
82505.33632748292
85964.92111713966
84189.00183506496
84021.90486673547
77239.02697056194
72846.02403841032
90595.30280098799
73863.44425065932
65473.5588256914
81774.59682338948
74712.64618902933
83296.974250064
72752.89546756534
82396.33390514199
81275.51005409252
85862.05506228024
83757.56997126786
73271.12337840827
78662.8100271322
88533.00709064894
79239.93879523431
85019.39545615617
