84470.81606121325
101516.29584188062
101079.65118079368
98056.6421606797
100801.54558736134
103747.79425134875
90952.70083829822
86668.53107469056
102715.70326622119
107711.34234104403
94189.92099138086
109488.88795578733
106173.27235705144
90989.71994157058
113518.51779493554
100745.74087227281
95700.6249127414
92290.07977619859
104327.32087110789
97636.15335439725
94933.10641150895
84028.29461688807
101246.76449990891
107448.82710458797
102085.26592266043
102919.81007621347
105249.06690691745
92297.45170866796
110098.24631059275
109782.87140810894
96069.31467232037
103513.65899033469
105059.33819889494
102137.1225828002
91553.21239652052
108095.53825329988
92074.54418445373
100453.69835602611
92744.64391548879
93550.49942653974
81512.92074889333
104227.12364792846
103640.67655960038
84311.73306729585
95313.56715725278
94602.01319980712
111116.62035648251
108092.24562862414
100901.03409294366
107019.28478483569
96416.7106102106
92617.83586429288
98446.79000786449
96631.73028103037
103525.15988929955
92327.32463784295
81051.25244577888
112668.33738888397
102625.45456343508
97859.55602246789
104655.23947126274
98158.53291291447
96425.604772712
102595.04586156405
113619.99868995656
104148.6855752376
98436.46080856334
119685.27713301335
84277.79925885992
109405.43260365343
101754.0761807344
88071.82992977029
