100096.9582811581
114209.50897626474
86712.87448917706
107323.72563903865
91959.33845975446
100968.75561066536
94797.30601693351
93918.18063176968
101284.5589841381
96738.67590731983
110325.29743756479
99828.00082879784
96026.08522089524
90294.38601377004
87359.94538213447
100645.69994803827
88321.76744807402
91678.98738771526
126807.24737738959
128250.35343419855
84032.98551752159
89381.76447080534
100446.01720889659
76636.87718833686
101844.0628954268
96728.6156001877
93625.65740316226
91883.62125791321
116573.8109482112
102867.90749418526
107716.83192382446
107447.38427324337
110855.65090261352
90623.52597313734
93933.6278486036
100325.64134314668
99416.56101852404
86542.93385401485
96970.34488923516
121044.23125043244
91573.0096730387
94808.11140941881
88713.49781027474
77583.62558587846
103716.08918821749
102716.88851731607
107966.45111160514
93226.88938525619
93568.35678440977
95258.55259261052
116636.09988255978
109499.08279854857
116497.49614390373
100233.13591756906
96085.18534700325
98943.33322641105
104749.57801758176
100191.19564127765
106917.61266370457
110341.41766355654
98392.97164952963
87798.08395532546
99578.72846237804
92501.55790162402
101179.18726862351
124980.65966452818
108479.07980945843
122164.05847601517
85601.83522377552
89797.62992063609
111768.47437446055
120020.56219656083
