72244.79924872392
71375.19327393825
56535.85219189904
79425.87252935393
76255.85035553417
57743.27838481764
83342.05203805745
68859.08499433532
73616.94571246816
73532.0937435506
62946.397645873876
82053.82865585577
63599.432950996
81296.94148913857
61138.008678710175
77913.42432353133
76016.6053601275
68024.57301386021
75929.5393453565
76485.00100238193
64912.40817770875
67801.17491596195
73620.80837806898
60795.965544724044
69730.10542411766
61216.04162678962
75372.20124499047
69963.88945065308
75947.45506708737
50269.926462642325
57234.068755389075
77369.96977118957
79658.6837096209
73167.08831812922
76873.78859574592
64414.364165996354
69536.19918294845
76440.75299886423
61611.94354917545
60519.20597380405
66004.83973398746
81546.23085303472
73104.21089421307
75390.57271902339
67570.74348316366
64669.90950183209
71023.65929487198
68440.53410143778
65283.210728481994
66399.78875359206
59782.14236751535
63669.9216369535
69473.75009759163
71854.89022861094
71583.0332995857
66889.3375073424
78945.24991673208
66553.78820059368
64143.32377371239
67104.26325160272
60733.1161547574
73570.66813641199
79904.85906242883
84607.78814592159
63422.74666986215
59124.38697482039
67363.27916052708
69986.32768933347
56935.59058919555
65634.04914428637
64495.5420884401
62485.001257992255
