34306.64783527418
27000.483583664532
30065.520648815647
30820.635821417152
31404.891392344358
30339.66419141168
28876.660485938643
27230.79925361478
28484.470321726938
29381.85028843638
33412.40086548582
31171.63887694549
31507.308660110677
28409.929419467004
26499.50639162655
26677.842708260087
26907.02151026414
26488.952834907093
26593.202487623363
36956.81492098344
32217.991537541362
35512.067140139305
26214.528002425308
27390.49446644422
30121.4407117521
28738.150831898944
30404.7782239464
31832.851679921227
25443.206170390844
26390.442978307736
31997.890769141202
29355.882762547237
29996.715561234938
28335.56447174904
30179.900068995594
30514.200819408998
27636.799405841088
34386.11667539098
27677.94540866591
27758.10742141802
33634.988012750844
29274.957785744773
31779.705151763257
29419.215942518058
32548.187886319123
31972.445050067687
32697.564442650888
25060.032138993927
34828.95176483997
27722.031174226486
26772.053643099152
28092.539295137358
24242.617842138137
29095.140979844702
28639.566646256142
26763.14946921273
27708.82018684821
28889.91112001338
30393.315118460494
32264.317361219808
31043.60134055221
30152.23586180758
27874.72285696655
35009.217672007995
33196.61150049241
24184.79443299505
31732.24677143941
32515.253873604855
29966.4491388847
29589.993033019306
22031.215555353978
26132.144010864362
