58897.9282283495
58048.79988994225
58057.15856786354
57979.36160658072
62574.38501176816
61848.242034149385
62527.13084238969
57074.68302841901
59579.899162343296
61936.23663721524
62409.00704335599
60443.70507582281
59996.00462285916
61207.09191779941
74374.07444925816
60727.751171345706
54234.693003418965
60365.468357828235
70232.5601107568
67660.47586533354
52724.044772147055
58010.93526133247
59528.38800394941
60067.26394066571
58561.66211965641
54345.952079855524
57316.53736824119
62649.89736214986
61578.33787885743
50143.37432541963
64748.732720166554
68211.36076833897
57990.73691865945
52405.66194716523
71279.05922695363
62207.0218919044
65553.13806882678
52275.351676172664
78373.52469718768
53684.57601947868
54817.775782313445
57914.931495491765
62980.86659801555
57793.9108362759
55893.89976058575
40226.86734565512
56268.56831657808
56492.146998521326
43309.69152729132
57416.00400969804
63198.940978806124
47704.06765695194
67706.41650287781
61224.52031274236
60235.3148206191
60694.90486012049
67932.34068892348
60016.408830102955
72620.19578654242
63828.513241788314
50570.20422345659
61403.14024493351
52907.28284916911
61433.18638388398
60701.854254224185
56877.06206137505
62992.09814146666
53361.772636278816
63272.020525650216
61388.984598800525
64330.29816891182
63839.114396971134
