56963.68330222864
50521.964463365024
52209.503006531784
60393.14893613098
48130.827140546535
59555.297111064385
60557.1244032228
64075.45411713339
67690.03772748393
62564.09355283998
63556.36739102994
51477.17257933822
68030.32804458885
58328.36648977894
56153.404061544
64302.25660460843
66361.39128643533
53139.71573015996
61940.341706571824
56698.91169768577
69330.16729504922
63443.3114791442
58007.307606902345
63085.97736551086
65092.47374148172
72253.31255821389
58929.38927905433
59259.16358242886
54525.41191339555
58222.35040923371
58152.32911101482
59497.30939137075
60677.0570706512
54395.16532972699
51308.91363498233
49565.80554696316
55703.15010602713
53869.54632375121
58200.82984699385
55158.78425548051
55772.68830244229
66178.72540004386
55134.753995310864
66204.40685240983
53749.511827312715
67004.3360341216
67870.39567672087
56612.684598250824
56144.8242208814
64400.04482106191
59053.34758175689
53650.562482778296
58769.76453641101
59194.79160508665
62513.03264530022
58376.26684599726
53105.57796202727
47294.213928602825
67557.53564810599
73801.04758024687
57618.66531065133
68335.12793476233
59891.45935128072
70622.90011788228
44705.60612933434
61878.57362357029
54314.63279258464
51651.40950683535
51817.72248296703
65337.784961376594
64924.33725850241
67832.75477232959
