85290.80771572191
92132.51718020106
78137.31698265484
94379.99072660488
79014.6317475988
93075.77366638329
83396.69885040724
88686.75555602419
87566.45417912933
73501.61508666826
82920.94182834176
72674.39661336759
79177.74059669492
70846.9204518396
78385.90100777843
80486.36150310548
73175.47852062275
79994.61202340832
86432.49335260811
72165.95229348644
87112.57414226858
87395.31853429621
72381.74949008437
59082.412501162624
88721.04946035748
78038.26480648165
80002.32234230445
96173.58541243762
83399.42759638197
83721.41575805465
79934.46791236222
78464.23130187398
79494.9536383751
78800.98170080816
66518.78933820444
72014.70736232621
79544.86011116751
96296.8495902874
68895.39449979161
75846.60941439102
75766.93403968254
85526.3115637104
80746.35775723153
74856.45585656051
89233.56460464706
72061.00190243176
75940.4487630207
71106.83967149528
87941.91211601348
79612.28596488641
74305.10573058957
83568.26686319812
92630.77603318745
61931.39461727194
84927.78350264319
93869.54090378033
92439.59119515042
78001.35091101132
80770.750924993
81664.23044200083
77936.28796018905
87391.57172124117
67150.96550270128
84604.51928988517
79392.40590631371
88086.71171353417
88879.33524066664
80880.30687827326
75019.66882214506
88305.68824195213
69808.23759318281
71577.7113495248
