27527.41285621041
33632.25682896591
33415.9397105574
31112.618593514977
29118.029872400675
29705.692904182903
36161.220770042506
31905.3266577023
26490.03087469066
31026.41711368005
29933.11679744423
30399.377160929438
29541.055787061006
30813.737878047006
29934.854437559756
29070.28649242433
30973.099163033945
30313.855216037453
34713.69005190806
29501.202989434896
26188.364191650613
32210.773120054764
32815.68279515871
24824.80471636404
30520.599989521423
29235.11190375528
31583.95487029009
31479.96331442161
31377.275980109775
32538.971311804886
31659.969859164838
34565.77870370901
29730.396094906842
29823.26607975805
28577.73723303762
28510.29870929505
29789.427090177
32956.71540151149
29629.022563261144
30629.41376319013
34124.40214055148
32950.69698209012
27361.3745214009
25771.24629447925
23580.252526210905
32838.69676961057
20849.412596905237
28236.51486473285
28196.762625370255
30714.932170805587
28864.533772363637
24785.96727114984
31367.007419387533
31759.482462183372
29469.221979902468
26516.031046751355
31173.904062451365
29562.191567182694
29790.017648797493
30213.687158316225
25136.45805532698
23813.16264179307
28515.236987686258
33479.106868687515
26770.20979322491
33513.11485572333
31842.716173699482
37063.04083954239
30800.911595304508
28336.558976125445
26297.382532322434
31641.143737821592
