39486.81059997861
30215.38625860378
29454.724790747212
28916.790914136902
30997.208777958636
31151.67785398901
31949.64336132422
29306.489656018566
32005.793988131616
32930.54610285461
35362.26689033095
30893.19094664132
32907.80535567731
27053.947980843597
29218.577986334505
26099.009034981704
26434.75227631836
30249.774629888067
31820.540877715008
31584.964495859243
27917.65998584269
32389.54155427743
26666.52630731533
28142.1364341217
29773.93512957319
27545.098909972465
27828.341518829664
30931.305163411344
28786.760112516364
29592.729480964143
34820.94204705944
32342.706781286244
30015.943033838565
28235.564345813287
33192.42375986789
26933.581038668544
28894.700505088447
30023.477096072933
29721.61353907009
24791.65997617567
30555.807060320145
32936.9928403672
31000.27338768165
32862.267723819146
29757.846675742
32513.39701166547
25989.750695862975
34803.41867424138
34374.006698702426
32211.154925295563
31601.89249581953
23845.168327990326
26872.063635704006
31055.941163255593
27715.297061110377
32419.88153764915
29468.58543576004
28208.448222658586
30335.789998248027
24748.278625685794
25110.30862386322
28814.450326461236
28827.757375364097
29147.59488161775
29223.287238403635
21423.523614320613
30769.776985796623
33788.59098636885
27421.443022611715
30559.158328222926
33428.67902868457
28272.711344509138
