105139.51759091516
84456.78308493657
103852.5781685358
79204.1433361871
88044.19470032048
113341.92814438583
100136.50041270064
101058.359976764
105538.01268513214
107981.30211195984
97291.72530463089
102929.17381821838
99304.87861317101
84680.1512974033
96454.93511975017
104130.4735501796
96150.1746204411
96240.92497827503
107821.98821237287
101611.18888770946
103518.75152397345
83752.76579548403
104483.20010675525
88915.57784572785
99754.78882593286
89367.9668055237
109329.25447449285
118296.0791711228
98524.24835602805
98431.10424640821
110307.49665696824
105718.87033388134
99287.17259852547
103682.09885774682
120298.1346471667
93281.29595474899
94141.1400716208
107946.58277519188
121124.34384528847
101772.15953888405
82904.38775030912
103903.82064097337
94750.51456822967
104761.61879905926
86406.74828808468
85242.10217063982
97031.29418092362
116522.49891281626
86283.82910956792
96796.54486171242
85361.96086754392
102898.7219660713
102215.04355210422
85760.87528569899
112877.30266459963
80777.93716498438
115764.52908834154
113744.68873431103
103057.96918450996
108961.11317587085
98218.90268358182
84596.28979067631
102364.85535498027
84290.82559152112
99891.19906493681
87631.57410876515
109754.1373192888
103801.68832615994
106783.05254054659
103402.92409878102
118808.13710275818
110223.99779230804
