95729.91878694654
100158.44667710383
92890.81914157006
109456.74847951213
111178.63813566777
93495.00467047418
83595.31662282403
96721.51052679257
119884.56478506094
102319.55771606385
111534.56205646566
90721.93437146931
95137.94586788237
96892.75308546744
88289.02181151269
101668.56705793268
91815.78638525675
109489.42051547364
100892.09232441017
114808.83591296067
83226.07394927712
94689.18197995407
95925.83895305112
104632.14300316157
95779.75605941746
117224.13923135266
98159.0456291258
90945.82945249639
98390.65057684956
96743.66767818881
109282.47810136218
95881.9231341367
84795.96152000784
101775.20064952492
93491.49698601873
88452.35150160035
100225.81825118729
98678.82943825344
97796.63974064282
102604.2246112405
94211.13085143556
101159.38303882166
94104.13021551758
108222.48424286972
99762.39813116913
117497.6097077502
95051.15765058895
103571.5749882148
111297.0894021607
105362.20791673612
101404.41527343604
103360.56891051633
105075.30256944933
102978.67254110334
99852.99481368344
107371.4680895927
99152.50284959296
90152.54364625929
120584.43797225613
108774.57112064694
90884.7893488396
97556.14763504067
94302.88349346086
95018.81172645147
108671.10402022915
96683.76053789146
119160.96426204912
82333.09042683901
99703.19575709
86685.07073527577
103274.72852251578
104474.20008205688
