112966.33173174137
92664.98291799203
98531.88631674909
105363.6445687189
97218.63539675617
109736.73506633997
89124.3232852375
84802.3282192227
97135.79405017442
99289.63158787218
102181.00880446035
101384.54682975993
95916.03670463953
84920.32220629245
98812.91227386279
89607.55378102232
100705.56185878819
88920.07474889846
103792.1011106257
116679.11920967462
92740.28226829405
87348.95241827097
111445.10129684661
117670.00877590416
87544.19322361324
99084.67433239862
104867.56541729238
97397.43312378677
82483.88692694886
86270.88309944407
87322.06794721246
89598.95897777885
100868.51245257442
110977.29841234135
86425.38864369215
92140.89406079396
88900.39364292464
102884.13948559487
91780.75838058264
89892.79416523401
84029.38405278377
113597.1580909643
121895.62175281072
100841.73367028523
114855.95322964647
94330.88827249211
99991.02870283603
106512.73198226279
92482.32559897144
98405.48642064883
97171.15500690624
104377.38572046794
100620.62864698615
92725.9446540423
96991.09339176813
111147.43587611105
105488.55500166221
104618.45962944951
122560.0125995497
88690.50033791726
107097.59336298777
100548.0372791717
103438.16477347705
101822.82545530162
92984.94266633643
89649.4863427485
99998.32215702298
92178.24890276803
96303.94938764526
107981.60255257478
87731.1540654804
98082.87870505238
