60632.19923841065
61387.1541380546
60352.38361425916
57803.7059605381
53256.174317530575
54391.814732572166
64476.82806495682
62822.60983428427
61259.136038839155
70828.0072749494
74696.03227945633
54353.781265014695
68470.95946144813
52801.25380695588
57377.97825602735
60988.01320374773
65047.860753144196
52432.76423886889
60475.44639457508
60703.286332658776
51226.89061406617
62628.122303518154
59264.03834943008
63429.101536698734
57175.419848181526
57763.69684993203
73669.88459814471
55306.261850514216
58908.390862754735
56929.2311662249
60808.44036436815
61790.17130758804
67294.20851786764
56694.19869871344
58481.21267567338
61470.66252273803
49227.437831963514
67000.94621886843
40542.077822619205
64316.54779155945
80851.43625615891
63632.96522119746
64202.83153065258
60638.061924493544
54981.29683608675
64733.71892497061
51558.60794607569
52909.16873609836
57269.353595407025
63134.043451476115
52577.12330080157
64045.00978147314
62635.501532138696
60479.45710525962
49993.431420462126
65527.79720926476
58527.576172924
59577.268321868694
57060.17582015187
50629.15688099086
54078.37004041153
65703.1924520587
69570.40655786045
63317.39585115728
64525.067698868676
69949.61387998755
69794.58944905375
63550.64510322226
56407.583070933906
48130.77888886887
60378.43108091336
61046.323186632966
