91883.89479660409
88881.95914288296
107220.57389368738
112964.69747010258
91273.03967758552
110177.67775039043
90235.9145860506
83630.41811792731
105858.46630448812
90450.56520243752
87897.94597646937
88114.77599647331
96521.67539861434
82993.72132025575
105941.95078795865
104815.33539514383
104806.60264005166
112076.9466305875
109708.19607417112
90923.54570210143
106741.31230157409
111112.28914672497
108141.70265303984
108890.74390670013
98494.1110526173
93518.37132711102
97654.36962817033
93014.7936625306
110033.64960583903
101866.66473926458
108237.28380762269
85512.2267794976
95535.31386057193
89747.57972347538
83742.82397403607
102999.04459090313
89354.8763358538
96269.94489947769
90285.00156527953
95925.30123947056
105888.3949644198
90432.94191003965
95462.86810157054
105283.99015856076
106816.30826242366
96060.28681648626
102953.00350734904
108174.01871982293
89432.27532191979
92863.06537841518
96261.52204841799
104468.27290366472
101868.61289667134
100646.11077389927
89719.77471409824
108708.9691391705
95010.72449741753
97334.50244995115
101953.06739851621
119729.91184178286
93588.83251091008
93089.82721857866
96254.36564629375
111609.52102484048
101492.47559003218
103758.91170948799
108068.58497606408
111274.71424009324
93302.25224331499
105227.93133287369
111526.7318279247
102058.65433588305
