94519.165572773
86171.49218768052
86316.43542970346
101664.18972753493
94391.59781706444
96362.6141873006
91050.62237789635
113793.11944779666
100398.81097102909
84768.07007582404
106440.48216421655
96574.77262682951
111936.59061356091
99918.86829779638
93040.97759085454
94579.53533997425
95976.17153322208
104897.56226362579
92148.99350125497
112436.80659348697
103685.6969663149
102244.02120392944
100730.45817486233
99798.98358505937
87304.75604915254
102925.33395565544
119257.34910126062
106918.21410140088
104384.55878592936
84650.33737057986
110861.34776745991
108025.02124658022
111674.27770864827
90961.4328062426
96001.32497542772
85142.30594406082
84299.40907875533
94230.81733163926
104677.65374316937
95835.80697468542
93308.52808734593
103394.36176040862
67578.44132636953
94575.86429389892
103382.99025709821
95965.7256023411
112992.04679539274
93387.06301200646
94078.45908644443
90139.52329656335
92423.0211025624
102770.11202994024
108081.06279957504
121549.17869031592
105774.16091586658
88221.59680043042
112416.51106993544
104871.39744879934
100286.93360137247
110673.08567108221
123679.54058457646
98110.08756331023
91670.31532479702
113274.29956749262
126563.122517897
101448.84667397098
100309.12096651328
101721.17346730828
104493.30032856543
85915.27834050398
103058.97975877367
102734.56265796446
