84771.00408519065
77792.57746676671
85183.7109195605
87499.4750679016
83345.84082189304
80634.93915698015
71544.20701785722
72112.32898914594
86444.59162368828
73126.64111347824
83403.28457565134
90418.12506353577
69617.94703208403
90446.9737739252
90172.91083426334
82740.55495291806
75077.32424764037
84257.37037035386
78576.00095032675
74335.29213015575
81105.83475503905
72994.09202328224
70538.87519520604
75653.90472887129
66232.8823000881
89590.8180659864
84133.80539886624
73115.81178177297
75922.37909537509
86069.97353337226
90184.78251390209
80857.77989660851
77935.53086579924
66929.43486653644
77428.50391312996
70895.09295903705
70659.94471066506
89864.39340905493
79063.46657999666
81125.94850648209
83252.51425274528
78575.19962827806
80542.58124787314
80155.54064930105
76588.72826673636
82191.33220553589
79293.01618998611
80707.19902336608
80033.16593682537
95644.6746162167
87918.13418960822
86207.01682992504
83760.45382529858
83408.91561741241
77742.58728590593
88965.67238180489
82634.3557571184
84669.6603918383
77649.63047955009
73033.80472413007
89084.25524307357
81033.67108714649
76167.41244650264
82742.58331295746
79160.29761235627
92399.65482823706
77151.31195471143
83571.08059903957
88695.7320907797
85247.41939369202
84337.46157446984
75945.71175628433
