30243.18708909197
32472.198511968032
30878.558844933697
29543.511517057483
29572.245780150508
33440.014006906655
29805.46257409011
32147.870646410418
23279.1927483056
24447.331522144672
33861.57506297151
22819.934120984886
24508.718141970352
30001.772921962434
32636.97581665229
23434.797115983216
29889.383107109334
32311.84817602506
28377.478745281085
29147.71097643074
32383.352143943303
30569.593979116315
29685.460548496176
27561.531035869175
27877.42278450991
30875.151805536272
29051.480920641545
27137.749742922755
26472.03133354892
23294.59814817051
27890.45829484611
29957.597405410732
33690.89148518959
32573.572823957777
28879.545071677156
28511.29282954264
28139.24888512332
25128.225888945795
26070.49298240613
28685.798827622995
29403.532050100668
28785.82551082428
26520.37107695024
28484.041599176853
27084.121155422687
33676.31289820972
32270.14695016232
29440.91760239766
33492.0812956074
31199.151848120837
30512.62876742437
30206.06511026102
25336.936757407162
31334.50346872411
32755.98644626281
31672.593731533187
30279.14927537515
31108.483971213904
31681.418783330482
32570.353340814483
31474.35351885323
34147.483929082
28501.515619874055
29240.821112485733
32407.925684102007
31607.008026748736
31189.76004700865
33489.234198523984
25912.38467092168
31279.10212178819
28405.627551871858
32105.783595530756
