91713.07079985148
71345.15162043659
78499.93522422531
80163.21405947299
76450.58788378407
88020.87654350045
90787.05132759053
76161.96825359816
80096.15769228333
87176.18071038778
88547.23822447158
75968.82844485303
83825.14943286429
74455.82609977254
88453.01064966898
74179.57700330732
80896.01052801969
76199.97467583862
72137.43422145209
75434.86899119914
77233.50917733881
89986.65161002766
76229.94509071589
80578.3640403407
74616.59371819234
87366.51656343385
88448.6045851744
86273.2108152484
77165.56036417204
74682.68567093018
72627.10573958613
86151.09032991296
76322.6614171137
86809.43227546601
73160.9884532101
78331.15868630775
76355.60704873293
74282.57358782028
66038.63642723995
69409.336001622
89025.40900836456
73310.32050640887
85358.81575726421
80121.13085299665
77243.55527866393
76608.49234573886
79343.24081077747
85329.69663208496
70177.76906019215
79473.19308831631
83077.27181987706
85953.7911155877
88082.01136397627
78532.31980779946
68788.96649883696
83248.57504910011
79047.5450874913
89638.18292748382
81600.40341821947
89719.80326385415
75795.66540673522
89717.02832537165
81254.10050968506
83341.54649073214
66265.60938296115
88882.9245438601
78529.9059237207
83960.79993870217
77373.54841657374
89218.33106171018
81814.26703673827
81176.90973060476
