54799.49951424001
58981.8683658041
64257.89083331868
56408.16386769694
56582.21597204332
62069.66637147412
61091.72328355824
56146.05192949864
68035.87786318657
61262.74742876293
47128.42862756889
62480.75887416041
63922.18633641979
64201.96478301922
57442.48739667546
54388.14279014075
60227.46603003255
61169.34614055504
64578.642451497806
62028.049395328526
66624.1446329046
66906.50348806912
60100.45886548577
54192.133639143685
66174.74666600255
63480.163780706665
54061.51774737585
58631.389118074505
53916.16020743157
48382.559126102366
54143.16389497002
47165.966149536885
62829.344961590934
60301.690343290946
54964.94990056378
64364.4493848721
51418.10573690143
67454.74285536274
57260.923696141566
62593.21913567696
53735.82470574702
60733.3329473174
59355.4430726571
58237.084224524486
57221.354594501645
62408.94479946168
54663.32737960129
48198.413732883986
59599.36677893864
66372.56960904405
49896.09338798242
60492.29242299153
59986.80911868122
63259.19945717958
60563.025552136314
55830.51418130029
50300.906175675766
60523.006796422145
55937.80889612284
54839.90098360296
60552.80635546014
53485.96901891032
60709.9016887347
63203.77445632309
50977.247438108054
65787.88409299166
59811.85641349077
66115.86679207055
58095.84255987778
71063.31916037248
68803.55638526818
59949.17914522589
