27296.328868780307
26463.93139228467
27948.682518487134
30996.731357426543
28174.30223039596
30611.000324446515
28982.57599677732
29339.034014390116
31133.97009152581
29507.502217057896
26670.11397828532
28514.657205471533
32142.395979556335
30866.12036971161
30203.904076927454
29436.414772943248
27406.88379671304
25656.98686068736
30917.55007667019
29406.31522837646
30742.61540234875
32735.343303735397
26845.792264507352
20705.20598230336
31672.2790280858
34014.27218981799
29523.897929629886
29725.191037225537
28773.118310715356
31669.891846166207
26246.088675160183
33821.72109976083
30395.78734042789
29256.745752127663
28180.86240897323
32782.74280151422
29341.07704352078
34411.14925682214
32506.980996504506
33959.96280447211
29382.02584386415
31544.441086315517
30623.667571935435
29156.361129651475
26876.12680752064
36662.33506761645
28398.275910997283
32060.238052511442
33319.156489491485
27874.89692290559
25979.46911222902
31255.223693349053
28668.568787392276
27674.21873895972
28405.39844750428
31056.441947406794
25519.880987889395
29436.25063012326
26433.427116673152
34181.55684195008
29574.675606178527
33548.52985994479
32966.80185115196
30278.491210886343
32025.715414975923
31761.596633828754
33052.356804269955
29729.114789210063
30783.069377096996
26892.342905835805
27458.702311070898
31903.378473395067
