32161.07670137067
29215.22952417748
29321.345918941006
34666.07084281919
36021.270817647746
27761.141117671872
23545.219694597192
30499.099486896168
33170.08069083461
29283.402067926672
28166.117411701507
26965.3860195263
30172.54861779467
25739.345146748197
29004.25058433627
28973.243262003594
31543.534985658425
32541.493665827864
28684.719463748057
26384.987620314296
26118.058013671653
32776.30945655322
34440.21280528861
26328.70053284498
35642.993757283526
35628.58518913408
27485.125430794687
29529.705170699588
32212.02566869515
29870.914256746815
28870.268256456184
33293.60875937095
32196.962222773436
27337.628672996565
31676.640099433334
30968.155304680215
29560.224011140097
28659.074243372306
27111.053217962537
29230.538781101648
28524.67444255839
31600.29403648098
33920.45338471304
28847.802183476284
30837.265412905806
27317.324957817018
29784.299217098494
32078.635418348094
29578.662803210354
29002.992802312107
28891.19077098937
31016.762362413367
29744.956825755842
27473.96227391307
33224.31243962897
28174.644038203864
33759.82701353095
26394.479518838743
36195.87346373784
33845.189927416475
26631.37226998096
30102.95746667165
30213.643711693658
27868.517935697993
33920.840407374075
32600.05670001886
32868.49306466105
32651.592862499907
28183.441954786216
31107.985136501753
31614.859087805587
26828.81561005537
