60985.916915903705
57840.815408563954
54385.692598164285
53091.57316294039
70644.00903923257
59765.838557245785
55311.00773054346
62000.965086104574
65428.69218453055
76715.152340449
59888.32437963047
56928.465572578054
46003.864439657744
59500.59372916619
56594.92644265409
60551.08348364918
60434.44830628167
67295.25925012754
61199.1113511828
60574.44195244724
61066.10832156338
58087.972067275645
68420.93475806617
62428.21836206228
64602.49038856345
58540.89886185267
53515.8524053334
54097.825824214
68991.58897616142
71245.43068104112
55434.87622464565
53429.794449722314
64645.154355192404
57135.442435006764
50426.67393124259
52516.95809625976
59551.25497477608
73654.33945963811
70191.32265798375
56397.53646448406
51584.94546428532
57353.48174329208
58977.08301574569
60572.41297938662
56206.71570782467
56434.46226039591
63630.27565154984
57834.07647084609
58346.3889649472
61519.71442913586
64771.23100465119
61161.62966616168
63519.222881632195
69381.1551961959
58075.345960732855
64218.07938765557
54926.89851042604
59971.914379003974
56881.348552621785
60919.98412498056
65822.53281133677
54742.809950472314
67040.42752234529
58763.75890500064
60056.54041389265
55655.52687964037
51097.31390020403
56187.7959373936
63866.15548499639
53633.0936712248
63180.31828190764
52828.38367087245
