104099.08234876744
132876.62590803753
132564.11009571978
116456.85320750772
120202.62070103874
118874.81460572794
100578.50599583669
138552.0497712015
110796.56113341083
110878.20873290494
118194.96174645801
131946.58302434735
112904.36141889563
96573.77734315867
109356.02327124559
125089.68502894789
146277.00345371023
104880.96040352214
104441.97879023006
101848.85398993421
100359.30010440791
134468.29752097715
137936.26290437256
122133.07072296483
114387.44673430972
141493.7254423515
122086.89649987806
133073.2405123252
113802.61269933822
120530.92625068528
105151.90025463545
127550.98766272303
122291.2530092798
109265.24121103459
109426.71420568247
139391.50204006492
143660.0250055418
117442.37595999215
120813.04287314597
124801.3736957786
121776.38109791625
99908.42735353643
125134.44812628462
94945.3315847927
111207.78970490857
126065.12575949781
127199.93049509804
110279.12298948612
114498.75671775699
112873.96189201856
118765.87004236715
119678.46784037203
128021.61755434932
113797.23764532259
124480.75430296267
126084.18917384629
122379.47252846239
116884.7301306063
122167.74557130528
129020.8832807229
130070.21841259574
141784.47221792286
108119.68516432485
114719.91130805516
100638.37607677917
131172.11357193426
115985.90992371904
122474.29178435191
112747.93716664033
116079.5520602661
134678.2812651199
128330.80092583179
