63023.756043355956
64794.17280058322
63896.33519427628
52271.772566711224
61352.703254156535
62405.9200300058
59536.08947357582
58679.05793509207
69285.84521215309
55069.71076257051
60197.725128669095
58690.87197369119
66844.99400171028
51348.29492087429
60690.90377802039
69381.45347296486
64547.30785880354
59231.86081827473
53781.20940704737
49524.11367152461
58670.24862876591
49775.60369750757
73845.98130284037
62531.85067059392
71124.75168832058
59847.43656539417
70337.06490908503
63845.00796481544
65233.293009336594
57567.65515686073
60852.08230436175
57597.146908977295
56547.37806725429
63903.08700209922
63183.76465551732
56205.22541319994
60595.632874780684
58563.54273598785
70290.70796001647
62572.76103270825
58146.98862797388
55757.49162193426
55361.72718427289
55330.94293715736
73211.4179128659
50162.80790920621
57138.535680197645
53346.9748224427
55108.09343189924
60556.45730283041
60309.47425479658
58972.47585680115
68532.69374169799
48713.69163519206
65589.33959373868
70125.65283015967
62389.05305918367
47801.11213029825
71416.18852222404
65217.303064652915
65792.34683914349
54674.44396287477
61678.14949394957
52831.20839097235
57576.3112816435
58806.82418430945
56037.93822861478
48041.87976846032
55224.78302760025
52778.445945733256
72105.97174798869
51774.58625333609
