73354.30040344138
69398.14040063073
68818.12160301853
62230.8071112782
73119.69367969393
80037.82612203102
66999.68468478724
72170.853562787
76695.96667028373
76847.41300753072
63502.87287613422
78614.47510005496
60567.19328235312
63689.359984495706
60023.90146286733
68083.15042045033
66318.47895522436
64517.68288388346
76693.63486727657
72491.17842926046
77988.27783607856
66221.43396541104
67608.13974323387
66744.69412290567
70503.10309093769
69304.89364809143
67737.93426865281
61782.49406778348
64350.44036789501
67678.91480494537
79780.16384140475
71161.02540655248
84848.9987968478
66474.5238747176
87014.98034928979
75389.46132927525
78969.61724486224
68466.4045642031
67279.37142893545
85010.00703788728
67964.97286317342
73200.0371122362
73611.35501828976
75278.90987206702
74178.49614337285
70394.79709085687
72092.29572171744
80206.78439485058
74304.86080853849
65475.78833395026
67580.84130094007
53316.319510314155
72288.97842265957
82092.40998480747
67310.7797871607
85815.23464600816
57721.907606365465
84727.31322971568
77295.84588787994
65954.77326136384
74779.92173838128
80097.96840283819
61955.25797268428
73948.47721079695
70474.68419192533
65279.54471105512
85457.14229666858
79534.34470759737
63761.985280707624
69305.04462370294
74198.26468832098
65317.19305961322
