26529.96143652437
26797.52926792683
27555.293767176445
30888.24164680277
33664.97631311604
30796.369077349387
27593.74971305273
26375.20151260541
33050.73309490275
26490.402473547598
28220.30212760197
28309.529273242195
29299.358842349087
26581.367845886078
30146.102261070377
29311.79182065401
25972.816347078086
32747.65434385493
28434.099418708684
30546.547690225612
33150.33691907645
26700.661337492194
29722.28535634699
26651.05747471104
33101.61395787521
25765.74843087655
27310.782554135872
31640.743300168753
29510.467163957717
30628.594367450096
30013.73295725642
30104.580005758922
27667.48659934335
28684.292722212624
34181.556650408886
28856.23522407246
33251.29396990405
33638.21978138059
28282.92506909477
29036.40955216699
30484.38730050791
33108.18517409669
33019.92056754113
28016.106979041386
32895.176249982345
23573.70094635801
28959.770685587493
35254.02034057139
31355.93929413456
27593.89491777543
31567.86564233734
33031.36761824237
26476.32646063749
28678.148516264937
34721.402301341666
38948.43669618111
30877.32095217439
28368.054931365943
27750.776956906942
38004.6331971353
33721.454100334035
35201.162747864146
36047.42261002174
26676.772170775712
27877.62407322363
34535.71756527967
33795.089032180615
30439.729663054008
28169.961860117513
25535.99579715218
32046.95208508224
30476.163792006726
