64566.16651615421
67959.81045646344
59508.117491336045
72428.01982939748
72147.5822136481
73283.953327417
61386.98005033824
71002.86027777656
62214.83196385773
80600.49497083362
65158.62281942386
68661.0701551904
72483.79082825173
63535.777803251505
72268.93236054757
61583.635388797935
66207.978966702
70026.02539076493
68597.11797715681
54649.48699362945
77053.56007229794
56888.413747153514
73994.44417877663
70774.79629018
60420.595743429236
71244.46933075442
65285.9464903223
77574.69113091756
61423.71971439006
65346.57540779667
65980.53262632668
67116.99175156275
70266.39641347813
72958.5466730596
79237.90111682222
85278.43403681576
74942.65145863319
63427.677810522495
66456.35483631409
73198.47998155799
46790.69794610359
68311.07179152331
59019.62911516535
64949.990285968495
62986.7230197162
62422.54127684654
69357.29419131124
67617.61890253251
68113.19508823637
88980.05766147636
59380.45445506496
59812.30909122373
69091.79085553445
57035.258853112966
68124.2229297842
75128.17128926174
66051.79830927232
60252.8113167357
59391.80429693653
68466.36190345613
70120.79650615487
73131.13441227183
72905.70398463712
70893.4892326932
67852.49278703313
46195.2944943671
56925.59369130342
61526.60142034123
72890.92380489361
72665.4981292637
61211.728317437126
68332.71431420612
