86462.17000696698
71786.6090171378
77219.93812969314
74605.69475226178
75359.18699024548
80466.93183064244
81591.00883785733
75227.70156094019
85933.5485267367
75834.88900138934
74547.73993403488
68450.78867815653
84882.90506602344
76144.10347872258
82351.94100808796
77006.3250646857
74071.16718144457
78939.73754072822
74654.15828994123
73594.9434993437
89797.88605822426
71931.36762159043
73109.44326023075
71600.57462496859
71307.44544757363
82544.0291311849
67718.14080768962
65809.82613624385
92199.91595437693
83066.9940403457
86723.73602170123
77766.16207151746
92897.60095348093
71253.21016665951
83531.45221181095
88475.88300140359
71707.36769598223
81175.21034668073
78958.23225638324
89062.65646564473
82343.0604138798
95002.12436721793
78229.33074343794
93598.7083151876
56298.571560242824
81827.17063085505
75845.60637148577
73004.04625302182
82176.24140005073
75450.31222925501
89621.13943453011
83597.26473284594
78984.5964762252
85312.68092083614
90699.27242839025
75764.59630292513
80816.80149754099
86421.72292690216
80448.22810564334
92135.81901867798
75650.38875854705
80526.9857866921
57146.43153441537
74473.93851952605
83976.84322748386
84187.12959936314
78789.81033142991
91054.10461854623
89628.50570345101
74202.68089702215
53958.37908583579
83143.94985253752
