127938.13185525812
119320.61997790703
115871.46710948851
126687.91903918269
105852.45365343701
109273.0447224436
111287.75608052853
128839.11818901026
124435.5996213605
112293.08108794739
132181.71359843027
133284.17054543574
83820.48062135598
133252.2048213413
124643.13376059389
115192.01490223975
110084.38761423195
105407.95559122978
103758.9370597815
110197.04257615571
151312.34345876836
113859.83182724522
135655.85099345518
143799.36360827446
103727.90437846202
112318.59780683358
120712.94380424671
138812.3778809409
109633.29993928706
120404.89181797017
126332.43256290378
143175.07070644852
125465.32722385251
104861.59382488547
123034.65429842616
134205.0777329356
101917.26631600676
123331.85344981553
119471.48601858033
121145.37110468044
134906.11246568256
100580.88139334398
137876.92560485573
126188.7828794099
130137.00618589327
124765.7870207658
123452.13484618274
129325.95706399331
125292.23020513098
108936.14456868437
109313.04328959149
112982.88937077133
110178.43287874202
149297.2641826512
126671.12152989919
103018.84260426323
125502.21639479423
123684.1505013004
115196.5549638621
119645.96958421354
136693.28517286276
126750.87732507738
132066.39676854818
118165.74403235079
124245.1041953598
126838.45027214134
109814.78517412054
111925.82146286433
126642.56694454502
142271.15915465044
114032.12139449661
112040.89527963508
