32838.42218348104
33085.17636127852
27222.003548726643
26509.202448884604
26152.317933665367
33790.08766291304
29506.94764666272
26774.596096888163
25421.814232797005
30361.72294782123
33071.19802677367
27910.173039910555
31996.06913841488
28302.52535874476
30717.922582591258
34262.89068026677
34297.39837665257
25189.135159592952
30118.77224560191
29592.10938259821
25972.922028050154
27906.94676376561
32970.6701949976
31189.06196397903
27542.145224907763
29518.603573678567
26898.15942567546
35894.7505819141
27471.587795425658
24614.09299724591
31573.804009648597
28553.46196444496
29663.990180398763
33180.28507540315
28366.068512759073
28561.792879580673
30907.606177157508
24314.771461205703
29134.949038974013
31010.47374400651
33428.413997242424
31812.091222167634
34698.815205515464
31592.048875928114
29735.760813361467
38782.682997656426
25903.06262213473
28706.73238919375
29202.261260057592
27619.64302303324
26230.938851432016
28194.08680834817
30377.109375931625
26710.78586194412
30434.66573406788
29490.70100524588
32852.00709196215
26831.012931503315
31624.958390041968
30474.227811705015
30584.82358973228
31421.262330843445
30235.422338851873
31091.312458464163
36899.028901312886
28001.933827630313
30694.12624867653
31847.047663520734
35874.0255432528
29826.707464221097
31218.397943669963
31981.851178601744
