60548.047945057784
58033.07352193175
57606.149258210084
70570.97778023145
56331.37067779501
65357.88553342061
64736.058940831135
61855.384908542575
54193.20879630669
55001.717631633575
66742.84736261313
59257.40855178156
55966.186053204845
59034.7265090712
62319.8514663127
62735.24507242286
66868.88694093186
56244.389388746786
48131.82123662887
60786.26953923265
63012.863225474954
55616.29380507857
69225.64059086122
66292.58506839882
48032.53881962166
54579.7930479209
50717.38273906786
56869.577102910414
61318.84057655044
62770.11344902544
50173.884486496885
72254.1818388731
60564.474638971864
54281.86134080003
66797.76985511911
66732.33947347115
55444.97687393967
51787.02657316026
63661.82368061569
55926.372274042325
68624.71898601987
53741.4552794337
57188.93054668625
67886.81862669009
66384.91055953201
68879.96078381252
57650.760842031166
48313.7835883153
65837.23750050057
58712.79497083879
71251.41998168785
63459.31798586035
46521.16967271956
55902.01656750751
56884.70836009956
50480.75084872992
47277.427150755306
64588.68254376239
57125.39467819852
64336.7759139905
52309.40607715485
58260.00761161698
59467.44551238771
55321.0564807712
60534.55997045159
53470.49559222015
64882.683413532664
58088.56615680337
64754.896689154324
61230.67588559733
65459.4588501456
70315.30220439468
