29852.359074070053
25279.568254653022
29718.744270689138
33028.97240733353
30267.188527316168
24799.05600077392
31054.941716248006
31369.013070461675
25824.855350842743
28601.215846790998
29114.337118253225
36524.896668945665
26932.753846293053
27373.42008206514
28762.495585899367
29064.02499983611
32072.12409769306
27248.70559736439
29332.671005535663
29004.173805995248
29346.516107952008
31190.089885001802
24244.028116237478
32161.09295302653
30603.00571524702
26017.557206694702
27173.41392968016
28816.581109705614
29651.42093151286
25963.059194235077
27220.5502683133
25218.143289787444
30898.67644390671
34149.1836113899
32749.14947207861
33116.978239190685
24862.311388253347
32975.47562617088
30012.135547005564
33039.83333711568
33291.350820795975
33260.783939448535
27219.00487336933
26646.205337404863
31481.22072667145
25877.799923193852
32242.079994585536
25686.164173004992
32250.613310212048
31738.193677784566
28912.152731333328
28812.973400708364
32284.325803052623
28109.39487545008
28401.452869887602
27390.988859629164
31335.297207268955
33728.75092740141
36631.859109584104
32015.500084129
28010.79547820015
30392.946496715773
27371.096520465268
23140.950218606824
32039.8236408365
29252.44805212403
27050.479245015467
27976.50484500583
33871.28741358303
25802.126875879785
31557.97219428833
32135.94978091292
