134938.56541245003
131585.8444879197
125423.59043100708
141144.19200514792
84387.4464098008
141391.19559148082
133924.71963152575
130763.46746242413
103043.29164070338
130894.2165765394
127660.14223978353
121844.41509246321
127232.4136813702
114264.86398591418
118878.58841247566
132806.01664056323
120205.28304598584
115855.01581052337
138128.1341377362
99424.25452935522
100229.85104424103
120235.19037589496
132480.11185504444
132897.34485935594
84798.77143486394
127701.47694581511
106012.63266495054
100235.59510149473
114130.2701858617
133842.0619351655
118711.70054129449
123086.68361076506
133856.1514372967
116990.90431199541
116751.3980618351
122789.26347306589
118200.65866201952
123913.51144933779
131705.14560373843
116070.023840285
109993.44982034859
108778.06934551561
111529.27320419256
136464.4082899831
118150.05018963815
120088.58801791182
115402.0120364241
121585.07943346619
132783.90004757058
112165.52659477801
115553.36363738686
94613.09340698815
122030.29603967244
129103.85621448798
130503.50322864541
109684.62774955877
121457.98805040275
122651.04295760898
103945.207644661
141481.9931207711
129738.88586872543
120970.92078041726
114660.34768604692
114799.70670954001
123504.17147558929
129652.37725944257
119674.22228637013
130851.50018907996
102239.43890593435
119726.24939115801
125265.31606010077
102999.31099180838
