23066.367554773315
31337.377757006707
25904.442602387575
28197.05312012057
35524.676597763064
31386.528926646235
31000.130835144155
33917.683409391706
30322.386541662974
35532.49348117711
31059.939591389277
29254.143844157363
33276.90893181395
32872.2017519445
28177.553525768497
31375.970953013544
26202.336261037402
31981.528102001623
27240.776629297783
30866.999967500487
29524.784714284204
27940.27752182755
28383.278919773264
27155.86301655051
28695.44026031652
35758.63798326307
25872.705711976683
28512.66838838703
33762.334474741234
29337.889796266816
32983.46073144457
28094.48712815944
31003.57830411661
38569.479581188534
30120.404392315726
32124.982689748987
37003.61597045824
27551.159463244338
33073.849592611936
34504.621428575374
21822.3839873633
31257.115627288946
31263.09769890834
34855.30509740774
28322.361821245002
31963.287146922336
26119.22978521883
33702.2113792379
32545.45319902754
32051.197992537313
32639.00647621115
32463.335591565
25890.057939947223
27757.258807551967
27312.05842627488
26092.003834187457
32123.083253567933
37388.66889543819
27672.204211596414
29657.182354404667
26972.94719797754
27137.209647231877
28631.03442501435
27568.327620365533
26888.687623819682
32800.440310694255
25588.75667664754
29083.47729808668
32131.397353126886
22851.14764299061
32663.008768101045
31853.578576787808
