57493.3421512724
48938.125306832655
62636.069831263325
54333.80723405099
50024.48463985374
64643.01419827959
65996.88025588305
57984.95710107562
56640.610913876095
56253.20150184572
59612.19993717444
62888.615267893765
62254.47277096078
55642.10367995062
52642.60539752143
54544.77309589803
62937.790982384926
55899.66846758951
61551.87162800185
67950.02170647
57037.95998321366
59272.69741266773
58853.63775760997
57259.71841097725
60059.05732395746
58833.083426319456
67251.4885423319
52577.2185076022
60652.87909454911
64680.3096998188
56977.43454709469
64355.28911695541
57891.17490686791
61474.26307109308
52632.518135301005
57790.369311625436
49557.68696955624
70375.19371254413
66104.47576318822
61039.3194124442
57514.27481222065
55664.88364207207
63916.67568347686
56914.71568491536
68028.34959338365
56137.3948213896
51669.33382047087
54557.451593934136
70027.95265768285
63679.61338270411
60458.49921681723
63441.71878709915
45353.00504976887
62360.67758478772
58812.45202989192
60645.75454495484
70236.62997414947
64723.41423995184
64037.41826587594
49007.40596183304
62900.76677993853
57617.22762571375
65521.00134725248
67623.84406231492
56172.53140878866
63762.638176514076
59016.62529832618
66248.34969266602
63560.329611093184
60706.36565337808
54925.581912630754
52959.33699561946
