77586.5582390251
84958.826136568
81370.69213369724
65877.21717498128
76973.35456444495
83673.99133410577
85673.81575066932
86497.86082243119
77910.89039985336
69652.21259998094
68975.08309911823
76497.42580394122
81400.39891791272
74348.03596138158
88013.45119377872
77666.42288150461
80486.87719316462
77277.4956904544
85708.59246615513
77345.45411155526
78856.82210660471
75702.75991794933
79843.89530439509
77620.46673224174
90264.02734652253
80816.4137203979
87858.69957165884
67967.95262885801
73589.23118421363
71900.68547210313
74406.31371408941
80215.59578041172
88871.76344295501
84737.71444060958
82348.145721859
83265.08979671725
85020.85638693935
80605.17361351672
74676.6723917498
85506.38284434116
79056.41850898284
89063.41748391803
89954.66848701397
83807.95788267607
85578.32454755751
87819.95831021667
94680.17316116102
80933.46873948212
83943.98035974897
88238.34842420853
74333.77221863563
79565.32138955752
85694.04919643539
69235.19985531479
88071.3362184113
110896.83603375152
79169.63358161483
75477.15568257868
73866.41669988303
83490.7989691254
68699.83725808872
67939.46564931482
74520.74958789237
84113.68819144982
74072.47566182686
77746.95979539368
72405.26539508646
95119.09951047624
90957.59427794967
78245.52589997697
78429.58472405295
60559.35767026541
