78820.24406497058
81481.61217000123
74617.20501446667
66317.08993540388
92272.58467050684
92588.29566895246
75393.70287433761
91431.40752579374
85906.0071450604
82708.75881622655
69171.22797842493
63178.32981137619
76156.47742552709
67653.98513835327
78955.96404943835
92016.69355492058
79866.72766063968
70546.1933521392
86459.12789024784
75285.99840853797
82482.38435464512
74725.36184324196
73380.74515337615
86668.10164117867
81884.83791315029
82017.15815200351
75516.63706027382
90103.64333282193
81165.91995361386
79712.56075603922
75974.18536860392
80370.02455163238
83879.6661916733
88541.87197539874
74470.76802871871
60377.99927025893
83222.53761432467
78857.85864005318
86003.93832819688
81750.88463692607
79396.19828633791
76530.88428807145
75347.93808465532
79885.81260234398
75890.11519591801
94287.15976988028
76947.88001938288
94473.03784643143
95001.0371874341
77962.79847441328
65998.38682872379
80931.24406702133
71484.01197574269
94632.12935827808
79473.94975957328
73728.39287061735
66243.69306520566
89435.08901932712
84544.52146948599
84340.3355261499
80856.73537522746
74074.06143728858
77270.50666414973
88016.2704535305
71741.25235264405
88677.8922783445
75237.96596259237
75296.34821442778
65434.465131093304
71264.5043969082
80213.88917908666
74467.39147463664
