46314.93247328112
57543.17733610497
62392.59719451431
50556.454143583396
59870.88896509005
60223.44312064374
56461.69852941782
63329.38158111309
60360.66990257925
57122.601931578145
75679.39612624128
53752.3341682562
60624.83774333737
67589.34050829575
67597.95124957406
61978.20642848702
47915.36140705472
62194.94778614592
54776.801597953345
66861.03617150096
57882.7356200819
52297.16027083136
64226.897989714285
50577.800687669966
56988.45056679809
63290.76705289977
60482.54295097667
63182.25800310261
56099.52755798021
58287.01461012085
67195.73826626784
65234.19862004779
52033.40324601869
61521.928557663676
62857.29480846075
68314.40098445167
53461.41651556694
62106.787988084136
49863.59162567302
51839.18713035285
61518.255486626316
56394.39031654907
59778.61598041525
67611.24409736204
57470.82133645816
62316.501540223246
62242.042349392745
58783.00719108661
63449.7820293952
55661.98034735961
60778.442414289195
67517.5473475316
65566.49332102644
50348.57123120535
56894.487270989266
60001.30303320204
58433.37336533514
52939.281828653475
50931.83133993952
62439.900101953644
54322.12700315381
61531.2513881137
53667.81537748473
67495.6654330191
49792.035759485756
54620.799241169894
61544.473640309414
64576.56441407794
54719.114403878084
61884.16557702366
64618.24868466198
63870.74534867144
