88026.25449212879
84437.49997366885
80626.74406698628
81364.26573220993
66552.58024749665
66999.39008451722
84795.7467684763
90371.23964731744
66620.27194572009
77663.49563250686
72897.16821368923
63513.90142883773
88306.91222107892
83849.61963231396
84443.94336287555
90557.143347925
107753.76283969267
88889.56538244507
73243.30495640232
70582.59848258454
79399.86763560331
86167.81260582071
82614.338872327
75448.1624040512
78419.97657722385
96576.65527849979
74276.07373448236
81031.64268745088
92302.28306455145
78657.60090011921
77110.85076787969
82955.7676730035
78802.39260327513
75749.70479441962
83719.54668876153
67229.43045798152
87039.04359140708
79171.0551079323
83768.65419720473
84410.51413827388
79084.99519507737
70193.4806055454
77794.6638691506
80327.03431126336
81785.12066815607
72049.05724509014
96059.12870340854
84578.94511909981
79967.99485193986
78493.3178854713
80214.1312789873
82956.46845910183
84706.43121258167
79831.13071293631
80917.5944295667
83425.79567104542
87736.56149680141
81808.70274276468
85160.65987758413
70709.37719564022
74750.83929489556
90892.92208642304
77693.20773273148
86563.03634484371
90590.88827373649
77532.19464443123
84113.64436459326
67898.76984765669
80063.04846120537
85102.87512256905
86757.75431502481
79432.29522927296
