55867.19808046772
47255.14529456209
57542.998936921955
62826.05944667158
57439.65462939093
66284.77590312979
56325.724449900496
52290.28950210669
56632.31786143136
74563.12083551036
55830.97440209836
64311.465355970395
65306.99606181106
70359.66911266813
63237.984838158314
50588.726687210816
68968.92376710844
61533.452652246946
70757.85618006608
58094.58174817181
58226.54022783563
56364.3837940495
59253.638577828
57416.27458092331
50885.89559417279
58217.01973663442
55658.80408016088
54354.26034832814
54780.82477445584
51324.807226717836
59634.63614739869
56761.109793649215
66930.28993964224
61243.84265596542
57721.6576844913
60506.667603640555
55726.23844442754
54769.482487980895
60158.43915506207
69372.23006228848
58728.61745472526
62280.34576365491
59715.34834490375
65475.94142769507
54598.798682677254
69428.34265487106
51474.32592671866
58728.0745062541
58216.313584318494
56758.961082726855
58030.185134229454
56462.72748538332
59323.641486616165
61258.51481195733
50625.60234889405
59147.92869192587
59992.27244281465
59607.575057574155
67297.2054734086
53530.32737845897
60291.08378714691
49250.91747231287
67604.52744104058
57985.15260047005
64845.102970136926
54125.1766047281
74792.86465678886
62548.876548019005
49313.30180094466
56915.983136105024
54744.34842087691
56811.43223357667
