112339.35064487303
119119.19630373766
110602.21915239053
109143.67672608882
136769.743610332
118305.55985666087
128773.53877291967
124820.73048422541
119465.69798432908
83244.26033566268
127520.84242118393
115076.15779412704
112066.98968299622
116399.77865080698
106162.09629002927
141328.73182615655
120258.58360449411
143762.94212622585
127650.2047631324
108551.0392816932
113023.51758877281
134980.44504212154
140690.70712748804
108321.59503290291
97788.18292548177
128294.22448522074
109196.75963416506
135710.98833706565
161053.89456907453
122607.50053944573
125113.85536708799
104012.19392596607
107730.83658184968
135678.3788388332
121269.86759918004
113590.48982832869
126061.40910496801
108547.93724044558
128911.72324129251
126720.93385927781
121128.43470048236
125369.56887386962
120657.77841547641
98518.51689905376
115544.05160643383
136027.5894068843
139383.21898446998
125198.006769951
138199.0884748064
131183.77624010967
131926.50300556817
99916.24131143939
120862.50246730112
110888.13463986953
122460.37453204782
140701.33670802013
116984.62243696366
121052.22710269973
144371.39932895024
103493.55803614084
106527.93138979202
109544.7811570587
118334.86658880266
122092.1719333332
119969.77312088845
121522.11278540806
129775.62343444138
131699.9639344922
128039.34121376384
107354.41722920006
114599.15039231397
116948.21842191316
