111126.56129921839
112058.07021678759
112079.42811262846
135490.27294994873
112246.69727156192
128199.46383552543
130767.14552300645
124258.55876736411
128683.3110937579
136845.46532742053
115585.47624095969
134749.75740067757
112514.88659652414
111897.33259911052
118446.81802195193
116003.00328478702
124680.94265273413
112158.64009214778
105648.70168271141
118547.7496728318
112669.3774434836
96926.50436843005
101945.12192388547
118745.67570516469
108680.8522621414
122726.15571467121
102456.50309571027
116267.79222217819
97619.63201677147
122451.18155709117
120645.77943535065
126838.13390139371
119683.12863157294
110558.79831349586
133475.1220273737
133585.46278208809
135032.52850682652
130080.39764543538
106972.14965178659
125388.63471016785
133301.4541849225
130443.86353005271
103886.50725108829
117340.09356861335
124187.25298710154
125240.5764744456
132711.41349045618
121140.46208359876
109256.37503952852
125787.26483383625
127770.01400905356
99196.6600486861
118363.09189416091
116651.82103736782
117269.99034336205
126212.23444899498
131468.87557814745
104646.71649213746
121781.92705243018
128205.00770029558
124064.68314212719
124927.99949313722
102014.18291961131
130215.20938877502
117350.72290793403
101483.77439283578
129623.07208284904
116049.37276191231
113601.86523484136
119081.40483358089
135585.71091151919
110815.54950163311
