28100.295194735074
32883.3446694392
31796.481991157303
28981.819909771788
25328.086977802268
30359.120320718896
27207.60314122203
27672.787730544318
23921.34456685387
33030.71735473756
26938.591613480785
25858.19151553155
28546.221352843364
26941.160365211243
30692.097194168604
31302.609642368665
30052.398167074232
39110.52266243944
26234.845497199807
25502.295886325333
27085.01607556833
30478.600496339666
30210.54886880218
25375.52755595897
28333.23228091929
33114.408120860644
34229.08727912545
31220.033729382445
32263.255688889923
23379.709121871714
35565.80823119743
31945.163788436505
26977.20516058006
34121.30845497628
33085.2326142956
27262.906058025237
28323.59861011451
26490.540003009726
32160.121690297587
28241.719595326136
31146.00167716326
28428.78588314472
34714.19962555888
27392.64672341437
33104.33615984865
32538.08726897491
27418.92666293766
32325.673990533374
32021.743231942663
29384.209358185915
36302.9736536786
27800.358077750163
31669.28404352267
26330.90063211399
30082.245607450037
29080.881783778437
31570.229453728643
27154.986508662234
32197.103994615143
30065.876420711862
29317.61615933597
28539.134876703753
34809.83648848736
32336.06205355369
33452.19840332466
29209.031362378053
31553.8023151369
30548.49701950486
31708.774878833963
24719.012278594375
25495.902543552686
29083.88960770411
