63539.35251865084
61819.96413031748
78170.82629501825
71244.01120388744
68201.88057047149
62483.637306207864
62481.41940350369
69979.00161248747
69538.92483141838
69082.23088187785
67706.92391890251
70462.84789526535
76918.93065318794
70578.85082302467
67506.86935979857
70443.47213463472
91450.87100471836
65179.68643486703
54930.12412197477
62597.20158725474
63323.90944230616
67160.2184319802
77643.09433219222
72941.89544618105
64836.59250491057
78850.25159770853
77335.62774688061
73322.53536234827
56656.09507738218
70878.77872499326
84832.35071446086
76192.6282976496
79832.75618715481
70388.49295917974
68800.57423614299
76055.90156544211
82471.08023272436
62878.50998543249
74565.25062096548
75142.41800623648
67376.32047277711
78683.55510355828
65308.74299662995
61921.03842624569
71596.73274592357
61166.77552072747
69015.80221164059
66431.08723656359
77075.8679386088
70655.31712656045
75322.17228882207
72469.2172813847
65510.3820361762
73278.43952272175
67713.9038086459
64006.78871007971
75999.31671284868
74225.81296451634
75739.83582170572
80993.86987324643
69795.98119430988
73286.83733052136
73401.1669941348
74467.49748058923
62819.70596708515
81878.06043628868
84913.87575020143
61209.3466699862
69882.92553279322
76562.71800657806
65746.57826796958
77214.90264557376
