108320.41768151625
106380.13731368787
124750.25824382248
138345.4444379017
114883.44818303587
103310.6591965889
121136.1692084696
120138.13519219616
122296.50458410177
100804.89806608473
105643.38170150072
94920.83424637144
119133.28272498143
107295.619531275
130772.97542449542
123940.00791615236
129575.31786424152
113253.1236707297
144242.23727430106
118966.32176927479
138552.4413052743
115797.54383375988
119148.58502370022
127834.46318590785
124244.87067721257
128722.48199983829
118137.65076682909
133027.62763936046
128038.85083332591
115065.6373520673
137585.8058013575
137520.54850617572
111547.24539185564
122206.7596904144
118803.7270544731
118102.0408721178
141285.10617868174
139026.20886011486
132296.0148262132
105812.58581340284
105908.83839656712
133431.53304016162
119216.78670753857
119125.76059186745
119625.45364516103
110838.30199155105
139120.29175972487
106742.88415226956
100069.6456423357
132268.73060574633
111733.65994655802
112588.5577538297
121329.27310923013
121911.43658205538
130451.8053025703
101933.55898013525
115730.643769184
117573.90494479466
146348.70338322897
132980.58307115923
113905.33746182309
89183.87351292469
117885.22415913694
129736.01810443708
117044.03292909604
131704.07657209184
101885.91553809054
131091.25698438732
123356.24313508389
115308.10988317519
128306.62696070115
114603.07681300849
