32191.265130226166
31996.858888864237
29505.349610692927
30547.703236792044
24734.64690791929
31331.37718375536
29456.65683151467
26006.662922259307
28669.556676457498
28202.15450517941
26489.30934778459
27014.031415000365
28650.467839029596
29746.77190527739
28682.84365991013
29308.468074238095
29439.675279398987
28644.979211026744
34407.22581579273
30029.050834712336
29360.74468388541
33937.1242716452
27456.839518860244
24970.059625781934
31990.246045247502
27648.8092847677
29300.75724845019
33850.15671440693
31482.172831780597
34168.0336989985
26279.58641556159
29962.52897874783
33052.142182691176
30669.057401079328
29144.79355381909
34334.29753784755
31265.86947336781
29793.959180500537
31783.469107421737
31615.72425551434
29002.181871400295
28699.863216563506
29175.923754058193
22732.74899129715
33244.59778336564
24254.440618104687
29398.23498956771
33091.85139705505
29687.45344724431
30176.459482427512
28861.285473977514
34031.92463325079
33817.95912250293
34397.799749281774
28531.85159967402
29599.27129022506
26885.50588095643
28522.29224025635
27381.214990294488
30041.15305030098
35772.46213154778
20932.707032043272
28118.60225591051
30213.879541653947
28622.065176015014
32615.385874834985
26024.934030036246
31323.36046518094
27731.121555676636
25661.37140064553
30468.653245594298
28264.842951888157
