24554.19431702085
25514.322915215813
25953.636593843883
26024.10707579703
27850.741568299287
33827.234028370105
29219.95997509538
25523.252124416867
33798.07073312969
31832.458512299425
31207.173199834862
34794.71840541524
30073.315907763572
30573.65563383572
25949.995465768498
30681.464152199682
26278.847862201543
31297.997827174077
34579.30129185217
32372.85088674405
29377.550420726588
29940.87556379538
31088.53877283249
28345.00660043871
26644.160830234203
28227.489394218937
35296.62119992882
32130.57171404214
29687.948095602664
27552.0477785257
29333.8998374539
26558.416820977574
28808.050119117972
33999.15472304526
36736.29923853131
32960.537769167204
28971.020069400787
34990.96556156434
28878.860606193204
30263.583453239615
28381.24885985504
26729.69300268209
27015.275992075298
25711.015493821178
28655.24428295804
27804.053667642776
28524.784024367684
35973.66766765324
28204.13490449873
33553.940312321516
33452.10026913327
33931.24080743783
30863.419526799706
30152.275679386177
33802.049143507065
32266.30143685216
38264.33975537037
32312.87454399726
28552.592174918977
30997.58060195599
33458.93200209816
32690.586372888156
32407.273049148847
30476.690169742684
28395.858986006275
26125.32341579267
30425.704819081486
32301.226117750877
29201.425063829927
33903.58958211999
23905.07950270791
25903.216049506165
