69385.24442718412
75101.97355681447
65064.94099663934
77249.42754887827
67658.32650525634
72900.85625371088
63122.94928785143
77598.1009662256
77756.27632888693
73262.88345848944
67648.80618585364
72679.11000177803
61361.52775834009
64859.01054932569
68847.71153397749
66920.66824479935
74151.92946724166
63078.50347200752
69191.92179047316
65667.43123216559
68823.36850143004
86080.94090551064
75452.20610591714
71118.3533949083
72767.20146878994
68560.8927253681
53747.17732657043
66716.91299268891
65698.33708203558
59339.540931084935
66635.66082768433
70430.32829672718
67700.08658743087
65218.64113028326
71413.57710161517
65840.97504705042
76115.48988224412
58602.746959357944
82487.95521656302
66151.2310418499
70624.47002662338
58966.70361790032
60487.21342118621
74599.78889600464
68406.61692272703
81843.67890550377
67025.4925601253
68937.17413151053
74754.26904209072
80482.7237720487
84110.37552918996
78863.75975471573
75521.19575351482
68489.5056543434
58209.93883690837
73501.47724593985
56890.06173437823
71962.49175130576
66536.0695202173
68651.08692283089
84420.49584582241
64374.84870188821
74225.08189516875
68046.4901606026
78322.50772211267
58258.503115010804
81329.23726008524
66012.26293781026
63709.67806634392
75836.2170971857
62976.213355561245
71505.97323680454
