76314.07981061727
76010.41534125172
75299.56566701204
63383.882451127974
70210.68486807549
73135.82228316668
63048.43021251622
66944.38558022192
61734.148734249495
63884.171420862665
74078.88324291
74960.70926648664
72593.31343555899
74133.69273762107
62663.34527730537
84493.08547477868
69398.3148104598
80561.510871204
77442.14342523958
73288.19024164412
68627.87031623563
55462.615662611126
54453.97520488301
74233.41109387093
72587.37673052677
72709.56403942117
77585.16351366002
57156.50991801543
64457.9326302328
61979.69813792481
73730.41621463213
62157.76984946387
72306.42083383862
78926.84561949979
73774.20064935296
65186.825503171145
68229.68438685173
78904.0480936737
82329.86999397405
50905.26699539537
78884.44532939479
73234.70073048137
74388.75650067723
59346.96007315509
75972.70633146998
84777.4423836535
66694.20511094853
72055.44964018631
86650.53931147509
73295.90248460694
77593.90196805575
61121.075361756695
73671.85276845275
70786.89745913143
67925.48697757308
64105.12128673979
72684.22692138459
71609.67181526711
76828.11446579194
64815.496925826934
77740.25021758948
72300.83796443124
77600.2146716664
60277.1588325767
73162.34235615807
69920.79855638009
75424.00008473577
87142.92839057429
55104.9719190459
67135.1947881325
84374.55158108391
59564.903607602944
