97005.17128180868
109918.31860584696
85882.57040601426
92522.3971677199
99508.3206023815
97898.11042975419
88853.33732408125
85996.92399324286
107158.41355858481
88092.14386643232
108593.83159443183
107247.53192930936
103024.6099823482
88238.71114671355
92949.22610121623
119590.68154214228
89692.83438807662
90979.03706445114
88228.1381563206
96316.13855364508
98722.94209967821
100790.07902517331
103386.85625661715
115581.57095106159
64519.83760833577
99467.6387427538
110069.89582476398
96909.68123942308
86299.41879869529
87606.83441529349
96971.23793527448
100403.82427752519
98259.99367947728
114570.92298054871
113626.36876174026
104797.11507730081
96035.50986134003
99791.30747206426
99652.00121118838
96482.6965360463
118497.11613565135
86644.09003023048
90113.53610800805
101199.20123226689
108125.60427084648
101669.9694732875
103972.07984264311
101244.78324706701
89649.80425528121
105286.10733256995
121670.73740594194
95970.39671412711
91578.0011431737
92636.06916629891
103623.40772554552
108271.97531373311
106293.93137328896
102951.00920764782
108181.214571604
111221.94944734678
108282.01890491358
96740.74677496056
108300.30093917799
109467.1859222073
90517.540034298
88674.59735461479
87737.60679453985
97917.41626502595
102381.65276709173
88858.33141887018
93575.1421223653
95778.90547131342
