34846.373625694636
30565.602967971063
26948.355302001717
27238.12501713323
33541.89950786134
28497.24548926882
27999.20388432685
31375.849068115673
32231.447991596386
27744.04539547097
30192.53922855889
28397.42153172058
29375.60849136439
30086.869844471003
32286.431026078284
30401.850065461193
31758.96236851626
30532.47539042696
24565.901596443277
28370.437894623083
30928.132924923088
34441.44623420696
33180.90635147841
29493.06054522127
31544.206371050943
32961.24294787449
29447.96568914284
33417.41871235066
30013.56843659424
27701.06054517935
31452.777285304343
26238.885105658548
27802.84029612779
29304.076357023536
27132.195021359952
29432.49869995269
28825.486640318108
36172.603770248716
29465.144329354305
26839.38175051341
32914.605646391625
26764.313427260906
33154.38153874652
29035.216966674896
24652.199666063483
30341.795006135824
33129.47315993992
28679.014686735773
33063.3785641955
30340.26655134647
32125.77618506713
28598.967470403048
29164.284077563276
35422.95455168628
32289.144041754964
25780.08439919914
26396.092707057316
27970.20560782899
36445.11700177986
35764.010167961074
26979.884653540856
31702.16375119226
30262.290552260754
25594.79395357479
25936.63121523923
30489.02293759757
30895.84197412067
24534.64829775405
30999.0495542999
29397.108355955454
35268.81197580746
32857.78675628925
