72074.01427537446
89851.69598257697
82193.58001932681
81704.55904930476
84278.55345150952
68090.80707282752
71358.1236400577
67974.06605281921
90297.94466646318
95871.00397353311
77679.38418075388
85541.1612139625
70145.36545153338
85231.07408877354
87087.06484987237
81723.88988248889
96294.4035863469
73551.93753731764
82110.01475941249
76252.52737667502
67436.63010029848
93327.99008649621
79029.81010457118
62757.574836846354
79745.01537344346
82446.98314782073
74206.41828716578
77828.59860858938
86891.80390422085
75208.63575842437
84628.8252912673
87508.53599604534
76342.68436598501
92767.12186795371
76869.21688606769
73706.18719860059
85211.399172907
79114.16193881875
76333.95346977914
98791.34972161894
69516.08084164593
79205.3364364451
74024.39970564275
81130.45117656222
85663.59189582574
74035.31797198339
89316.78645378067
69756.46965635761
83502.23446504271
82206.26195021845
90107.01231500908
78156.02892041608
85822.689895789
95575.08241564232
74073.42313764743
77397.20953583809
65058.08596473159
72751.34864245444
81885.32981336472
76422.72897983815
91347.64703921512
79664.97312813516
81965.6066663334
74614.70798468807
77605.29547528023
90449.49625429527
89965.27457285284
84441.1219089048
82470.37621035556
85159.52316117394
89714.35567110662
80845.65987845657
