30265.19525309451
31295.43508381725
31498.267222456896
28262.82215481847
27533.741546663186
27123.482129949367
35497.71450513495
29337.577648738035
30846.442147229383
34201.46947285421
30065.207266386387
34095.595479698735
30691.156100040113
29844.816180237212
26362.885586842745
30191.797751433445
24911.585204870902
25173.743761591108
23105.458389545856
26615.012000483915
29194.300358188364
29025.859302561712
27437.627628104725
31082.54962363049
32001.282913724248
26298.03694648366
31906.095713662504
29021.279148693604
30421.201560840185
32345.54281554809
29692.314749646986
33986.765529440214
24966.915243389732
29996.506732837992
34092.249793262934
33051.327192513614
34470.5331707459
30586.6804668893
27239.921711551422
28579.81985760828
29445.60582495512
27113.343728228363
24168.357539742407
34571.829941382435
28888.71536315177
32127.21675843065
30423.8740940115
28274.70197668415
29301.95014892561
30337.897253918054
29941.415703667506
27132.223066669387
33450.45870248976
28927.73334425958
29936.8655169785
30001.642924219155
32780.02681985515
26482.665974306972
28613.726125484198
33008.55878622672
29981.647596310784
32219.64053985704
33014.20102156978
33732.12318376118
33016.70463190739
32921.75453561857
31440.750987257197
34073.81771513929
22545.340069170048
29367.161506382377
30881.65623745392
27532.183872316404
