68816.91386760339
66308.39714435174
57465.27453768435
58091.608909273775
66390.27674885144
49948.204483846945
50676.87562426052
69382.96865442938
57030.15641807615
57308.286553545535
69773.67524912165
59727.95458636737
71937.31214997177
56178.23339181021
59068.40122790318
66754.51679825189
65870.78944352722
53185.767190214516
58097.13453329837
64901.09230290023
65245.1172444896
54008.57672807815
60329.63311299397
62927.436857008535
63986.363072267224
44430.26208140486
72766.64760321878
64356.633547414516
50835.55395627736
61337.531230238535
57372.5562375445
64413.34990241245
59822.07275379884
60668.28842125409
69916.8591519361
68131.22243928777
49055.1299773243
62213.643663587296
64188.06487134119
64659.54243138196
62416.06100158889
45544.723653317626
65818.81297074212
67853.22747735649
58708.59390177152
61773.804490278875
57556.81181627747
63386.90210141188
58112.63290290975
58191.02430130113
66365.55475878494
58191.72679647247
61198.00357274297
64575.66179005201
70634.94459758869
56804.61335378632
57324.53999116185
62347.176611738716
60113.638340541525
63647.35884385807
64698.67696397885
62281.54726966598
59331.2319410935
61383.750598663784
61076.916778626524
64299.2050181368
69929.8765927691
60222.15544052051
57417.22480188594
60352.30169011168
61713.09130684565
61355.628900504504
