27928.249542176593
30605.774602348403
32460.8829811635
31344.174562450426
24141.963413543606
37561.95198854
22071.452978607005
33787.14366409393
31636.682884926067
33879.686648349365
28617.64621750378
28682.198695096195
25869.020497261976
25648.794633539866
30157.84509963872
30380.187661334236
28707.019492981057
25845.014003715383
27771.517533608767
27745.869374639726
25973.180302657674
33638.74955387954
30276.911011928896
33587.52730379138
31961.15523976897
30417.56694034034
39331.889924258634
31373.014804461014
32580.430480621086
26203.008851333158
35517.95142777536
30195.27087671004
29066.340860627297
28685.678411395544
29337.67898446204
33915.19734209886
35034.32160869461
27611.372045364988
33205.9921372193
32880.02410656113
33582.94746033793
32822.94916651393
31350.00143940118
27337.81600762563
25135.73133946325
26844.258711888546
31842.277193915004
28783.66422848888
27343.692103821468
33120.34052550188
29462.215737555216
27182.508655138565
27121.887833553883
30152.59624666693
31615.261534990866
33009.7837182387
26087.263359366672
28304.518759047405
32535.936799506402
29250.731532171336
28753.2000395469
28940.67931171196
28415.96934052439
32865.0602095232
29247.65396949446
26654.320987758
30642.561103889533
27494.25420157796
30641.24190354026
26402.448853161288
30568.35891926618
29640.493958653657
