54496.32699216466
63410.8088835845
67113.89036194215
56944.75159719619
65633.59503912154
59539.523059696454
60204.379847566095
57945.04642068792
57632.93048781869
67711.61342160779
54386.45534229073
54956.34275054948
68144.63308507252
55563.49681339118
62010.744731584564
52628.10108936292
61113.54803422224
51196.272366733094
57013.76462937026
62179.56215134454
69893.55974113882
63508.45483960565
57296.00314443378
63614.03837954432
61934.132877503216
54038.60020165365
68158.84271714081
51037.36677648638
55195.042168560045
55411.54863896497
55278.60788354602
65695.32088701082
60927.17818721362
62906.57350716987
56850.67379106637
67839.68076534464
47288.74256450814
67877.29256629736
61335.75473300305
59467.68620438915
52449.322437840034
63949.3645512454
66702.30383407896
51395.81972131988
54667.998184850665
63843.14138564058
59173.12321845019
50230.35593911082
67505.92637310468
65120.45290180055
51574.15484925041
62456.72214423744
57892.97620145466
59719.12523337959
58198.98158082247
59964.103787219545
56878.26240953048
66834.5601474912
56439.043925761194
57614.31046911908
57711.97974335038
64774.70816168972
56884.12572693762
61928.729950913425
60302.29909067562
61860.198498968326
64039.55809907733
61751.57884920449
67421.66296582443
60507.889590844556
62774.1755860875
60108.27476574032
