60271.53691599419
70237.26077690008
60082.89580531173
63563.69511272308
66029.48851304059
59545.49829021132
73447.09854101914
68537.24709416456
78070.17027621687
82917.09486420982
61268.25361088249
54132.927256363844
67569.12320589043
69751.32449214354
59108.68436580654
71955.4780138282
67192.56977830165
80667.61519608238
64485.25276977124
58268.11376111006
56180.435800342515
61897.76174870093
76214.93786962987
72403.00414887241
69571.11919922351
66858.1650599313
71966.41964776967
64279.302729522664
78866.27957070248
59908.89694447146
73829.8495673077
67204.28264465075
80819.96064631589
63897.480242853846
67715.45185893624
60963.44617887756
69281.15484620517
76689.92599767692
68623.49587903815
74148.26774492784
61033.85666290485
84635.6354034392
69576.50724577268
62369.75710569666
61928.5355856598
66277.44732039799
58354.683698924324
65895.72695644332
74396.57305461439
67029.05719740891
75164.79108203363
77791.48341202602
61091.137795097464
65513.738148953875
60183.750873900986
75826.71634738026
69160.98976625693
81607.67278594633
74126.89233140797
69484.6008825764
77492.76100596874
81462.93993672392
68257.58075009158
66912.94523750221
68577.24684916707
61349.66756504703
71879.28845749298
70142.3815194056
63571.169216837116
80070.65567200989
69372.60834712764
80198.79818721798
