131000.2653694888
123414.33771371612
111149.4179891664
129460.45093075231
127496.65760458515
137118.4841013323
133908.29404361162
98359.95637566791
108984.16091426392
153204.31544050816
115672.2022856298
119810.22994340886
119269.15245095563
116208.68923684598
144419.36891057467
122110.88184602633
108428.26004086007
116645.48749126257
132276.0115814417
110834.07467380725
128426.58208636123
113201.55707001405
118325.63164620387
136643.89648893834
130038.30515413477
127667.65899512953
108841.37148427825
133485.74692025408
108958.41371265455
118361.11435568752
123047.28498130114
136906.18092060398
124741.24719487147
124312.57973334412
112026.47271174437
134559.39770941966
122065.284651263
99820.59541328257
150279.26012482934
110679.79125970753
103532.57230638956
115331.02004145317
135351.73626250896
148679.38519408292
122924.89725584831
128834.18909415977
115219.16614707705
137687.9069554375
113438.80018742377
131115.2170751648
148513.55873203996
133548.41575414286
124477.74698623265
113484.20193099
116707.10948146363
99664.56062982454
125089.88064815958
124070.36223103007
106014.80568043653
124336.48327880204
118331.11706008563
105480.55581640847
113387.93122970781
106788.28817609676
117554.89609370299
121825.35841987834
109919.51665087695
100858.93977797253
128946.84719429007
108300.11013689212
127957.16092516531
119444.14351972677
