106379.0607256373
85826.1455909713
114963.20773100584
103214.44250320447
97466.13819364672
90946.81478119775
109413.0602626967
86068.34955844283
118200.04418671186
99804.89409571617
77960.52802271511
103713.25665237899
102518.61684622441
98081.46369163464
118110.1720413666
110867.2148431378
86413.44757838492
106048.68192041805
108977.71583480014
95388.64842473301
96908.0871178468
99675.59824803747
84941.67251622958
96425.12864053107
100380.88469752079
111345.67668749685
93584.57345068756
100745.26558424873
90514.79917971005
92420.10252474863
92210.4441656971
94856.07508231381
101366.31471581235
104924.96159711642
109491.99313380904
87274.55495217355
104003.9041879153
85031.12882461004
73132.52359854511
103717.4838871306
102001.87802415606
110185.11062904692
89821.95861057848
95524.99735717774
104065.66119656191
96810.85958531126
97215.45511090495
103202.92522234196
110028.66275225693
113514.33513636242
107464.67437724587
91387.36951892586
89037.2292254194
128150.35344520558
95286.00639382334
96658.2468972435
100298.55700704317
84367.04074622586
90367.84290162007
105269.66177902358
84247.08457111972
93487.03478658396
88231.29820064461
93444.26362197829
96350.08983222523
108342.22102560516
108660.89957029503
100263.13621783159
97934.24235778209
85110.00031282802
84122.27278214754
102470.42354996494
