30340.915288941094
25175.457564290737
28525.56462230635
23716.883549111488
31921.864445338964
29939.01342137479
32573.858771626466
32354.47339091416
32641.529410236053
32587.151705351636
24214.812266872716
29641.3062948281
26905.543874453593
29942.835029750597
33347.72336636135
32000.11762241971
29921.138951123194
32493.1882479416
31100.20310857519
30956.070753012216
28837.58877142792
25837.153908932243
32528.447188020597
36919.56649261789
29179.7386799127
30986.042973229873
29251.476859641974
35198.82354456146
33687.623473395615
32695.38397946187
32214.753128404438
30594.266807809352
28273.9429236431
32682.8609376753
27475.665122752987
28918.713309518436
31431.167129295973
24016.65338264811
33126.6023431586
32965.39437477687
30764.45000466033
30896.017841824698
27024.714638606067
31935.601166013177
27854.796767586155
26535.137876436183
31952.368717448757
30286.440218385713
35601.495270644045
32701.306885149028
27616.466275795425
30501.43987240498
31362.664368417118
29363.118443703515
28556.4706814603
25620.011207606738
34521.765365276
31456.61246261938
24812.47289727699
36050.12662632147
32581.06347263719
34660.78545769324
37822.62226739047
30809.96070274302
31025.91137819639
22312.211108257045
30486.261900580983
28636.682079321876
28023.625769153
25995.841502591342
31788.90957418476
27797.499490926897
