60746.04557092949
61104.78046248348
56435.99889696188
52624.04621949538
58440.04413124067
55661.499331914674
48692.95524663977
72463.8628476437
47341.010801741846
56953.92187543183
64634.42671757512
67732.04187808732
55040.08884358493
56719.70984872855
51540.48534420445
59655.40100663747
55513.709866033176
58986.62081766947
53145.650957829195
59351.73226325283
66369.25316025899
66128.21200756606
61274.31328001246
67808.31670673311
68336.13371633503
58109.977699584175
62485.59245908826
64240.358944081
57553.20233458114
54339.25747240396
64288.739481837954
56280.34927803204
63085.38555184919
70712.23639084767
59310.97716449331
51290.3321789154
64061.291014126225
63456.77887237748
53644.044418114616
63503.85642601262
51772.4148317358
69975.2982626173
66224.49856898762
53099.01311927736
62911.54203953568
56205.42847098755
63652.88077327362
58107.29834481202
57537.82702891448
55339.99915783242
59831.862899971275
71107.9743043424
63320.614420406455
57720.861383966876
56942.31332377801
59641.96103834481
56043.60694619326
68235.22420548694
57020.46750512012
61109.864548343096
54393.1847210809
66676.55057062804
64830.47968223312
57769.27287340593
63715.54955982145
56628.417089241404
69211.20672852575
63772.864816332054
52865.064119131675
62685.2760246803
55438.70015040004
59548.935337173985
