73579.0515977436
96843.07197128968
85245.09971516219
83993.34223979498
74722.21161888342
76843.83750837388
84802.09692567044
86539.71838339498
74936.78773087644
70544.39731346152
71798.20279033341
95001.07528716704
92504.80992035051
79888.34782294874
64095.87527976995
75276.80783588054
74304.57773914062
82615.54334428994
72610.33615646587
75222.34464566784
73901.55525636494
91006.30803681369
72470.80280758986
82456.35001205075
85969.91787758356
96134.44641111807
83039.21571645085
78986.15280931903
88364.24924897782
67641.31992785
65229.89119602878
66567.38438880487
75504.00673032847
75195.48783662893
74641.82000936219
86583.56747945181
87059.50481017545
85665.2919534944
70479.28799003396
76255.23851070403
74282.70358992644
86465.97916700284
92669.04966951486
92197.93588788429
73011.25092917863
71632.99704598502
81945.24577650991
85871.90610942982
80926.5506968075
73890.54092848771
78351.61663658326
68216.95604870527
100533.8961643806
83633.17618218645
89555.8933050329
81686.39158066714
77435.99762816759
86071.86032628707
74255.18633341619
74739.86646471001
87379.02034276075
71449.1457105247
76777.30792185353
71637.96523913078
86064.76670366495
89392.18639079404
70167.42818298192
69848.30558222572
73908.05060660385
82183.29015895916
78701.97589526085
80986.10865922477
