100450.67774840661
110904.57530509736
100066.32710971886
91342.36362653076
89220.75407193981
110059.26337754368
90542.20550989274
95358.994210163
106631.58762988629
100037.00950868512
103775.40126882818
90292.24928203461
99597.34196632441
95561.50030794286
85501.8603913617
105683.24660292981
105414.07937649323
106870.71645175999
81257.8969395599
86048.04338202762
111038.78564178509
93333.21014608798
110827.04369699201
120294.23816683944
118635.72411076691
91235.81677662635
97506.51662174468
82671.38986541536
80080.46746062407
108054.10343692574
92402.28509487634
105274.820722178
105156.99192438084
102407.51341053745
91833.56229636123
92246.89317597942
98330.24901848512
103069.87036046485
81649.31545810608
96846.08287417906
101806.60215813304
89486.03368225363
81804.02649040104
96976.42003545715
112547.73107557863
98134.8789295289
89605.599274863
99413.39542517022
80220.69640687112
106126.0197474722
80616.92499934862
95241.57040553557
96461.84779065798
105334.83765188503
82196.42291784761
102454.10941751825
86493.7407496732
93337.56766910349
114027.10489273016
98089.94493392116
96168.23584280594
84663.71581086528
105208.2642071144
80495.21026051932
113924.1202205722
110800.56460176661
106031.08703610266
98235.97544655966
91026.81550947842
125333.50456668578
111126.74537394001
92852.77386911224
