33324.188822122356
28063.170991942672
33028.73782625861
28781.716568142147
23439.038793921904
32885.95097578865
27938.931994934588
32100.813146610308
37942.15868126381
26364.24509056921
27410.660360860038
33477.77118405474
29167.577211713648
24341.47731080978
31704.957984165074
32124.40125750265
30217.16119049358
32574.649335535476
26759.374986155803
31943.060204601756
29415.698332891505
25165.086831372617
24662.2607209762
28948.123994892463
33224.413722494806
26295.540420450663
31755.320182955897
34846.59638377334
30062.627071343297
28537.95260123937
29638.15481659537
32755.25193985478
25459.452785993657
31120.77880970894
33761.509433114574
26178.38110608443
31565.763411630764
30005.192292345753
29913.537335069468
27382.83860380027
33454.8094417183
27489.067731085077
27508.417977711695
28529.121013241995
29756.229863210494
32497.380818966518
35840.6340486659
27046.653513944206
34123.72468284834
28781.480791805003
24876.193751537892
26964.771409967514
33435.46157273661
29691.570485783424
31947.135583113297
34167.652587916295
30349.53127416746
28163.5614411248
32912.58875965384
27092.69754087508
26039.006663941946
38312.068707502694
25291.396768760547
31085.857628802874
28974.477697649458
32719.993940136035
26323.73470474701
32053.0955794533
31082.87380621424
31165.64339041025
30347.058633641263
33451.39779863546
