63219.30940840693
54089.83262401643
66265.82121111058
61924.218770790416
62563.98614992178
65223.30916478278
53267.96140481952
55058.35277735277
59083.11977901866
60343.549513351856
55859.307344594934
55474.56457466804
51237.68361754274
60167.84707254962
65995.10259937657
52370.62146469093
53854.87276523808
59438.663950424685
63869.10239496117
70987.78800765604
60417.860374649754
61962.42596181702
64518.79054555231
53965.416356487476
60738.34576940587
53870.07043001989
60876.65079236175
58693.321582724755
61394.41536439426
65625.57617472885
64866.49251377573
57639.0204108043
57933.78486528564
50516.16433698717
53025.45283309982
69828.24045773434
52415.31849744543
59479.724737594646
68061.29560023062
63194.525130683025
66182.49833422176
52237.99172735167
62788.20881747253
62691.48946030997
50629.3863636386
68994.00984182207
56362.824142017875
73489.98432442549
64887.703289233825
69820.76711013964
58946.86062624636
50004.99233875491
60527.99848171994
51923.61848188097
61022.82619434487
58808.002307335635
63711.51450436708
48451.739947893744
77438.29391248873
58060.93245061545
59559.30489473525
61431.40042890942
57436.404653651785
60578.19377543972
62991.86130780365
56006.62945063111
58760.227555027814
57043.464254637314
56280.33367867903
60112.23271971006
57925.185245862755
72575.90436029629
