63820.37205372157
59123.0943606409
56922.37282091221
63713.81526865868
64542.14324051821
60927.501737618506
60110.02800330798
61315.23568953214
62068.28703464204
64754.69390941362
61198.607769431634
67013.29743983298
56456.93684138728
48222.35676626693
61543.40786210382
61195.91741591929
62597.79608314815
58758.09140553012
62689.06621279365
69774.04573070348
55315.430682743885
56588.562434299754
57809.75302998897
63299.5207591187
75886.98380339988
58098.201280763366
59515.56755768661
49094.49997719832
58223.50323160112
53397.20069250877
68405.43537795503
43778.96035998764
61751.686106875604
60656.91557860699
61407.44692110054
61393.16859741592
58249.65979625366
53306.200895791124
60074.08793541674
58543.369781477566
54170.68583946944
58820.203286412994
56823.834129053495
64689.882476937266
68846.41623491205
57712.134150015656
70968.21002269903
67111.95045952368
55551.47295276911
57185.743832775115
50107.61532315422
52312.45448544437
62255.917416151286
55962.6561039438
74394.11368697573
58796.64454347565
67854.83708653675
63861.11870030005
54918.591570659315
56771.394293899575
61703.02113057352
68239.10608414414
71983.30249823416
58209.68924769631
57930.9656221499
55598.30297447394
59495.4528845401
70265.18255360289
64889.17197846751
69452.2439543447
56637.69646851453
62639.92818976445
