79990.02624115766
88950.23101832141
87341.67671443989
74690.62324508345
70784.36807820754
87807.3748376949
85170.02715640434
82715.34296724437
80865.02079291982
80700.75888665831
91041.6988197162
92815.38865956345
74254.35592435247
101571.085157056
73378.41189379714
91279.46697911897
74871.70963931803
80074.92922196565
77906.45272408854
74934.06248089884
85240.57785850196
75751.95054717007
72868.88537295519
89648.45574513837
68382.15431098093
69526.89399320053
71850.45844249269
81874.44756233685
75365.0137186431
74506.57756855509
84109.89159347789
72701.32926969805
89788.88916076013
79597.2032677264
94131.07822728473
78899.19799567586
81117.81507252631
74263.80873385556
94097.31485976459
89592.28956351215
71187.83499051142
76121.46116715333
72894.73316470669
95331.3263450086
91240.9918644272
73413.21575145207
64204.745550949294
69405.77316025745
84020.43056101826
89958.13350071081
76628.31878368158
64270.856273131954
99477.56458701155
84535.78689304691
91669.60709274822
85736.7237877343
91348.03116715551
80050.8049553114
84605.27599283642
83141.14225232783
70750.48613182548
95939.01307222668
86953.86390228587
83237.94455650574
69391.55063494081
70133.17897506879
77611.38246158643
78675.55932680574
89936.54380844819
74373.0672551397
70967.35087767371
68643.96780250061
