62932.51182248673
58670.22750038192
58644.896838899695
56204.487244233314
63814.20173445396
63976.03077001896
55206.09729591601
48440.035566288745
58753.34453040537
64028.572532361104
65005.12753940776
64604.10433347494
64811.94206313463
61005.38785109455
51575.758916836094
52687.51248193201
69014.43543800796
43465.930585993345
63876.07220746362
61239.86321561874
55466.4789193972
54490.70572374674
65977.41171219709
56385.136963093355
60846.90161115537
52125.74143449922
57850.55376477997
57452.51985275901
64550.561760469776
55930.494119275136
59622.503076793626
52871.27461890121
57967.01648972962
62017.38284706602
57203.86053490517
68114.02343584163
50006.53892711592
61529.96671083744
52661.082449936
55940.490088366176
59492.87690979338
57765.33560091569
67528.04090376837
55340.74351750647
59086.99182717838
61917.017928925794
61034.9843814801
59169.64141689351
57381.17986508191
44497.11300178025
62063.56302346088
51105.243085231974
63164.082607974044
59235.87489610813
71689.4681005322
57376.53658471038
62893.87977249981
63375.96363462147
66076.07596507751
63331.69480352991
51816.71447360121
65020.745104009475
53104.86323040281
66305.18670837178
55666.0298918216
50313.42759075219
54921.87589950536
64943.02240875012
59773.60447887041
66816.72131799936
47813.76772521317
57959.89369320376
