82048.92697378344
87691.05830799961
80609.22805439166
83173.65594568738
88478.51719369674
71871.4558872233
70666.41030708843
75111.45292899267
74074.31684145112
79565.24606492626
81993.81664188638
68556.77074521527
79045.64305517335
78016.84680089146
72745.1975705828
85634.1308243158
84659.121144905
59201.20792261276
85006.33035151036
81480.22962918766
82226.40682127162
72968.7450612996
80306.7182765229
79796.90984863124
84258.51427948047
84915.64809348057
85066.44393357355
70956.89959724012
90084.22663867105
85220.39682779658
87864.56248685026
100007.27412697092
80027.8118420902
83545.86738998599
89981.95786676767
66352.49888537666
69359.40230661913
77984.10952902236
78262.20417733953
76337.63962549287
66609.50310523035
78096.1430958393
89097.41135482685
67443.36841485513
87999.08332037776
72885.06201308164
88837.41969844977
80393.60314172164
79090.78906007731
93235.55977886161
91621.61969225932
74157.69682839846
89580.38554303652
73686.68577024539
76177.76852894419
99911.63942700779
75967.56190230222
90416.34647247793
74620.98109324554
65862.96461941215
65884.52369702271
90997.35649855324
73243.15083104445
85853.92019589801
78000.86886507859
79493.16532916499
71032.89668963681
77136.25928403196
86043.84804889928
80015.79120866687
71143.3656482422
69832.28206916893
