85099.93055586456
92370.86668349105
85290.33554099963
101418.55578206576
87801.54719448743
99154.15183598133
88160.70543068649
102127.40897403496
83225.38007924643
90835.59171852346
105478.74367645853
102458.70804492943
104372.12047034885
105140.91084271185
94513.08057986922
104795.88794167612
115447.62229094369
100424.9476599546
104751.78150699931
83531.9948747393
100603.52368478476
95398.17270817414
88454.40278649576
104308.84959151769
97819.34016026679
95609.00484980563
92601.67916448781
99439.4238758886
101897.93518206514
109728.10053061118
79922.36653316377
104408.74751588101
103580.21113137374
94761.50787032169
88253.13735770936
104862.69372865283
104366.42000534503
117532.08530305575
93063.10626819449
78635.72116820254
103104.45798945648
89029.77400023762
94844.7294285617
83180.4444021018
87307.74615806545
88362.31275059798
120787.31929481906
106520.71203181586
103721.95005533574
99675.4961552302
102037.794364395
92040.80652921801
116793.04475942187
84389.18185848425
98140.50163109346
108951.93769591305
108312.68980244498
121628.53821710349
98690.66613176167
95567.85947289124
105737.84781755005
96882.53809275258
95631.78114564042
90953.09780435714
87146.67972998376
109193.13697921127
106328.09073345635
91142.76202642013
103683.1757386163
90817.15256784446
110763.24324828607
108103.87639526966
