30872.6637521366
33311.6268510982
30832.469270826998
29770.967045015135
25961.816502647453
30521.89636276993
25833.883406276324
33068.67334650168
31221.786971972346
28875.64423786513
33917.92519570138
24062.917040383334
27927.43450001221
26223.476564016077
29554.99863104693
31074.65966762643
32801.78832171252
31693.071442075117
30725.11992879676
27017.866045534414
30743.1358036122
28553.045595714186
26781.55296254701
30953.30273460989
30263.09594870486
26639.037279833243
33848.27303636565
24639.591043654018
27051.756123851286
26549.128684171443
30311.74282947625
31727.4333110726
27709.97072876642
28975.61167923987
36042.221566392196
28515.27392748096
32872.85653513295
25979.405713525113
29717.08384200938
30208.93718285904
28793.470768372983
31478.12287036781
31259.377693365437
34193.82390461926
29522.75716101336
35789.693085232255
29826.650503162677
28803.466113044356
29581.6572973155
33234.78894821239
34521.373684812126
29143.91491188538
26244.732973918708
31330.00516559372
22871.88407333142
27121.506798784143
32073.213384749768
29470.530779433924
30091.077909477674
33237.469473644116
28682.72566861694
35958.62136847768
32105.657341597376
32190.407643562223
26441.10843766135
29894.543493979323
26191.252496397963
29124.2789963906
28950.83240879995
31679.521807909132
30758.77733593267
36638.98673222019
