109508.91144694891
125504.73692960084
107779.03646526462
131720.97452368238
107722.87232301115
117947.72151941543
121511.80885178327
114263.11860983829
122569.48566349839
127745.3150076005
130088.48119253044
127453.53696125465
114081.69465541332
126166.39038868879
120000.41434283581
141980.24210985616
119470.63652818932
121745.01525798049
124968.04699413737
127703.77778088015
111173.00854343324
134245.20802973994
118761.00213080415
130130.59773676615
112919.08375303418
118437.80623577005
127979.9787146912
145541.69834522097
142923.7040210457
133330.2339988792
125543.28672686023
128460.14381041056
118800.85169115286
133470.62788222442
129549.31297533553
110761.12837005129
99249.36596512886
97961.92344617857
110303.35003993919
122956.46587098202
125889.80789595205
120706.84093006632
133187.14472631027
116694.43472530365
109690.7328526374
159588.5913006088
117381.75626796026
116933.84633766777
125037.63851046326
118833.99602107304
97518.18222606018
118923.93108752018
141222.0141205048
118771.6278907888
129385.78986800986
133858.13433114765
107726.06520012523
101466.63719265476
140705.66280729097
98876.853048874
132503.03691083024
118261.21353154782
136161.45232213696
89657.03672168002
139148.90612752622
141062.40844719627
96548.43662365638
129288.60140479136
120361.99962966234
129210.45861104004
103966.14493675913
102924.88233719784
