69055.86942897669
70643.48294799133
62047.440899810805
73915.96102457603
71040.76745053794
79232.65766106152
70084.38958122463
73182.25635217348
60182.6509974961
64793.429272172194
76748.56000151088
65152.601648740936
64735.907726709986
59440.885924246184
65211.01882346678
65745.20496684023
59835.96732035901
82512.72134975091
71396.62232146582
70919.44121914676
53751.02024022342
87620.60842388826
70334.72731866286
74235.65366824709
65766.65324253072
60988.27326308466
69291.12690342186
63891.2186615445
62253.90108213292
65535.218103120955
72139.70386616247
61168.47557842798
66435.2688068409
72432.15631908255
75331.38242115657
76062.80087772198
70053.7748627182
72957.62703758015
64953.04340660929
63324.44129616949
73647.33512075183
77997.27963984018
68060.91813306823
60791.326431645284
64384.99055197904
79185.75259683352
67682.89460510512
75646.91707933966
84773.04175237809
77092.34905004733
71775.51857241022
73121.43865324192
64805.42568064153
71403.05554286082
65652.00875793697
68214.20358188916
68080.76986766387
62804.85444746814
58323.346680110655
69424.89936559154
79570.1771789786
66085.22209913291
64004.0615628316
73137.70703820867
60668.38018307798
75380.76281237586
67134.68369460104
72440.31261094805
80763.9729101119
61920.54064973424
62593.479217542386
76932.4004403142
