52548.676251482495
56402.076721398305
62229.51813897751
65266.805396815216
64702.94522660784
61614.72074962223
51478.14010108362
52299.070811464335
63726.72245396592
63942.074778182374
57155.7965564222
57996.591615277255
57575.99641278695
58526.285340270006
49636.87047927953
57925.928649071466
60040.80387766114
58589.70052462332
59550.26989631309
55796.826478501695
52596.228812788526
61255.88342752115
60949.117993354055
61428.047890265036
49282.64527791862
60072.233397960765
65355.22891020846
68558.35186631193
53728.496805297174
58078.07967697515
57783.886229069256
59738.8077405978
48200.90890964682
54347.17785792245
59353.55104339764
67126.48607150473
52730.87976121841
63328.16509499339
51852.20690464121
61612.55808279873
68118.08473016426
52648.625127493884
49291.81311678794
66382.40032582135
53330.83902238159
59080.58191343246
62901.753650856954
74018.84229045546
57133.28066495173
64504.51607442603
60119.75696669949
57461.29196212713
59265.74481202613
58533.71636291168
47491.2064161839
61208.183390751095
63440.40277538831
54406.60383456388
49871.95491913002
66729.36606399706
56529.11040690137
55623.56831515461
46841.28541474993
61572.29578835545
75431.277051967
68599.45278244175
63986.20246386461
62790.865911831956
55722.6358074058
61765.43747091223
62138.463167193666
59510.82504657819
