115466.51651231889
99642.63798011726
107452.41521203118
99274.19592626311
89445.56987270791
93312.09212803218
83348.20012796723
100815.1733877902
93397.71884519601
99144.51815526657
112463.09209098885
84011.99691300832
109553.89035877543
108954.61027217188
87944.43769313
87214.3997104255
99851.17884266807
89859.94807080868
104346.43724293793
87858.34254265504
119441.42832990333
91983.55445569954
93942.13582638338
90724.8693844222
109125.25832608427
107895.90967773368
94987.7993213124
104145.26954486592
98006.21457629866
114952.17324198368
101037.64375759319
88654.1055053082
102719.78919833661
110561.87076610331
101094.24272669802
97755.0188601824
111689.62034367163
86311.56480450094
108024.60644141017
105763.07557962013
101873.66303490601
121273.36683304748
101333.25405951985
119045.04819815984
114808.31072562023
99324.63809422034
111402.17888808816
77566.00639534178
102777.94684057409
103983.39036433928
106638.29848656092
97969.29583961573
90664.26661975126
94752.95569512382
95509.96392224912
108061.13046964323
114090.75265927194
99942.2345309632
111328.93425582937
106671.88778055018
93864.30771812708
98611.90670732185
94919.53963309244
101815.51654844824
86805.60688050512
105327.76074743595
98314.0604041786
94360.37355395933
96557.51891016532
96636.19240209804
96077.42885599368
84234.19131539372
