66195.03244509544
80823.20289181876
99504.75779902501
71019.90002230005
71355.26208697882
88841.53445318788
72861.3357734574
67991.10008549786
81987.89421302325
74754.33067756564
76089.8346071139
90098.82551910466
85734.55151195523
79673.47796838076
88607.8328662787
58563.26337128188
95584.4457653111
75771.5062862066
87489.28177717501
85272.0940973968
72138.91502746464
81263.90874949704
82777.06427902835
89489.82958516348
68858.8184109342
70405.46471166312
95910.91083429671
73773.23036947935
83380.55239244369
79082.94653377324
82162.95275602968
67650.03384841878
86682.71050158907
66293.474885595
82545.74381806642
89851.10626258029
67273.79353348454
98724.60251927862
82259.73280970078
87523.73421201303
84061.62758331092
83054.6506737222
88096.65530883778
77222.16984847489
80737.45099831276
81525.0127540417
85260.51677409127
92045.44764593316
87768.87447944937
82302.28183776989
87077.9573971433
81767.55999128585
84391.9465192427
74324.1715435027
71205.9496842266
72334.426926773
82316.1210880812
93282.1392033716
94987.53644025518
91891.7022225896
83229.90830909273
87332.07098293952
74100.27111828809
92926.8766886323
79882.51842718644
94882.91433939495
86805.3780336847
80955.40224975905
86983.50484273641
84653.34232096357
86662.15887373104
90164.4086198174
