79934.61400437937
88559.78344798842
77471.14765014472
81114.39089829002
97783.88147860822
84335.71631317449
93382.17308644195
75452.87688044428
97923.67387738005
79032.37925984629
79846.72189429693
86093.07001630412
90401.49899214221
82097.33088172834
83751.37092729218
79980.83160641899
82872.2450874327
69281.34345004993
71823.93345546172
85626.39603381025
69153.98747009248
90420.44574777977
83047.78989703699
82798.33259212282
76284.57339103705
66593.06186837122
70989.94222917869
72210.93380656236
79576.077392053
90771.81772154193
79900.23956239574
80594.90830792718
58482.53924492541
81870.7813222754
90636.72779538349
76340.75576081246
73959.35658294045
88028.08884760314
78065.18134388064
84770.61681195305
93329.78477073777
73929.48210512081
84719.19805507922
62246.44852284147
78482.58620664747
79319.9554909176
74733.55156733352
83013.6019500806
82136.30093998658
78885.992383097
69452.04355628474
68962.59795584624
78586.9871465922
89965.35961923903
86187.13817269265
83106.61513546416
79028.80136194694
82520.46004433064
75261.19816459903
80676.85499549792
74723.77950987327
58554.0098425968
80887.12109344614
91068.76214520863
72822.22675802364
66068.33158816004
77463.50805122135
93613.37706313304
77778.52595866275
71492.98779671504
67520.40101296805
88692.4308142536
