62320.430758264134
55472.33515558013
56135.346118244015
70762.99455858833
53058.074805670425
54753.301389245265
58348.74739390192
51593.94750233747
68979.06955759303
56409.59610291717
66928.98261732211
58229.84034601594
59637.83786814288
49457.27095884765
56537.44224211436
57773.74483122649
58642.233804308744
67765.08396085196
52415.21676583583
58786.9368024134
58881.43539618511
63575.19778461855
60383.774453071266
61869.379465598024
58550.71335760324
60302.62881337012
67554.38698591694
63206.861698103516
47705.440256858456
59308.670746362965
60763.43993233743
54929.12538716191
58326.71106980858
53850.813394894845
64628.029098930194
70419.5900797784
54490.46518274747
65322.0528536246
58191.75705013913
59592.32375167743
55421.32135854318
68288.69721932895
60022.01501224233
57509.36518664077
63795.17198392509
59752.27318246177
67784.02555436938
64985.343255769956
65706.35557547428
49785.145122707785
59310.393428626965
57580.40087526708
56630.05478569545
55175.13391640751
61061.52487778302
58973.789749907264
61312.5527000371
60249.835987997816
55708.14632561984
55475.63592511048
51945.358034419936
55841.86667696322
52928.059981916
64471.4946556544
58010.13782265986
58074.44043557956
53807.142466600715
58629.93281256334
53001.72199935872
70610.56809284091
65892.10224800518
60006.32390773565
