78868.20415177276
69908.57029312795
60800.385497320014
57431.74772038493
49855.45426996013
64611.931019023854
60939.78963176919
59639.49319599403
65079.55466020376
58921.89541089014
66505.06424863351
58695.204329033404
57230.977841019245
49129.67586785806
54601.13509709857
55549.96748852587
59200.06395332764
60376.7410353516
53452.475997018366
53810.01290995389
61784.87561484707
57936.69316186507
64537.52554961243
56832.358987217885
83081.07271203551
59991.897089602426
57785.613567925175
49167.46857478125
62859.74158675114
67611.01351417218
59847.100361500605
54646.85478830606
57178.9866026166
58404.8512013153
59298.89250691181
62205.08154491786
62731.56499199203
70271.66812598931
61849.11279122984
51592.419110578805
66137.61073540691
62170.96042026643
50587.36614959846
55536.92510901742
55218.565676791055
59630.169001213464
58786.30161715636
57466.53455198557
58702.983606754504
54003.61851274459
64576.748863950386
70166.81173875737
53729.61689321205
51789.51061913353
61932.845723436934
63024.95350039686
49355.727119170035
56885.27840518025
61033.26550823682
61104.02768591227
52358.31708415215
49549.12864429553
64815.84765757208
49314.581682002026
61245.33048580995
58805.513496108164
54527.99074558524
57904.6758399497
58926.68885987218
53757.243215255185
58226.50480230452
62075.19757486935
