73126.66522225962
69607.28394802034
78158.8440138986
65921.16547122257
64438.76460068187
79063.57453291777
60101.78184722736
62232.304055090615
70666.30029466179
65947.0518386304
70594.67557487976
74604.03399233763
78386.63085553613
75258.77721213053
71731.61370936365
69645.63702466988
57834.71795101195
61693.980321367715
69508.49935630613
69821.86616582306
71956.5792010819
53722.39220746473
78713.73503995358
73184.66470940225
65627.11744036789
68468.2740661655
65466.56658311715
61139.56570031333
77138.88458954779
76776.1622149934
82793.0808478476
63555.02127648422
68187.00351396133
77739.00532751714
67170.67364580957
66318.14020089482
64347.94823007035
54573.5394272755
53072.0458711075
77360.9746231528
60669.09066045367
72925.79848946679
66156.21686835623
61597.67883852544
68637.02707207073
54078.25814866141
70001.26642047212
75295.82211105715
65056.80320631032
73972.10682026162
69792.53065841341
66946.89099440037
61511.548810830755
61001.33668296705
74397.62548224945
74225.77586351971
69704.54653778658
62396.309698786514
71045.41018126007
79092.28899789884
66326.65757720491
66802.90933092499
63445.21512470948
69261.1249724125
73281.83487874434
61562.115115773944
65980.13930452503
75487.5963386086
75143.26356134997
71997.80978184204
76074.98324843742
81561.88506831211
