58146.69208247289
62681.471865933374
61418.09173199648
64080.05162154619
73215.49338628227
49178.22113655615
54767.28989907763
56724.87481388829
62571.63400256285
55418.22809969896
60825.876811896494
53659.45790864429
57641.32957727774
51511.797794582875
63522.48641769808
58699.02873362479
67105.33459036014
57647.42772714465
65128.75538909402
65330.88963014293
65922.57669506362
60218.3723010437
57638.777325704934
52408.1607716045
67943.42031236019
59124.765290309544
61925.15313705266
51621.45220786557
58774.92641354397
66287.40913308569
50411.1990217658
55757.070051336916
62121.98970033313
64555.56672176011
56290.61789814753
69671.42427446618
58019.64334353728
48007.64103919347
59631.929426082635
57083.16705279911
60626.95371604825
58757.14152377201
59469.94305175493
52114.17621785524
59758.16737850413
67805.6934993778
56682.01120079349
65440.86765162554
54795.759813424156
66155.12571026824
67827.35970499054
62643.89171850323
59753.71769443802
64900.09427321596
56428.56005478747
62814.592915389396
55798.30839743873
66048.97606604197
58714.23130682372
49442.49533058075
46790.15451722873
62993.698288561114
64011.212692158624
73444.6818489935
63771.579273713694
58299.8367545557
55847.50621905468
62372.197901406136
56817.37899675528
51399.477720925584
81659.42772392668
67866.23890661124
