56389.610172621564
63355.81531212173
57978.65965817737
51017.393192003605
69943.77432648919
62717.32749013236
64403.35806161123
55498.61793654347
59845.949878912266
60439.19101079899
52592.861109858284
64974.908668126445
63783.25374932003
50120.7554016679
67188.29982357462
48108.05795800182
62864.48168559664
57415.71969954385
56802.75767931813
63146.992391005464
56522.11100965611
54143.24739002771
53661.23148848679
63250.45508900672
52874.83683891657
60002.66986705594
63368.779808182604
70148.18565538712
73593.61719569753
57342.241155691474
47933.47820568082
62789.57979893816
64687.63232362872
65448.775581386115
60549.81891977582
62965.43409568534
50462.96865110799
62821.985953640695
51702.988140526475
57079.392288460556
57883.09078860058
55915.88686727835
62039.29602741744
64183.544937817416
62340.505467984985
66343.35082538784
60395.022193395285
58155.62295001229
64286.260241981705
61844.20938309335
61602.89862415812
63577.464257108506
60632.428114204035
63045.06822625554
61725.63465835042
56949.82224020986
59514.838606248966
64337.86379873697
50477.99791331702
63193.96354719718
60152.04025962563
61430.324872788755
60651.07888245955
55157.10357267227
59215.722457813536
58720.856542417765
60856.03849300146
69463.2530262576
58791.26348741437
68046.73098623496
59669.12909996418
64141.948196032485
