63279.20399741812
72026.69750802996
59716.00910296069
76739.67344531101
81590.6450360773
67384.67887812742
69326.4338777627
56630.95850667126
58217.89794652415
57533.21738337215
77174.74916185426
82544.12971769496
77131.75591441349
69568.8694722182
50077.78069491433
79113.27544249895
68214.70845462324
71119.07934376037
71630.92777558882
61240.34849860143
67570.15612123092
71412.88715430755
86092.81825199402
69211.20918122766
74500.38232030516
71241.1549841995
77801.77974267394
68694.11018681919
65399.18534877074
66511.88755309551
67741.98481852222
79405.31782623794
66057.25734771689
59095.0410549252
73830.48385688022
80251.19392765797
71023.44143268414
65548.4102801181
71106.40920212535
76902.67266205182
68879.16081404498
61282.56211249831
72641.36678951036
74996.57887432231
72170.18190735373
69910.84721291746
81737.04131805537
81803.74846500397
69955.24440564531
73507.60871349896
72031.10404717547
79419.37288067423
88084.1132021557
80383.26736119254
86139.88732933083
69245.37148911189
62610.834112953315
58752.57051628945
79173.10240915116
69275.65455756056
63310.760277664966
74635.55464825984
62715.851894194995
72444.4344579939
71581.07426284309
64804.848389001716
75734.61297451307
66709.47353594241
68501.08154230808
68917.63106372536
55359.35377446516
72529.44847186837
