68284.44913266557
68137.8691614694
78286.67613448482
72944.64996930027
68342.4993281022
69341.7026273526
67516.19025712127
67034.6857105793
55165.90408496334
58691.82972737055
74863.76334983301
64571.992818941835
64611.21983271669
53455.31452824881
70512.23992058451
67023.71209270292
63603.57422705387
79521.60757863699
64972.57312277647
70978.59981031691
73867.3761349726
63069.05138718774
56567.72654209531
68529.2423133225
68769.52354143989
62235.61739729143
71410.44032947182
77265.44704125207
66772.42048856065
73106.46218917325
68614.5772078667
74703.69497736613
53044.551953030095
79451.07213174076
67129.7162047444
79104.2896336198
75737.06598818602
87159.22628974718
62430.9842159773
65111.94231705367
54691.647777098326
63135.13935035138
75613.21852481483
69338.82512831491
81438.13763976362
59508.53478110762
69630.22445191459
75278.79107242876
57574.42139959754
80619.40339262463
61214.71096706415
62538.277649957454
73190.10746420527
64843.5758236096
67770.29552695308
77312.90113109075
65627.32693794275
78179.43929807287
68016.0293519512
74114.08034646777
74902.54628484235
69617.35514887498
77863.2586640326
68740.54409952763
69721.50974471122
70749.35665569828
68006.57250649229
68725.7713967434
60168.42019583438
62088.612234221735
67451.99072720241
63427.08604580725
