26576.809780327018
27061.094347560138
30692.1157332344
29984.55550095862
32039.752145253948
33742.58330768279
28148.467120165973
27041.346691816707
26306.977409296305
32195.701480559444
32624.181318297502
30750.780838572817
32866.048724609995
30854.14739251103
28912.045063061683
25561.39804414748
38983.59757460462
28173.817455664474
31256.38671301686
21064.54125289944
33978.261495555314
27421.947069817612
30726.79681617026
33091.19110000678
31363.9482742652
29673.920903893624
29841.90369525511
31613.467146967345
29254.221759283413
31725.372936695174
26674.946436371625
31544.371462248524
27387.521619027095
33056.97278702615
30980.008245736804
32434.4755081998
28216.33869060721
28787.20384395255
27572.334360314107
32590.147119299676
30447.00397393969
30679.08057610948
27221.241248500082
32191.463116260493
24659.12151363649
30481.822138628355
30441.952869249162
26456.493724435644
35456.11936721826
29508.16344712936
32570.05483807469
32249.0798455112
30294.532367230102
30371.344024168073
30388.064146340097
31537.618117760634
28799.50074571299
27862.46102629258
30418.539696167118
36905.40164058888
27941.00617149219
31965.976355312934
26463.398558379293
33328.34638993716
23811.732143668112
29821.650845929726
32048.124280898573
29478.59814151721
31090.200713616046
31064.36057329264
28387.48302772736
30424.671898159144
