74208.61824183997
64680.50866124152
71338.18328843486
63082.488141848735
73003.6906904681
60393.596064003454
64858.84412420798
65321.48054331232
67451.22126776968
74712.30366743574
45424.83674821655
68266.18489956827
55597.48660263921
61443.819229494155
65889.67514330363
61422.42748975217
70594.28430465469
65610.64697320097
69386.20452053403
61112.63795795791
62824.2052248809
71562.56424861567
74761.76030583453
87045.68580820352
68047.58928440147
57216.98006955037
76866.00352521612
70579.68566378142
63093.933430610516
62792.82063612059
80474.84612008031
63624.9619735612
84148.71986593468
61962.733875545295
69710.64012907584
86496.6053558164
64146.693976373404
69345.9954677765
73683.95851589562
58246.87661243904
64518.631976853736
78863.37610955238
67033.95980446534
73787.93715980009
64810.17445793389
66583.62530751567
80847.08659623498
81934.55678169135
73055.1185052173
65073.965908163
81731.43499524787
60867.05103695929
74347.49666125134
62392.278106658654
72463.36354073447
71078.54359806543
64142.57544647427
80762.35663222583
67685.63898038
79305.02847403544
74512.53790611766
56236.12845969101
68589.97783681734
67072.65896437505
78599.90624231224
70235.22170355036
62817.079940423435
65495.53535427785
66245.5265518459
81510.51480999085
81330.61752368754
66836.94070040103
