112373.94718963816
103848.78323694742
107378.0254587543
98683.57522998587
109241.92180192335
85316.93391837292
105633.2720430881
114605.55720451273
93738.48303223278
89005.96618066481
109132.39812875733
93604.9203509878
92535.10490083657
96609.15724053362
106882.3197705546
89301.25430164393
91040.40887746458
96341.20771858387
100732.06493798201
104519.31972538051
82538.42406475765
95408.14568190767
92234.44887451819
100444.42774701778
100908.29736669066
103010.87600761437
95354.84341868985
97886.04030664764
89277.67679955321
103481.01529228888
103802.92995480691
81834.7710127759
94516.07340284488
101090.45668796636
105469.31004882662
93029.08558823634
105311.66994053705
105931.7112415035
99353.0940457081
110031.96190705517
98562.30012214986
97916.85297771708
101706.48678103522
101830.61117538952
99617.08234444572
123378.38393979892
93622.91236493448
95608.84879042536
116362.0473009938
107243.89034856432
98430.72410601792
107562.1593772915
93130.88350726487
100319.99378493501
91902.74046046895
107062.31288397025
94927.78730750443
86497.91127095434
114286.5583375789
91579.4164048952
108630.56480305329
119144.42916287303
104716.84966970947
77251.02060151022
105902.53039724819
81082.30487050436
100151.11835410703
105283.53238932075
87060.34934273564
95824.22682645654
90224.57211683466
97880.99895748065
