53371.360908781135
48328.9661896508
70753.96313327724
55472.721347142484
59963.68524776065
61934.36080449215
61823.707709841285
55595.99582633605
62068.565282821684
60187.87589098932
62542.411986664585
59635.18155335858
73067.73518690634
62715.70207540284
62404.1836510055
69632.62265642786
60650.14934306503
47003.857173313736
66523.22829153488
61434.79315557978
60395.46356051747
49671.390407988634
63796.24093499186
61490.96376585216
65862.43375279459
59425.69568244484
57317.200021494624
57189.25412430107
57411.71591835287
55627.415098452475
64022.72607291947
58151.095399878104
59387.091376695884
58789.11854658704
39978.886305449196
53948.67102015946
52727.6493124073
62733.5758086717
64544.3449151407
51566.271614045625
58029.65488463595
54083.219274464485
58267.71669998743
44864.560034164126
52146.75654295178
59045.380190288655
63306.991691839445
55711.89762897424
69288.97832011081
55262.910795497635
64523.22657305215
61807.79935701873
69340.79962563251
55362.82511221421
57416.157198351066
55205.05474877397
65965.96342017218
61717.472384077126
64791.705495927876
61136.06818359623
60891.72539421642
63097.80792234828
64203.84558979618
48285.593956742036
54637.17425728355
55598.5990167002
72093.8312172545
51943.313345567
71041.35506376535
62695.19874696322
53728.70994300577
63746.59213265093
