91494.02283605309
94566.87287538356
82581.08136316288
88011.55376021432
109336.3422396916
93734.7006405095
107707.23232302853
112543.08878996463
98018.87739890824
109849.02350073909
104296.42236806118
103256.43652654719
110849.40183547403
81468.22474504268
120960.57862689353
81180.41129365654
98810.74814385423
86911.40052709712
101241.78502778066
84870.14818243441
102564.74022160773
89275.1092853203
90179.28450511035
97097.97453136611
89919.07549656664
106562.55018102303
102571.90029558958
100845.53377226678
119042.39114622748
87860.37875723338
88371.83659875274
96973.12623492483
116108.56176080355
110904.40587379102
95818.02415020506
128127.3995889848
110869.90671158698
104435.05615007572
107919.91655243718
104033.05641295029
100940.0601199415
89270.85286533732
107161.45194682399
105537.30847813976
112674.5108816571
99801.57595272012
116261.57883575403
114203.32605575248
93759.61521066932
87069.53035030875
103254.7239350886
109326.69468391614
99040.33054054728
96248.08004598023
114278.27053837069
107209.98947296829
103642.74729366167
99872.140920862
97880.06138975374
100666.48081587834
84527.61198084654
113554.70103578504
121177.20359318692
92589.08004677128
103974.49535736308
84858.19926566382
93697.46652119943
103956.70140073306
114944.33843686385
112163.36801679303
112002.88040126215
115124.94516598976
