105590.80942665035
123098.98659472071
127109.53980533304
150012.6885912745
113144.73831874364
140471.69111266348
105163.10860304593
124579.81181230582
125551.23435576035
127689.76512821419
100525.62046710133
119359.16416414152
123168.05837260776
104005.12146136143
141382.94325095476
88464.37568755966
123402.98256891877
123021.14134473742
112816.85902826028
97065.11285393694
106231.80077590316
98611.76898397182
109167.7451461544
106635.65704064044
107175.06821162393
124735.48129624999
130996.09557476334
129668.81708757218
103415.27321054849
133526.85663806298
126333.36266473358
130736.62559320214
123081.31622891423
118339.12657344605
106145.53371971949
131835.81075761688
101412.8562181095
128763.77590980397
134147.898646932
133758.99820420326
102838.1551270955
121271.42715303943
101519.92750213471
117831.3867607907
130914.09029582093
116388.9122069662
123235.58359975425
139569.33022662444
108541.97743114384
126379.29502707689
118905.87860054987
131167.39233352643
117047.89818839903
115625.55137352574
139247.62183646418
103422.82078419873
119862.20307067952
118538.4328822488
129647.05127449548
131941.4971957354
106707.63079237545
105587.8361291988
129407.39863769706
119733.42904353981
135532.82985046133
129822.0203913189
116476.57464555261
100994.83548823188
124932.48680204875
120169.00138722049
125261.72724181369
130847.73139345199
