121710.5283833637
142666.6579702826
125698.90672497534
113280.05712579963
116493.52065651224
130217.21719883921
113476.84936853519
109195.99963230743
102755.782957059
113708.06069070059
91700.89244887013
120685.9639955928
111624.87106215871
135103.05370721975
117081.22325794467
112783.4119332457
135211.11318452941
116004.26024155736
124271.73207669538
149922.53531133814
119866.50854506224
114217.39121077475
105054.46354403374
125684.6881189273
109485.55151079035
109813.51898997065
120178.50430404289
113454.62823009602
130883.04791133494
142400.49688518376
108642.76352790714
120737.3615247825
120518.42355989561
124228.45095967253
99816.31427957394
124501.8784025834
121972.98619820875
105819.31272172998
145336.62569093957
112105.35624174007
121088.15398795731
108155.74398014807
134546.858978956
133804.92432064278
110309.49894464349
138662.1320297106
94532.7691640956
123318.29747898589
127553.540508505
115887.64597260716
123668.44610650456
128934.47583321854
123533.6072823289
120793.14866886288
124613.95338492165
111339.84036784041
123266.34451903356
128068.23224894702
132569.3475714728
119260.03840692202
107038.77199173153
111193.2120021871
123848.24379722409
142237.23875115582
128453.81045096129
116449.30571105052
136666.12682169376
132156.3320848746
117623.32057840163
108912.1146581129
105464.5446157748
122466.54691612937
