35797.35831257168
35625.404759638914
29201.779655937542
36861.09556873754
29077.80400082886
29254.360350331495
35069.246457751564
33506.26683146809
29456.920938459603
33244.52032519905
28943.15460177842
33537.493220018165
34137.55254631673
27548.357171534626
27239.04079275591
32527.698434796992
27413.322093072213
31683.170802843764
31912.201094311684
25616.335437869002
28888.81408669062
27287.455963747067
25717.499387771226
22062.01705148011
27703.457557896796
31222.456276183068
31241.93796939097
31712.50260125642
29377.564541395906
28969.49769412383
26203.185452109305
28358.950179484986
29750.914841213984
32766.261521265245
27516.252091869785
31440.07361878754
31375.275044250302
29990.8716669189
29674.219981357986
30757.18829619358
29432.181738809013
25595.540083558873
27267.811186285115
30579.384813660927
28350.423640041634
33180.67268253494
31420.440935746567
29334.09578621829
32665.577795663026
30716.248367457516
32118.47322830567
28787.42732424084
30855.56678994637
28359.48120991611
33404.5699712569
28578.062542367523
31289.455752672126
35960.789989598474
27503.44829180693
29576.1768725629
27213.029984177436
25794.622198907648
27043.166020397763
29759.571966119216
31436.787230058755
32185.51390148205
30038.325325075242
21972.242563601805
29466.555061331794
35681.84429457455
29169.171029841513
28417.753553273178
