62833.64961628822
87576.01333847952
80866.14529348497
78758.2604320221
91312.02117096061
61814.63081631634
90413.91705422332
79817.40136170012
79333.89889058084
82393.75101056666
73835.29226837931
59873.37005784335
65657.54650368955
87662.37980496495
81039.57057148639
75249.28524907437
77352.94697836287
77450.88841252845
76355.80858760352
88212.52711630885
81255.84393401182
71996.21888131689
89036.80141542343
84100.2944489366
76408.03638261794
74810.51467773947
81243.50152017633
80473.51383318153
84149.62330088111
79926.77015749068
75880.46305728913
76419.98622562198
80634.89334574227
80025.20439566293
93781.95827966205
83804.88506998935
85974.97758857057
76789.17108605168
88077.02320024425
83864.94440837113
82016.48139111181
78704.64226762041
84480.72693565898
93439.9751867807
74756.31032800527
80019.87011539031
94793.75682705872
85468.47499073228
82005.93687851363
69831.49612008366
73877.08615697686
91837.00552938004
67895.72068054872
77587.68635897237
76846.68938173297
88282.74506117801
79607.78756844954
75972.12262519664
82090.42059018572
84451.7747361702
66110.68787852365
94409.73413562345
78912.71618787432
77282.46402543415
76712.06488212761
75238.2157744393
69432.85941422908
90971.76732651249
93096.0740187277
74781.12379776429
91833.68970585642
74860.67670467803
