65759.42586168982
70349.77346018322
77197.1121554039
74117.44876590224
69256.31964057671
68691.91534290544
66767.69456499377
67083.21639431157
60879.15919762991
64020.3943770084
74231.55861272951
73093.80590235768
81603.29783776964
72077.47995944691
62200.78144678021
69102.1342634849
67110.476398087
62799.218540410206
61802.82365665314
65971.08738834225
54459.48239141386
72885.11554419376
63984.53099797934
70461.84635777456
74761.05892271585
62749.93739354894
65367.17973666993
71676.76480580526
70808.26707109156
56858.7757834903
72049.78418057412
61096.900815987654
71945.77868543832
77748.88232511168
82786.48518409033
69383.97754190337
61286.32621865431
62080.901306688116
62490.14930220526
61638.24039205006
85316.92330180464
64484.96033329257
74856.36003202826
73593.2899622327
70605.06644462461
76012.64781627922
72529.74713964858
68582.3403880619
60498.461661891815
78969.19832261287
71025.49185460544
52152.396886398936
60283.10424800637
79694.34042409404
65596.91287722526
67862.58147440609
69910.3704712539
81448.91821198566
61143.5088498528
61686.47667713137
66174.44693633133
66316.31548358484
81212.15949470382
73997.13031522803
87865.0537084163
59746.07127020097
74580.8695310065
69766.4258457001
77482.66054996321
78601.02953560207
72556.25779390823
75361.1916984166
