81423.3028819925
94096.20570140789
76769.2609715269
88546.57362808805
77305.60445448085
91151.59143925183
78223.77474479296
85970.8961121337
73003.5934292111
95540.0759806155
85595.57519172701
62754.64315697843
79762.25542673653
89164.42508825722
73334.5445012599
84322.9950332997
82711.32775577989
77596.71915752887
94813.60900702386
70553.23773685395
81250.54917140756
64456.57685537755
73284.05306687653
74903.16163498165
100387.23553460409
90713.7428789931
87980.9871169655
86855.48391007875
84736.80604551379
84384.42765016558
85270.52029123
86763.84019244982
88548.12692303747
80428.22659511758
83326.85106460721
86432.54574262553
75754.13306113488
68475.14549577174
69852.90583335584
71697.54535502958
96317.4341931245
89499.40894236756
84588.63745598547
77166.20170169167
66522.01749249757
69142.9211085022
70360.9484510541
85627.28087674253
72636.58383561943
65284.882051097055
70588.32258658204
76576.99738290954
72966.00619953015
89782.55014400165
73679.06530602797
88101.08156966053
72087.68587439973
72357.10058715324
70779.76964580249
81278.75490822532
88774.0210856731
68103.7454548961
76196.67026872163
73708.34732250377
93106.7601501108
77090.74948975956
81822.30966144052
77692.04035544387
81522.32375410275
69929.97962070811
68586.33695705584
78498.45550890082
