32226.154390827196
32629.9847778605
28150.47774465038
29695.559315233593
26958.210432144788
31798.509840365015
28386.29594425336
30653.99443946654
32273.3908838536
24046.870422679243
27970.19945179
26719.660792631235
36591.07820799745
24911.89300430056
28729.916244242097
34170.37174297973
28763.508432231498
30738.33340954369
35117.857297732946
27469.096723022893
31433.61073494907
32935.35083644912
25432.02494522214
29207.866062005047
31478.40707988595
32853.05886556447
25347.068655525956
32980.36965809234
30723.874626542365
26579.027028882883
27149.653744159474
30047.279681261953
33506.68372688089
29699.82132124402
30728.925456792887
29345.113426345615
26948.702319138767
31179.96551834053
34767.44840337958
33055.34967787139
27764.694768687157
26534.026445645242
32039.05326155588
25252.22362226036
27591.86835594946
35017.354315592595
33639.367850604816
32346.015231434656
28260.71452750295
31568.048034494084
29551.959027399844
25074.752535836426
33386.95351795209
26825.271711416244
31195.4003002289
27012.223456772554
30137.885719456717
24847.265733549964
37026.30994746218
29821.565739886235
29251.35115228814
27241.15798423082
28704.567770576476
31973.194976644092
25483.267686512372
28520.946780046772
28084.496817804968
29595.917325230814
29386.872530742516
27933.0757747741
26100.29010245928
28509.525563293424
