72124.70865187443
71319.17568757867
77942.35341473583
75650.99463401113
85323.77976828796
80429.93009073891
89862.50683091278
86214.88099162662
76049.10121312426
73541.20076622553
63921.4865261746
79406.78384140033
81690.29026785148
73421.30748558941
67476.48371063548
73065.72759774583
86989.63706397903
90186.33946039836
76502.52923934438
87514.53185658461
89735.48568944666
77329.52223426242
71311.89350380716
88343.35714406297
75870.34541475719
75598.98305439841
66786.9929080412
79394.74556547473
68297.22098987162
88568.22191327983
78283.14690188288
83682.71470167974
85434.26617732804
85028.36705343578
85000.36875024358
76353.7010204825
89417.27930768646
82822.83399678864
79369.39538527455
88049.0661200743
84516.9222188176
85993.049467137
98481.07666581983
77851.30000887717
84522.05147281662
85448.66388840215
78007.77019371938
72574.59781448854
96035.56593651816
85726.24285282349
86962.9587002401
83906.61994390692
73833.71551178278
84836.430637912
72754.25475027075
76830.73831272757
80682.80513379484
88708.91030257805
70098.6857192634
79527.38716605927
68135.90094886268
76801.81151029363
70890.52753193438
73964.77033036499
67148.59230486464
79436.49438457382
68790.51969548356
86038.18453455607
86421.97070361703
86556.29060689865
89614.29729742739
82184.85321273128
