23705.750499455262
29095.93688663741
29011.734736057086
26970.249431930097
29279.163054123168
30862.7682085883
23607.422912881382
26118.57565640001
29856.822454636644
30222.498691885463
34945.774853392286
27999.52959704865
25958.44543965816
24267.081454292333
31007.635543195633
31846.946294707144
23543.532112407447
31653.6466046861
29673.78381773469
32362.677763147738
32464.813126316036
34947.03456846187
31007.58247797406
32453.18155832545
32604.51709420118
32536.960851803808
33839.25333333275
31120.48224132142
29718.97062484087
29228.150762653266
27913.87207351402
29760.69465582589
26063.834857247042
31501.4414151825
32044.36087155859
34680.93641546769
30634.12812017285
30837.33968568093
24937.679063845284
30581.389934994004
26553.12771066057
29814.78734363289
28962.90834882834
31835.606309247898
33856.440250619504
32949.99253893103
30683.090456625327
28409.440681425072
31675.968701433405
31110.96544198811
31234.086978889394
35302.61485900655
29941.337121692064
30765.8358054232
31587.53673682322
25494.63824558308
32635.985302369303
30654.03656009448
22200.17782732294
27940.706737401553
23433.80945894148
28622.26933137082
31518.92174266192
28773.117670926138
31976.76091023299
31462.265304848755
33833.710501185575
26308.985854624934
30200.58921491464
25101.572497527883
25103.16988840524
29673.809840973732
