28471.865224430392
27915.334918586912
30252.991863920615
28819.601424265868
28086.276016489268
27806.208266269845
35960.55513328977
27195.65572553704
25737.023822175586
26211.682078751306
30010.960279793548
29909.495662352525
28073.284348228437
31338.939772990852
31685.36326632814
30148.68471779569
30054.66528251215
22496.253231677576
31852.99461661873
26652.263679669788
32925.60552728746
29301.859194275312
32833.40100698994
26984.835461070703
27464.361846333642
33646.21258215894
31697.196863562098
30255.764502102982
27198.91606500657
24370.4418586821
31767.93109153326
29372.5694684746
27811.562009499194
34811.033770286296
33293.97992650609
30487.659031756993
29540.468911728767
33181.258671877906
32342.948782886066
33907.12354777293
26932.225551344593
33747.67669436634
24788.136595484586
34612.59343285566
28251.539230763545
28088.160235590087
33745.69060342062
25469.6728281168
29639.670596755546
32997.61883033739
29346.7611416757
27486.262319210375
29637.244799716827
33884.26501259304
28063.99209915973
30677.984988599717
28058.393229567522
29425.007457676922
33509.31035018044
29917.397247618384
29327.50564119148
27173.568760272738
25657.625506085235
33338.4448081843
27214.964607476202
26116.93392018815
31729.69780770977
36249.27535011149
26920.205945596463
31546.161733061625
31879.08643273359
28199.315206899468
