78004.06403972313
84626.95628994114
67889.04620529253
85272.91529723599
92737.81217227047
88839.08164924815
97537.68117390177
98522.63590749979
87603.81209722871
85741.38568247178
70877.88182377651
78202.02847749872
82804.70334729884
84179.3078416336
82161.92559190872
88645.11712236807
75340.7343142437
65019.43575653384
82367.52383263313
87597.77042209392
91813.55814293306
69988.33118749797
83141.17022087403
90496.72602176163
88536.98560573843
76142.26206351472
74491.87229628723
85847.15536996532
80101.07729184849
69906.10896704096
71646.49152411541
73700.02516520728
74358.708625613
64786.27022845209
74308.83653094465
61682.65497350061
83134.75500121863
81837.2175279443
75292.4852271731
75070.70590362929
81078.52898764939
66250.89123298689
85379.54366820317
79876.69936630673
74163.30063712267
65692.26407261511
63754.03572770198
79481.81246993394
90357.47870971603
71915.73779515717
89640.55518207452
74197.56212311213
83229.82001809884
75422.97686864252
65329.269877101906
81512.59303802844
81987.51453135804
76908.50781464876
70125.77525320392
87647.06483084227
77328.34642181864
76881.69219741088
79989.52609080974
82886.65666463845
77517.44860864067
75630.77429218782
74782.5812696933
86812.10056067363
92835.70285231707
79987.15577474188
66150.75964844902
89068.51205488811
