121021.26382934791
120534.8083741157
122633.48797248416
123044.92940079092
118513.81409605898
125420.53835371105
93291.66489216441
128637.18004279389
113384.00323379299
122171.50734100542
119145.04968539758
130675.99720231509
119425.18225674103
127906.0433142209
107052.69578074869
109013.14495880413
101656.00418935614
133395.71188441475
130530.42080062239
125166.7187849966
106918.35135774345
105984.73956808346
125372.3199110048
129165.7840536539
109862.34679408997
119068.23801681992
125171.27153822967
109321.57616434968
110291.21035795013
117739.38304131503
128323.14798340421
108371.50162573703
130359.02658798516
112788.59384544469
130818.00996994897
123480.22525771879
119578.63223889834
129420.0464059205
119441.40413521443
135308.98159916583
127169.24393679725
120228.368341415
127431.25858405049
118540.0765850288
114934.44524056354
130081.94233812565
119204.5529617433
119280.86053468581
112302.37445454144
101431.83865252338
114142.503625882
122517.92022429513
105588.7753266076
132299.0616835255
108841.15902604927
99427.32967143711
133811.25561173246
124252.12429953822
125451.73959914764
123252.7076448133
116444.72905592971
119861.7729750118
104677.51186483902
110249.18014277898
97044.64174600871
119609.75513658123
125826.87635530694
105859.976245567
111290.84725061552
121484.57748293765
134423.80055572177
112415.31642803087
