101483.29706694961
113324.55055620174
113947.45209429573
116974.08934855854
109133.78039367078
124728.69538848143
111381.34646571538
128643.51072735952
120039.58484261305
127329.10880921785
121819.06485941734
124335.69942458259
125910.17170867635
115156.8601025312
111402.68127594757
133696.51186387736
129925.755449392
124693.51965874681
128746.71156714602
108037.40594396694
105925.4658790911
107866.46529460441
141525.70837828142
123682.3530859682
123354.59973898243
134503.48642313993
134976.22320196987
136374.94524345067
121580.2537433969
112725.66315042689
105609.64604571725
86827.39753193822
118563.53098031791
137575.61513332688
114554.3877912141
121370.82562640034
123098.78283161735
121794.08736024912
107194.25284299452
144429.31203107027
108077.12704324974
118107.64015973856
118033.9395531169
118114.80341401324
119230.9718276951
118447.30004842805
104852.72387460723
107236.00003908497
124772.99614257223
118682.49046232845
136096.57894136308
152218.72342412698
128972.66730352567
126716.31045895394
99425.82251393961
127399.40105805824
118704.43752726079
83545.88579754795
112794.60444419581
114301.55716554998
136920.27391928906
136819.14971860824
105256.21999318842
129843.61584389556
92657.60519062715
112803.25260702966
81656.84603719035
108467.73289174588
109400.65142868967
121330.60164074386
125781.53891720632
110033.13037965687
