84185.3750166124
77618.56068275012
78501.62529845965
78824.672114823
74950.06054687417
82023.52181587758
67863.18915113872
81802.29124282474
82112.12141369695
85884.91489539591
81797.61642152007
83815.89104706582
83564.56075445272
91219.76752474581
65561.29511107426
82455.78675133613
85570.85237653712
83850.60860979627
73821.08746204633
83155.01942113104
93920.51672460836
80251.83710390417
75670.62412361786
74375.40366033756
90281.28285211507
94035.59609394684
82367.66497232001
78182.272860916
77510.0566275267
69203.57032475939
74234.43905622036
87295.72309052359
80757.03430011818
86845.01545318907
65470.85941522533
78107.25865089489
77301.28835622524
83115.83480957395
79028.11028895053
82255.28463778154
84627.0104500423
84112.86152449534
73534.90851805899
78451.50826440728
92356.73447487318
79463.42129328425
71072.73820988149
85926.33128273331
81973.86364701766
84421.52313872549
61950.54292496933
78783.5088601737
86270.94834525089
75262.43361332515
80771.52640581568
81135.46146097695
80832.04262081867
66775.75725274431
94886.31728802227
82517.9482787176
73750.2688896731
81259.14242329358
88718.42438246109
80376.84814698478
82585.31085340107
71054.84810382964
84849.80363080448
71474.48721924594
89481.2511733502
76653.32396722298
89657.90874141737
82773.75948567259
