93749.57606390803
92101.14699105149
84800.41573872833
73942.58280374686
66848.95256361632
96133.02249205111
81767.53616752304
84986.12310166952
88151.75146033175
73747.53986593614
81197.55720452064
71181.3819057155
93648.05613599849
86497.5033856421
85841.652589005
89640.0711975872
94236.61694188784
74686.76595753427
71989.97510078663
86674.3307242368
72710.28973619295
66371.65395739843
75675.05994172767
95301.47073254496
67182.10770420871
81176.2548911326
79960.16697096085
87655.88274103613
71700.07046931464
92776.7524594016
92124.90524018319
84628.95306442918
78878.8494224581
69281.28852905815
74215.927931795
79442.00375970527
79543.62867529003
68467.99884438867
69859.1541093508
82310.03963555415
96701.99098877264
73646.43412916068
71268.79040184818
87087.00703545874
74213.56525312811
80522.26619790957
68436.70417162558
83104.11106379
85979.43232668906
79310.55222408446
75368.84812900837
87855.46918040246
74855.09548406188
65265.040346008725
89147.36070288556
87978.6785111089
87955.02976122663
88069.9341456676
74533.91005354523
75341.2907977033
81150.67652306073
81970.49336115361
81219.1553649991
80100.77638956952
92524.26264102894
73026.17513125471
89531.74281734011
79623.91613030662
67221.37144049925
76483.6338068614
72231.08591874313
95873.82654539894
