81504.54681067742
72652.35108427773
75650.60187098265
76852.0278164871
64663.60957744548
76515.75452630299
74183.25744110344
68031.20945185289
63895.070987028754
67114.38665027797
67528.48829179745
63021.36537903184
66752.81619629983
59814.91655500791
72026.55486736276
61128.01653122112
79615.91308181078
64525.61937630791
63587.4418684599
72566.9319854401
75808.22906747209
56531.838439762585
68954.34977516044
57703.97319972578
50402.013279011524
74205.02142726489
61298.626496492965
59522.816895478485
74081.6874307329
64260.98705767959
79190.62142733755
66039.2585933309
65523.44336808092
83590.62396153742
57554.969548637826
69553.7345466173
70092.65380757453
83400.05815764054
67722.77290966519
69013.5418027876
74050.80290942288
79345.50827551875
66045.22061280625
64848.619687969265
65621.02179475664
73122.77535270846
69373.57478260399
80074.40004964633
63470.75270147486
80133.49513754426
76245.41205562641
72466.57317117447
70114.76495568901
73291.25928566011
76518.4219827095
59660.72666257777
75845.19798332904
66292.92399686176
64554.1632103476
65619.29507992441
69756.65051559036
56671.05890939386
72131.24671341012
63951.631308721226
69531.73239752956
63552.46228801326
70440.1847282295
67821.87347881458
68524.57127671888
73315.10690576093
64029.78886324981
74298.14130203755
