69216.37351544654
92606.32250329597
101583.4645211393
103926.44058261222
97155.77605339816
80209.61842532548
110494.12675079491
115746.06104766614
103034.71476100848
105992.37599233506
100836.38736810908
98282.03509633048
91903.85140147545
106137.49839052382
101052.28878480688
107229.03065401249
111901.61824468641
95791.65629552376
102776.03948926352
110782.4290111912
95974.69040034739
90972.57471047714
101050.93900074222
109180.13883248258
97146.87380257831
91095.47825437148
99898.81383334877
83228.00789634946
90132.29998473474
96362.88193481888
107891.91185372353
97455.78893899849
100369.55031513266
83689.50761315816
91460.16988485292
110108.45507604495
108129.93058557261
92077.9829165531
130046.56353095947
108933.72961673001
95295.64194448417
114138.43612798724
82567.82706170634
77800.68971223482
96703.43451006927
91974.64117361273
78510.04892155678
90568.9866717406
76743.36677165012
87871.31100938578
110116.35162958877
99348.9953133429
112211.38250549263
108361.17330777815
98817.19335195328
68976.59914279834
102989.18954699063
90891.62170080424
93181.75075529948
104553.93050930862
90316.86261922722
102613.0318873393
100507.2719800296
109525.11092951402
118058.76727914902
98669.34496576413
109589.21238395831
111536.06557410407
109866.92016007718
120964.12831870213
102251.53875901873
95276.85322167567
