91054.7026118811
77932.81057738386
80265.8684137267
82898.16185112591
86830.8909605074
67758.2045752012
90847.73526976319
79413.77568768158
85743.79956066255
72291.5252279158
77376.71339063339
74032.50737360024
75880.53365513698
75105.9977704777
71377.15110166822
75713.98750323548
89762.94024516642
71113.07123047471
92027.52366319583
75332.53405075788
81056.63225772351
80748.2091909275
69758.7124818644
81144.61329069299
73748.2248342703
64466.548254950336
82588.2459068894
76543.68393729377
81114.37412477334
73616.46697099057
79849.18797495039
83979.0611082328
75512.27747599127
68557.817080352
72581.5888924279
89854.66518953492
86234.07225082043
77920.44537021639
78142.6924501595
75985.69913584308
80436.15216982608
65197.217736457045
79456.39102122956
74668.66886871337
96121.2913396358
75243.51793683326
79696.72523435009
79432.38839008685
76076.9046902145
79974.93521199728
92269.90501558143
92354.38756984733
96543.16760876798
77796.09205489805
89428.53704194594
83770.41003348002
79580.25737669227
56391.18377322671
80299.070581168
76386.66363079892
80664.68510147286
68725.76936305195
77332.72034591904
60514.19216919252
76179.34766945761
73964.89019842494
89926.88698081663
81131.36607755422
79559.15871882993
97053.02918440885
90380.83261012046
77060.18325609542
