29617.830761259404
31203.330752705257
31060.826058587205
30526.880865765484
30759.141629023026
28993.62306108433
31064.569428557308
26158.983505297932
24857.886481423866
34046.70952343352
33353.508600004505
35773.85244697969
31394.287568524232
30054.257226887243
29960.78878206195
26946.273268891204
29529.430964369934
31803.503654496828
32573.197820152116
34459.670439243084
29457.612049804822
31334.025135416774
33964.72273431053
26724.857560217075
28967.573518821497
29225.189913092145
31891.515082394693
27249.340877361275
30622.60909616523
30006.183546884622
32361.582112069835
33651.17540903335
32136.01578368309
27902.162125747574
30981.799831955654
26287.376957751367
28844.25243533848
31555.200173578687
26270.394976628573
29192.24285558237
27422.30568103335
27562.354130703174
30948.231631797724
32003.71580942231
32561.043799461848
29045.732537827298
32408.437939371834
27490.873147905335
36033.608984739076
32314.01748607105
29801.67451978993
29573.248926646484
28340.762298873204
31120.125436311293
32020.3327535422
30974.327447048254
31371.497291330117
29673.76976692515
32256.97172509126
30762.164015463495
30233.582455060357
25812.47823469365
27150.108891815307
28394.78897662844
30292.4893028999
26474.384810191543
31746.551745286135
31440.760654941616
25381.406972805988
31121.423812814286
33742.348822157786
34292.46216081777
