76603.55394394007
76155.56361377011
73884.34634647678
64888.242720973285
67063.69177474908
84778.16450355957
82116.03475026315
86225.45572654456
71776.42857831807
95961.2854583712
103001.70061347782
87659.66820521955
88735.58224000597
82018.06782328716
83166.06932100707
84542.48546518586
77854.65068004357
72740.20099324708
74959.59699657431
67750.56331283126
73247.82713071897
80240.05698607146
83404.88182243083
79350.84451082494
68723.75542646056
91478.20004906242
79417.72998997517
68642.18205633039
77790.92520651245
81165.27075127284
77283.87165575247
87413.70592623691
74263.00526619704
84030.5454080814
77949.39867816493
90805.2794681397
79517.4377068834
75872.44420640485
84359.86610371519
79562.22119653263
80319.27859644627
68914.06964334875
70820.37297559154
74204.23698324966
86275.0536199971
89577.09351649694
85609.52078728924
84229.5624048285
89877.2140248069
74244.55446502824
82901.87042896298
84766.11987329723
76816.48469876713
79159.60912878161
73855.09781051267
69561.47686678008
72210.9522576787
91526.33785450103
76477.78617820272
78613.52789574396
69042.64837102962
66124.44971967081
76714.2460506019
70854.94644931609
76842.15520708147
87930.27839598157
71890.11470573237
86707.216854216
84760.848670279
97089.0836704585
101744.46375038127
77789.76989940843
