112112.64519011618
105638.60171769312
131234.97358307405
105831.0206126854
117837.92442132389
109926.3337912496
113258.6181865801
124331.44960575241
108890.97983071647
108861.04114788215
111569.11304891664
134758.23519297517
123309.54525206942
144290.17827081657
110866.73409302108
98407.6854025218
115948.78676954418
111326.47542491766
142484.1202323375
118563.89966133877
141509.58341722944
132840.24836873225
110394.82223538519
137148.73351078643
141646.4805904806
127767.85007837805
112165.47739318974
135661.28116976123
101501.6757772824
134927.37924317992
114186.85074609332
131335.36390089884
146232.10624353524
127890.65904770646
135610.30524934773
110928.39193162118
124724.06482947391
131634.15479120947
114803.05484395009
124321.55751756673
121778.84412153822
135540.0429922649
111291.10748866138
135294.875136354
127639.63156557849
110892.48243596999
131429.92157055007
112182.18110037784
123897.64762615874
128711.4128350091
121367.21582455537
111833.49411390274
117695.23007750858
119455.48261781462
136570.85572277918
97609.8725298861
127102.39252628031
109296.14144382489
125592.90618921662
112718.38231342859
103614.93850108594
140637.1378101098
111827.62630491858
121412.97575371798
116595.79761153873
127063.98579957598
102139.35807584318
119227.12723687157
115860.8756814404
126914.55797517607
115751.49535241077
105890.94711836669
