73395.76291407563
67837.54400247741
70108.36991783859
63513.98610370266
76971.33919742808
67802.05135313766
76328.23509854685
79371.92899525285
81147.91303068334
84472.13721127943
76153.06719928929
76377.60910040572
55952.02854933277
89293.44072167606
72919.97009372988
82550.98868461949
100612.46788192893
70896.44987447915
88954.90196629551
61516.22367648027
70862.13200967552
82017.65098630165
78670.09160668417
84134.61239128279
82077.19734680306
76483.04949555483
98764.68082920063
92572.80129348127
86749.90721029727
68885.52206812774
68942.36669791778
92949.32002739138
86486.10366488696
75185.03212900535
86475.88974199693
91215.12969179227
78785.94087225299
79443.85357229583
70908.48110470781
85438.02837941902
79282.15569058
77535.7192277454
77234.81142422615
98345.25657042311
92092.17566828731
88341.51846423234
84171.5758330969
81351.60580416786
80274.61129401415
74150.5620839717
73369.93461553453
89533.6066364785
88717.77608180926
87039.95923918318
75596.18173565039
81264.83246623888
80971.44819663872
82151.17438963497
75547.20952813345
88523.34139364507
77462.8147552918
57978.0503950337
78642.83285691979
74299.6737850861
92047.2102290164
72553.17284938524
72201.49907106232
75352.87038516506
85221.60722947044
91669.9700678886
76409.487100049
81286.43780304627
