65023.017320903695
80940.11720693266
62247.6754055701
75201.57282795975
58838.30287816756
65258.91093610071
54756.75975886104
74879.40817224998
67618.04853842751
80290.65478008623
77055.58362869483
76889.32118690261
73311.11107107629
85488.5929749278
76382.90521426957
66921.68392240335
67676.56926057325
63967.348765681876
73935.2657710942
74507.18237584778
70720.92193581135
75241.73353769358
72142.21105574346
72857.2630438049
62551.06112534558
68924.02644913485
55215.77882255837
58796.97191206896
75606.02013776448
61024.762857035115
72126.66522405743
80883.26411857946
76990.20616860241
67851.9599374315
59321.85302486913
67136.67069352897
65417.81570022943
64517.208601538114
75919.71325107737
72478.91158357704
73810.51480349238
62008.57858728929
82576.02323561037
75799.04675589537
61416.10653389069
65390.86951610861
64387.124216516604
64363.22106295041
72706.23305598265
64126.07516314036
68007.6561192462
67572.79123966646
65924.74711400853
61480.716231716666
47157.50940107485
68116.01431576099
82359.17169579772
59346.851797892436
65691.67785571313
70450.63058325187
73455.38843288692
71567.69511195616
76527.25504439943
70328.8796893376
81650.39732733411
64385.26856512978
70235.9772626515
74964.5843482902
77707.8078824976
78729.11136700331
64045.13087312347
78333.08246076961
