119726.60904481751
136974.61272783403
132898.09792211503
134840.59945456777
123792.22642800705
123261.42240873617
124026.82955079088
116885.55520350073
125748.03865762676
123593.00682248437
106298.41063739355
108184.77545592697
112224.96032708485
110867.91871792496
145555.6671125551
132804.65759130713
134043.7860945408
114725.84422336737
121433.14264626574
111967.13053029175
105939.24343100657
103598.8940728994
120531.26635465618
112278.29562685428
95840.48663897901
128811.94421149883
105408.9073571492
123758.88259967553
115210.79243970259
116935.46473818904
96672.17177249082
115231.99912633558
108854.8071405547
121051.04835628088
116034.17336530074
97528.22739855772
118658.80492791923
130435.84011833779
111036.22301666011
105080.86629678859
107087.7888937586
139502.25208906512
125460.00607627507
112252.46319316767
119040.00969482046
109552.03636221454
129183.9605145742
111844.54682204408
130486.07435100042
126946.06595234385
123644.8173906612
113338.79867846222
95781.66215710499
114603.19543263558
110769.1637035605
99240.35156807835
121803.23679659133
123212.92622875473
113103.95923446403
114017.44279411164
108628.044555622
108030.87125748098
117723.04831146494
140786.5278742154
125638.40872042309
103524.85678304368
124029.65720033622
121113.08448797668
116245.68119707178
137331.76981576037
100939.72173743804
113675.86500351968
