101662.75050648527
96374.95193133687
121887.9134142611
97476.86068689951
93802.11529600502
89906.36919256352
102914.65453871732
111022.42098389885
104110.42906460486
94178.87446558397
110699.17324689997
112365.28014277459
95231.58889039095
100314.69944515395
103873.27844652414
119960.04846216289
101975.17816973796
96732.68864291027
116450.21450493895
117598.29378449544
98011.09736914278
97260.06317210026
94369.73625227944
82937.86459677026
100131.09293656964
92477.09633363703
104477.0068295414
92225.32744222225
95881.59273821632
115846.93791726533
107859.02296411654
108455.47867281536
90535.10214083093
99258.80466959251
116823.18467801748
91183.95901864092
111332.08726310932
106964.6233206539
100787.61883482645
94591.8768106461
114184.58653225315
100002.38604406359
92770.73478726186
94345.68634325446
96539.8280357224
109907.92760729362
94899.57039751516
93042.02838922417
93272.91982423137
97587.00709114876
93054.88079167767
104675.8090455979
115121.93123126842
97863.69535183314
96045.27902986131
79224.3332306206
106190.7913356894
104132.73454150185
105033.76301566735
97361.56847343182
102342.36212984049
99276.40211112995
76684.07497298802
81435.35150733382
90274.73045193963
107078.65108566868
97207.28163242953
100943.71649343033
105175.69275742235
95906.18914606959
77383.90702513371
105592.40909525352
