54071.14688828037
56331.8045928021
63761.633159821926
65184.49334614033
53124.58846988613
74141.25466394321
72850.25787496619
67013.2893493433
58560.73221381339
49213.92971150591
63315.26806267288
59459.835128268125
54622.54618415787
61268.771625556634
61841.63341802734
64709.736781244676
66013.27769373718
62933.4443370474
59929.54413988714
67141.07409584962
54178.535032377324
46577.86411033415
57795.51053635928
52682.842256355936
53141.10197263266
55765.26376956827
61897.79786889167
56801.66273676854
59696.59438875892
62387.96109999351
63014.57803408804
57403.11193963812
65736.20820438869
61849.388332153154
63365.8691223127
61734.606694456976
54198.99270548972
60374.25862523657
66277.38257914518
66865.67035172801
53840.706356347626
52988.908327878125
60472.3401622529
60819.021379645754
59258.434659364306
68346.69006967844
60055.257349204345
56743.679614699315
49310.8068621057
72610.63707378983
55749.21252529451
66898.89928196334
55136.91399142756
58463.404981104206
60732.00735768258
61094.935965261
53580.18011817166
67543.62229837051
60785.36112614992
65442.351748041336
57362.14263176519
58775.8734555674
42045.88157336153
59262.879160689314
57436.027407155125
57563.20181969547
56947.611764454705
52309.07531119179
63095.333760727386
58861.26064395261
65197.88863327341
55101.380106638404
