114197.5329648955
102369.34653953795
98276.50979912539
86946.39710449909
103003.30841280188
91845.70159999488
95755.76639307037
78997.4586818712
90503.28821645636
111980.66031604656
97698.69880529829
88306.24163389865
91702.50802424672
97590.76230707901
87691.93684940576
98385.4658676838
88611.88753253155
91280.53944780138
100178.89638333785
87050.0476485018
97058.60154420722
101888.81075747796
117725.07634914097
97450.44238550132
111804.26762081285
108067.20564079186
110939.43687403492
90015.92557462517
104067.23090515095
94908.59436053492
111210.48039623465
108588.5285407624
110629.01519662542
91676.75249441684
113010.04494570443
90942.77817669138
109524.26134287592
118670.74157904724
104589.67991992342
115591.07488999054
88534.98023003142
102483.48016453239
99037.90434719206
119671.13321353093
94020.06728043484
109017.65976640809
98468.59067773567
97174.04438283696
101812.69701815143
89999.20399609597
73179.30083096375
104852.90473665463
92915.86770439627
116183.2598400233
117277.39182786277
104965.11063418687
88150.33383408519
110293.91268967054
77878.18935183498
105432.19016720913
91797.57772648215
91862.55098290415
110461.91082355898
105100.35791646928
84988.31640697035
97056.37118306673
107311.36157508337
99779.55370128149
104966.11292273368
109533.36951244881
99382.78728476085
94666.77558448602
