135475.596034841
109877.63823449721
118555.64187105226
136592.63882378984
128853.58337170946
110012.97955458579
118642.13148354682
106234.67682752898
119971.3200590458
112778.34489571131
130745.45433797785
124048.51904835585
134064.25324356923
119822.97360390465
125495.1987373059
92608.75610294724
110389.41990612919
113645.97637378522
129423.9229354139
118717.6333629024
119497.08849716926
120115.05721758881
105632.73690838605
144962.38096348135
103840.57259006143
111052.6722417291
112210.55571016418
113803.6423618021
131765.23980607028
121420.34610231545
96881.61728048093
130361.91092659647
140693.85742382554
109501.25173999247
112027.80761241936
113348.25296787288
128462.4963489745
100392.90868678704
115999.11761840088
132225.5736476365
105221.48951986234
104097.09925808483
115736.92409767647
104585.84760754777
114921.83309038794
117973.94895984027
113825.36606433477
131996.7365717943
123633.30440521387
139126.33834915835
121019.10624441422
138110.29700571627
124668.24519165437
138415.51580123234
107425.01944789437
120201.2614671274
129860.15641838852
120086.11959436774
113263.535808953
102753.95628535579
125342.45475563034
118331.76402717589
118428.60858355105
126361.11230125529
114792.07809464324
119826.7759894066
111146.60279746974
109759.44891685431
131877.2743355266
98831.68247482684
137146.62188857532
92597.25184937954
