90110.563322956
79860.09169313397
91263.53624107482
80724.10969119552
80465.03876361853
84619.0692142845
78399.34658258362
73725.11061160751
81754.97336540368
90052.82604472025
77995.64181300055
74795.94454961747
76699.16532254158
85742.4720919907
75076.24056162665
70987.15219032633
89066.59302168427
81182.85865164048
69198.71451844655
72242.3630826087
80566.75535479248
72678.74612076268
87530.42454899428
78794.06796845245
81647.0454312157
73306.15895302991
85068.97240157724
58711.63540200811
86003.53080291356
83234.16191871976
70937.7490492801
84007.67937368409
90384.77148597037
92531.37812746747
85286.69241972249
66956.436530778
69881.16027179787
66156.84828204794
76051.98921748083
78354.83868906915
90644.87816714514
62309.21312651748
80869.2252837181
83958.55953762261
86875.81047073608
96223.11683575161
86384.11188897441
89378.59022782352
81352.48957351517
86839.83516235149
61252.112116599325
91981.96481877471
75362.94728158941
91270.3578530553
92922.30432297959
83902.05114844654
95296.26306441045
78946.01889161364
80451.14407993961
84382.21803980634
79039.0920731375
94140.68865271773
74401.59487714276
78108.19510062996
75549.2583355892
90633.73413435335
93363.03771499531
84039.39857770577
74469.27357542196
79672.8491602917
77645.87561793732
86615.62708627971
