63778.11356808091
89585.44545725198
82704.76919519661
87064.48581511904
70069.91151627683
84688.58201482525
82058.90644154497
83986.67599678745
96117.86337248264
90537.17440152579
85231.78827458597
84914.38289505201
91992.7429479424
84763.33053878395
80947.64451506441
79417.9261761719
61947.28644116456
83782.9446102705
93285.1992202131
80248.42014208525
93490.60499889035
89769.38798321194
76352.46691644714
71991.77894820321
84264.09898423404
81017.1331951304
68824.01121472173
84536.75641588822
73334.051437599
79733.61422545044
85673.66478834813
83852.23905730409
74774.19717317495
88925.42896361952
84406.77000870471
72532.12853948235
87374.2578585931
96544.51579699722
71811.17348006625
77536.15743651194
90855.35312782356
76924.1236803499
69196.081127681
71009.76683837376
79772.12391144068
80589.75469174888
80812.16910019846
83415.90113773601
81938.4802253993
74588.83856449698
85665.31360566276
78791.3321696857
71841.90233523701
71828.44807256167
82623.86227331594
78320.41294277634
84056.29697755398
91676.48826812516
79443.49040191039
63593.27231877531
76931.4010311898
88429.71988899425
80074.40679601434
88282.91484553908
63214.63946266965
79369.66096185341
69394.93054390486
72318.8671821408
89357.82513152409
81062.26510730284
73754.71146457722
73631.24763231594
