31751.022536782475
26510.124132056986
26797.969472346165
29128.32444208875
29380.875594875804
32046.430701349025
28344.243833702156
30584.439051463076
34156.909407091596
32764.658223102546
26069.235929594106
28065.875465318928
30999.118188994893
27528.86910957947
27009.685427017408
29942.690154071017
32730.88413430916
26589.30912938829
31902.94313846034
23783.724458337427
30279.09117806281
25945.71019566167
30520.73241152814
30037.698372146955
26542.841838876564
32771.488078982
28406.278737944733
33663.27756201372
31677.026604066417
32157.92964232609
30992.995923289156
29134.535414566453
27242.760724575328
29502.969386947738
32166.96450097582
32968.3205362423
29305.8965556899
26585.04694058804
26243.953076876205
31101.836412281173
27365.782279970575
23785.864504123405
36635.67500840441
34458.99529818622
29030.078707697783
33718.65248193354
35301.81133059871
29241.381030919063
33707.42091642009
30254.87036729305
35187.31057842077
26852.271202072625
33300.12782963904
33086.05224247939
33511.997032532316
30026.043962338426
36258.62992927735
31443.217192427976
31172.612724818966
27251.400664627105
29813.83788456899
29753.53702782497
25426.532654961597
34634.336398757696
28802.920610661513
30409.80701204577
26122.45176311188
30120.204466519343
33499.6144390333
30279.152905579613
31646.303472388998
26812.84102337589
