29946.106039417235
22252.17613499472
35864.75309657005
29729.227151107436
29739.686287712684
33410.034555570266
29377.96136973095
29101.59580801127
30004.968233636373
32530.963659569465
36012.667755198076
31836.90721243835
26622.52793332082
27675.288689841185
34327.41404021757
31280.01406722517
30722.584555136622
28167.777637515064
35177.072090653804
28083.07169601091
31267.29646903492
33056.343400229576
32777.603375253486
24708.847108135076
26155.12456552197
28568.415842580922
23493.610715449286
30163.577327592415
32904.48721249271
28693.473847193764
27339.01021165265
30185.224135415247
29265.69506771188
33249.336344163006
29863.824388070596
31419.632309892408
27573.47798185895
30259.301826239793
34216.79237574883
32870.90358993203
34061.677285621925
33918.57940939189
32046.534175889763
31313.78488250503
27560.6893075112
32493.61002301889
28867.92228378903
26919.30257299759
25327.594282710448
31995.130402300332
24595.700288343232
27704.196362941464
28502.744942266258
32202.600692191107
34159.559729040564
27610.686178636242
28508.926560663127
28229.346834320924
37438.51018997756
25323.122884003413
34354.98832142118
39813.11170848797
28655.28896157875
29847.393954874307
31599.035747202874
32154.632489131473
30951.96854838027
25712.67781627286
34881.525200630764
29393.03881095812
25713.992237735154
31071.206920822737
