62431.964897415455
58021.6225721826
64800.893819273224
61467.04893183612
53482.48930406699
58512.20104979
55763.630955581684
65631.55246968872
56132.702324822574
62355.86020579941
57320.802032624975
51671.91240188334
60989.07719929903
56720.48746412155
55163.20964217486
53651.60717862644
67844.16385972072
52570.02689564769
64036.40455341748
71722.9355115598
71361.8050691055
61041.08906817136
61653.102422998825
58719.31229402592
48880.92021075738
57843.792691289156
61834.68346089129
57856.01464809301
53453.35634133659
57574.39794998519
67499.92665921559
62278.49253717474
60713.76861986738
63776.21673756809
59059.62689150648
68110.13338846264
62857.945830450975
66525.71226155537
66962.6234857847
61928.546097759696
63376.22199877581
65504.67752365978
51544.334823211895
62350.55777553947
58932.037369009726
68332.03168870245
47995.36397884581
53049.28370531075
71119.792313909
62913.73044854468
50350.343005876515
61642.33413911204
63723.61768054568
55377.240245503635
61356.79837673295
61691.49223784011
55933.757421263675
67087.44154599629
61153.625769229395
54453.42697727227
66291.27179189213
60325.25060673627
57331.21255935094
58918.883202982426
61675.5520330332
67535.48793479332
61988.3046596996
57515.763557292754
48715.93133082087
62740.874177694146
74423.85698030563
70289.02862326002
