106379.32699683437
97974.95049301146
96327.91509791916
111699.89807307617
99140.29850902183
88479.66206899215
96684.62142412111
97565.13087143298
97641.11147525675
116760.1546214573
105403.77082055972
90991.5378757393
104084.43306151457
79394.5543584332
107525.15288400464
99691.58432656286
106737.38426175834
105750.34638831302
89164.69350688101
109887.92182920061
90542.15955969844
97526.14422080554
99220.4870345255
90475.55826269166
100876.00696223353
105706.18258521138
93382.76217907522
97096.26264770994
100679.85807554056
105250.80064524841
96078.59747280415
97711.6883446914
106945.13952644078
118862.9794411423
88774.38709328674
96660.59130955557
101928.7795596772
104491.64240827656
105038.19674516232
99643.04056435375
115251.72909923493
104466.59641781602
92219.60525003345
106240.35683517267
120529.59285484719
101110.3992616168
131271.26944979542
90542.43964612945
112475.27875802085
122443.4873630084
101154.44793464527
102743.72103580627
104283.96211958484
84535.12535679182
91363.83539336085
101310.20860811386
95738.19210573532
91953.3259706934
95478.80570972222
114568.05004311937
117436.35024878061
109342.78037730556
105416.50185361125
110619.52559510131
82373.3375321103
99653.62358437096
94242.49597197515
92728.41238584589
96221.14874121573
112881.13994651931
96672.99227133984
111573.08418770431
