79799.70476414169
64123.54603355424
67497.99716800782
66979.29710448862
74558.57288221075
76062.30652203593
67328.39026791642
73003.92811152084
79514.15260141318
65645.21361064004
61551.68323071366
72630.1469391227
67859.22741559755
69409.85676408265
76563.19776763271
68729.07911347391
67771.36623560243
74038.08717253845
87076.48833547463
72102.84636207657
80787.83538446989
78056.30572375687
59241.93978426489
64304.70258008443
66216.55108951271
71710.62964667703
66203.81438541235
74800.65898319283
63431.132464862785
71472.34657365711
77329.54801962728
77462.37160963593
75770.03424872058
76956.58671916871
67695.15480273616
77352.03098145378
76330.60341028121
77324.71191750154
72892.70240438031
62376.89706588972
74538.40072741038
67268.39897335404
65931.02617923862
68483.56489845172
71611.66130229828
73873.56280270674
60938.88441376872
69600.93307062984
60262.62258852845
77019.59058382001
63430.797875114535
66157.1542037148
56871.47315247026
72408.72782683106
77130.44901165599
74978.20772926319
73971.65256411722
76900.66754710935
66414.21311603625
55751.06861102837
71351.64851627967
63133.33391015529
78420.22815639045
78530.65033051308
69623.89016326249
71025.41318497842
64372.161396139076
76139.64605256337
72391.44163838106
79042.69792581085
63231.419070882504
68668.74807575888
