132504.97040642763
127800.97411338477
140261.28708699654
117906.40592664617
133619.8412047369
101034.43898054722
118733.40244552806
135710.20378951074
107785.17139694045
125031.0298435706
122407.07449441167
143086.77476737782
122126.00870871294
126675.04881487641
125286.02120749895
109141.93604158387
142944.63674928053
104688.6125943814
134856.35204935077
111991.44994831744
103475.80286073156
112461.23696691447
118263.35293802328
144631.08889372015
111599.23461742533
98044.15769204081
124239.03713510164
112377.94773888738
102780.43565995873
108627.88946301444
126938.75615915305
112634.15331519913
105755.36164813903
131319.31712140038
130539.13823084118
105904.04550105859
103736.05120505035
121773.81791088408
114945.6850846053
132375.66420891724
110307.1774486402
111971.8817729731
126658.57423151063
123844.4934920832
111342.1680120913
119066.52262066743
121949.59953335836
118900.20294993262
109127.58436308989
126963.09475809766
125376.65977630673
98187.74639633809
106936.43695866228
113174.79581415329
118957.18418267804
109268.84007796358
104300.52141230527
115614.77208744285
109523.04034335977
117179.9803388825
123975.77435765753
114225.39922501483
131908.11987925484
119241.24765937903
97639.54805677921
122063.88689933832
94485.9121847958
124389.51330800714
143294.1375063651
118815.7323516015
135698.2729916465
136620.74292989846
