86054.36792109671
75862.31192210656
86583.35543437375
71843.26837187384
72140.56736500206
81196.98503040071
82889.52205595166
71119.89504803825
76885.14865769526
80927.9547751314
80542.35941477357
78743.50516135746
82235.1324750773
86945.28150530411
69291.267571007
69205.390150486
77606.38784246241
77012.62366986454
76497.16842228355
79336.52740534146
60982.63651016328
75797.96122002341
82399.64670008504
71169.73312968563
77085.3494755887
82447.95132515412
65099.103103877016
78195.28818987205
81121.30462976525
79447.5877739343
72621.91587890258
97116.76143463621
87101.24176175203
73078.73524353739
89124.56687181049
86359.22598644896
84359.07635150124
89143.62735865443
110928.25127966497
85689.48872475105
79081.74942174583
83433.86342326454
61949.59504476189
76513.118569513
87603.37676476271
79791.75383205885
70690.69242606564
85951.8640258284
84744.83206484959
73014.65812987326
79875.88228161875
67906.08107289093
100556.65993773699
72836.07794365998
82490.3775231813
76190.88534614116
74415.09330565271
86759.01548846369
86887.21684793684
85641.0187432914
80193.13491966488
80570.09297400732
75753.02057856639
76280.9469322141
67448.13488436841
87805.10383058588
82156.46392127265
70905.18651243788
82761.89179733265
78445.7810620448
87197.61679057928
91133.80952935152
