22842.93155524119
29626.846381600575
25586.52100555647
34062.04002754394
27095.732674726238
26751.26805830401
28210.75240145412
24609.65118621255
31265.184696798995
24425.889189000696
32421.870945595183
27825.634340594996
25964.398936265792
28193.701270037178
29483.61178331194
28585.44280096001
32212.04209882545
30811.445203496532
29022.05021156285
29711.383453168863
31827.38376765451
28866.68660121621
31760.245991846114
29195.14183980292
36834.836193216426
31765.376278905685
34185.75418274331
27355.654749455363
26983.22004575288
31089.35323332102
27949.630052971494
28938.955184282793
24710.836957843796
25146.861208931412
27523.48641626858
32254.46914827384
36765.77915124529
29522.46401203066
31036.807699904726
30930.739901897727
29671.770145792052
34340.99558931863
25230.911680714547
34061.85625894694
30300.997417446255
27590.157779722325
27048.34741331727
35581.491787542924
27920.4475465738
24487.41109426574
30333.749109785025
30235.214793725954
27780.70178053628
27353.158994643847
26950.93388094
30453.834314294414
26805.65504152424
26183.987315109745
33638.58121042028
29519.59655097366
25931.64216009998
25110.264748751302
28420.22511071308
27365.886041319372
27049.697820442325
27204.47520326221
24889.556667509816
30326.152524383073
30234.637199616824
35912.85712023979
33945.5259578757
32416.162574592723
