64846.32187966324
61683.89765496091
61591.71071022272
60862.68617048835
53243.2724353688
63706.41203767986
62636.65028330537
60112.76070297731
53466.174320481005
64109.15104445301
57952.64279235861
54403.974296533976
58831.516508845474
65087.95107886065
65718.71224194537
59294.33008448916
56727.28415856351
50124.39961605852
62812.20601862937
65928.40927208205
61451.03021148111
61565.69958314041
64280.62220169705
57035.64109312521
56014.66699001622
67867.96197959168
57160.20205228724
57563.20128780081
61288.81243628266
60340.67762026569
70514.35917705808
66788.10815539748
61174.71473551884
59509.39956296675
65021.966535736676
62598.60429681593
63631.52677479498
57623.1544306579
59387.90709668529
63859.338912784035
58294.557591627774
68421.9080941989
78375.9835467569
52929.623349710375
54469.199591310455
64832.990309381355
71545.11867346661
62512.31354298801
59108.735671930976
60236.854990268745
55894.3445961841
60841.28767601468
58816.562021979655
62330.87742220298
62385.492696046225
55389.29168460088
59415.694970611585
51774.81051738822
66218.88094346314
61443.07670396124
47761.1232729286
65948.57211963624
48300.6667346189
58322.408541525205
62948.56155655249
52923.573161844695
61851.41579110376
57912.00813835826
64178.793296415846
63613.46585422372
67018.67335465924
70207.90271198783
