101081.56595520965
105153.34573163606
128570.45240770484
126688.86773035878
126063.44178522509
127145.50177306483
141202.92610592203
138235.0903320721
96785.45364330502
116429.39866501564
130096.32461263305
116861.03876994178
111067.95811659227
112191.22836579342
92618.3399573467
120885.45861242893
131419.86858982447
134841.613563553
104492.25777600033
125279.77342384383
103874.5523076167
120241.28779881362
131925.72664462947
98412.79227169437
143605.19849869632
107053.0956924216
110156.8371801188
117272.8263783113
112203.25201114063
134065.11994381872
113644.52510424332
132160.19123298133
115818.04334728236
111271.24931702108
126599.79633920366
115569.84366109765
112402.55736921968
128462.44989714512
104970.44563591297
98172.1322927195
122938.95358772749
104067.63136884071
125324.82777535405
110603.38104725599
131495.3105799571
120035.78715617426
110833.75296035383
117247.94273817755
120809.9290794872
135570.2740003386
130025.29469043472
120920.66447533481
132032.2115223822
110158.01275149542
117542.1332938122
112523.72719096592
142481.88887133074
126760.15660544517
133666.48894001622
112242.99053714196
121076.24575973384
134346.61122274926
127045.80481151695
117831.2474283524
136455.4247957365
111771.7658295984
123077.54419447931
123677.72056969069
127111.08972927452
115773.47632410769
129131.90902004745
117683.41151740862
