27219.445654957843
28418.372688390195
28726.955522503045
29185.89446958825
30398.589655100837
29486.755572163504
25755.818166197707
29254.338908350823
29720.217269926954
28229.83510354747
27491.603559036852
27475.28220390826
32390.07243936681
32160.845081914504
26663.18305538759
30536.458728466612
28993.034806711166
29277.16783805532
32332.58221345579
29109.180792689047
26332.46111017548
28957.26400079724
32296.107510797017
29046.47607144258
28541.96909201044
29866.779508518808
31606.87656532855
28131.19640676509
33018.0374491677
33762.68377063009
31125.08856586231
26131.48579207499
33442.75472954905
28010.430372971485
34597.687669691426
28333.887792358862
25210.606667634715
32322.687028213477
32216.589483674023
29725.994503180682
27821.40059738084
26826.27031443896
32249.995541368222
31353.78023292755
33740.02850093853
34350.80141746814
29179.29265466493
27011.196685756815
28363.021554014747
23381.976640993267
34943.249334408865
34804.30061962578
31248.384636928044
31278.790935005723
30689.2251194006
28895.31552648877
29266.53929529291
34680.47216616844
30659.27027766866
27056.959342053535
33756.74208876547
30855.252966850774
32538.36041668731
24902.64376074622
29139.826504134027
27415.847172298192
25661.90915927541
26357.356427624105
33675.10652963197
33068.33184410161
31196.050379644952
35057.2612104215
