86955.81025362799
73347.57870699924
89240.14215091962
85911.79541495511
101550.16196281649
76606.72138657961
82583.91100517393
79504.95486713486
80971.20329330403
70371.76376624985
80981.36957615268
65295.20163622632
81123.73579350823
69550.14270404575
84866.9537371328
86030.94713476395
70555.3396240535
69796.76442968771
70212.2798882748
74810.89220798656
96946.02887953405
82369.47833793554
74905.94538898977
80787.03036751058
68947.24235051838
80763.51246794357
75470.24786836281
87573.523314699
69599.15578966947
83171.80789155656
75385.82943063292
78178.47867765104
97373.0797437637
92901.25062186575
75853.82760690567
62637.392817360625
79800.14013465378
71085.68349278819
67620.50004369761
87005.58463867208
72036.6006361391
91220.42180557782
85330.79515322992
79738.07414749722
91563.86552082431
79255.99378712133
75892.56415500434
72946.85272624434
69242.47421884142
80844.96260696126
72209.46011583945
94790.2777046157
74901.04313262663
86535.95117058184
81028.71504838586
87190.63435279921
84479.62600233132
85575.88309747296
81830.50667037404
93723.53296920576
74837.80484168247
79638.33161109072
95705.52398661569
70669.05984547133
75619.27443035497
77192.87642966109
97356.35638776454
85297.59385658638
92776.5189552168
81198.69042180147
82162.7953221601
89247.57106109583
