80582.77306883773
68515.38892824677
77224.35776660398
79139.41341734162
85204.80140732817
95269.42674200298
59821.12072134651
95266.54557876672
83219.44277859124
82125.9679393657
68011.38231897724
68843.86902857613
78235.00403078472
84537.33553591926
84186.01602261794
72846.29717263197
72975.65696046848
80485.34869630661
81993.94731407595
89650.42626003378
67331.11577488357
83977.47742727466
77173.3475110154
74695.89416684746
70901.404339617
85858.50620192902
75859.513713874
83283.0769652077
82593.13992466497
67807.30045048198
75698.37534102997
69227.99547596995
79239.30690957858
83615.7936099799
67146.47534143922
89198.82274053255
78252.05186287998
84565.22679710369
83095.33427338925
85059.83023697359
76677.45688606928
78415.13347756423
84159.78586717059
74226.62379375176
83825.82460237069
74122.18664442867
77275.38281842759
80302.02588213143
80003.52261277821
87790.48798549708
73917.78542038213
79562.76257691487
94721.50923072096
78765.41591108603
99357.70929071352
76851.53060994526
86029.3114448562
76532.27533588842
84605.32618342692
97579.47619801939
78974.03801127392
83958.99672970625
83771.73062080465
85767.81437278814
65226.10635070885
66667.37550630739
78002.3692741005
80264.97758949435
90364.37015362836
74454.64707977034
77245.12017136582
93447.03574468088
