74275.67614561717
90509.04047817532
90497.96824571953
101534.88555592805
82270.5704607544
74409.40992607283
82532.28628838646
82350.4280066857
73954.29644498092
76938.78562679484
85819.66044746953
90491.66141439324
84274.24511156105
66561.48071133306
84817.86024790979
81346.83874662321
78176.33923713518
85029.0650632825
69059.924628431
72668.82921828254
78525.32439055295
69238.60805622146
80771.34614078325
78894.5325457252
81953.94542545598
77448.59529607768
78767.32413186046
79123.5830663099
83221.9777768214
81291.85374877376
79680.21151880593
76260.25044591236
78680.31748232053
99838.1533238417
72716.56464461023
85406.14957265621
86005.46212137418
72015.30068080971
88668.7351467862
94870.59255723373
80455.16192456926
88091.81426647
99903.51737411926
77520.67559837166
80800.07516050921
83481.49431087107
76053.97082381137
84049.37699697002
74189.59919853605
72760.67649347267
83384.22878604423
74373.46788672103
77742.0184707852
70557.7955192688
70496.12486287461
78248.25589566531
80982.95981188133
59859.05689744502
82313.89596672925
83434.0146488647
86029.23854123992
68083.20636680619
67301.83381805406
81882.55555442622
75327.8100902135
77304.18093334642
98846.29946911513
82921.70800955185
74094.10360688277
81162.96050139933
98846.63254366792
84879.37274394352
