130128.21184847764
112078.64096100588
123118.28124412247
116646.21061380337
110880.72298086627
118302.46708163914
115590.38562703466
140484.79982089912
131708.56061623816
115792.28279562932
125194.08347005628
101290.53041374063
123647.38140298668
139270.3103465032
102734.99610249046
107567.42004778783
123979.50824009687
123542.46844459801
108195.11970964863
119288.56641376455
131880.84486119737
123505.73868930548
125576.90174987938
133889.53906025618
108275.25769024307
108472.63468535074
112261.26090929337
109708.2076312318
124648.93587464471
149138.10178335736
104698.52972931965
90430.5521783949
102498.07118590706
125733.92880377625
122523.99717782046
110702.505318936
113826.82215700574
111021.90777403659
133859.0629687164
104645.30066757169
123739.50148443592
118612.94372957578
118526.28453771886
141998.15437566367
124387.25407471323
103972.94001860853
145853.53001659454
136710.00251384024
124443.32577505679
112090.3798707012
132565.9622885489
95342.56022499086
91911.91683097341
132656.50040632737
117957.62001417995
121221.61038975797
141798.91960695595
122804.81343094382
126520.2588640928
109668.44021091396
137501.88538547687
122623.81834622857
131876.90742724115
123303.4411655926
123840.89369111459
130418.14642171761
129746.06449710057
107558.7983782448
121630.60836295395
115667.14524044264
144871.82337882783
139582.54639430266
