111424.56842209028
97663.30567531676
106731.39597058223
110854.83650137016
94939.18078508088
93929.89575892681
104551.41529145557
88830.50599176374
78086.23465942468
104914.4706405613
100752.79751262176
106702.52312231528
99617.23014798331
95813.83654170176
113831.17310161148
94624.87706461555
88282.81703194931
115289.40456408395
95343.35465102474
88324.90142500677
101994.41349271139
101123.14878886807
94821.98633824452
101910.27478865426
80340.66566885005
113610.1574650116
99636.42222922818
94806.06964186393
110368.41090441585
103945.67513309041
80710.05300872753
102600.48467745094
90682.77712416228
101788.75552625202
115092.91382118742
97707.48565716237
109352.38308488742
108521.28558330711
103320.27577508964
113300.01415012905
110666.99397087967
92666.6050975578
90570.72464953677
93382.87534399882
85144.31953607587
96957.75916982551
98883.32619331467
116222.71213091226
85544.72306599957
105586.59454405167
90281.00905962441
99266.64253955397
73626.1482750915
108819.46631917683
99067.90788625651
92965.54626171061
104807.77885529582
113728.90389231488
103577.50540632493
109458.17548301916
86304.18696971501
98457.7992337574
102427.7186859186
107787.76671717929
89106.59471831004
84041.88753394286
95831.60967231997
97744.2268609732
107003.3444473315
87659.9349644949
85469.34204635446
83394.10535846032
