76945.07687197877
74049.24166739383
56271.719074342574
68368.30137088776
70049.65284312867
67113.10800840758
75797.71428304809
72681.06744537258
68335.55718153143
72737.2244188138
66894.08563830203
85009.12090681784
71199.99129625181
59066.945345725726
72100.6716845058
60946.45565659166
66584.48576219285
71378.82218664233
69147.56630347915
74329.16222460245
70996.11776641192
64071.12356428094
78761.71275281558
66599.55580592732
60325.61336877524
75859.00492853092
69375.78303072034
67652.14106527987
77142.14679537903
69413.13678260735
68516.34388656369
67223.18789239044
77034.5012994522
63604.31457748536
67869.52110621138
83531.32865695724
69539.29700845467
69134.87822303096
72277.69706194951
62433.973050755085
73016.1098928421
56606.07161476976
68648.2894407161
72584.8863490088
55476.27359688097
66177.24014354305
61518.91166111073
72481.537863754
68670.25630016824
71247.59723533584
63604.4316047528
74377.23801299387
70238.04896646396
85525.21005958355
68442.1741979151
66096.20648562633
77942.86692411567
66131.91655657698
70985.25047628742
64907.10725032736
71731.0322324648
67544.00582276884
70857.92277472423
66893.383487441
70837.55090468403
64490.38095998797
70227.94787516042
75105.84028509913
66895.70235926683
75720.23880966337
72012.40187061387
59651.24942171607
