112803.25754597825
136266.29445239087
126179.30045758927
115647.7851336014
126725.11315320103
120774.09463287797
110927.47498572941
121066.99132926697
136692.81038052958
111331.63647046196
153648.8374995815
104578.11239555206
130809.55700733516
135925.62681812787
146691.8908082942
107986.202292343
120320.79720608525
103872.92326612522
112021.75794913464
106670.37626093994
104760.91182413588
107029.34975721284
125892.39304347635
136159.0151258789
102079.857341827
116105.57619082186
118938.97875771305
114169.79658880402
146807.10835772715
123989.35951332441
118710.21126281467
110485.74589173734
115860.31529836029
120732.56707950764
134114.97572518425
134866.88798297054
126634.39644001413
123692.09769099737
130908.59816362386
139072.48244162658
111289.65061996068
116690.6022277469
124703.51059581457
126058.86623543571
114488.60211779273
99404.149188398
107774.26362536728
106594.64208769659
120282.88850069811
99852.03155902987
114346.27879609479
124919.8421649885
128016.94419475445
105247.43434185018
110657.95501857866
122981.95650932982
115636.75323575371
130082.25187951628
122948.70035537428
133842.59580274837
121219.46408743311
129960.2641808236
123009.10228325149
118874.93401127006
121766.79377572915
121376.00519074257
123810.81762617124
108607.19139108369
112403.42101371607
128979.1333145123
128189.78863941816
119532.53936127314
