48503.4477476009
53166.32415377535
62563.47303017065
66402.23357721914
62075.33159881621
69090.4041063928
61851.55489623833
71413.7813527037
49761.91804454914
59148.97498401694
62222.043803547225
61679.91383663164
65775.98401312775
61701.78224883646
58085.41878624582
68425.2515033036
49736.93063016369
51712.901162398106
56893.61980371608
55133.804954146144
65308.2233669015
59434.62623816144
52721.5726366634
65585.715176559
62080.7691273273
54679.70638594467
57353.05774202823
67744.26544424066
59355.50535361612
57815.76142421955
44162.43368403512
66121.50396106788
61372.16655201703
66021.81234922695
46202.69359755062
52373.987750949236
59235.63577928955
54741.46015043029
71067.96475239571
64871.07003905023
61367.85493699086
52668.834254376125
56916.120559805786
57606.23113443044
65090.433305781524
64488.18668468964
64102.60084647311
73319.00934671704
60296.38352020653
58197.50531052921
65291.936027115466
49895.49272990454
57357.33040278289
61718.47096020145
52303.66038990986
63391.7971366729
69422.51970336752
54669.13643255637
59438.59356186603
71189.3571044139
66458.97876113869
60044.737361198444
67126.47783876672
55856.931171698176
62011.26699557676
71907.13852147403
46602.63590122459
57817.616381328946
66301.13104881856
56446.495181328515
61910.76552121229
62201.766169414586
