67278.31739519934
74992.04912368265
52971.71319709466
58190.089882690874
54305.192395151375
54548.545087431536
58828.051926782195
59035.32768502493
54079.15146133282
55249.67087193527
64392.65949265843
62140.612164057864
57315.36499462686
67012.36233287434
51397.61390068348
51068.0559421745
58559.60658951391
73195.50587867771
58580.7955415727
58478.83366432688
56754.30015569627
64906.65353801649
52307.35271723277
75780.64312838126
60760.10871222593
54208.23499674101
66458.48333540367
60087.435397926136
60417.857759603
60717.9754801775
70382.40733510643
56233.17412537677
54872.370181273145
59459.63142630638
69384.32878561848
60170.6142450753
60277.97415407219
62742.37870832649
56913.98560087615
58254.765322715364
63603.398868092176
61426.858524840805
58692.15454954741
55990.62874097386
61141.842058959824
58170.26539356061
66294.85708249621
61140.67370348876
56161.64487116557
43711.11142716841
62896.66388084538
55060.256663401335
65708.25113841814
56056.24685835259
62210.372526713916
51775.66907924335
63872.22041642225
60170.61257306653
65066.61691258724
64068.54566274827
48549.59162008977
71784.3246274174
51221.09956619879
55488.114296020365
65486.00879489566
51302.779573097025
61691.53877024831
62467.01833832297
63001.736111135855
61753.338856499875
62609.26130816035
65228.08317867574
