106362.57528493303
117540.50415117102
98199.96399083665
98174.70058802371
104592.24322763034
96124.73874363952
100507.5316617539
104644.77667727727
104093.02060621299
106829.77299444472
95504.52496303
99626.38167133978
106265.01990872298
109104.00636640903
97270.90248127899
115738.2193841792
104970.04000197859
90026.6329534174
112011.35655226093
111142.85608724193
109740.37929824913
114371.25134612464
121658.0038050717
98080.73589644945
106577.84465823579
90119.56235408029
130977.98111846924
103989.66215006655
101005.75410275297
96718.22648092279
108889.80512106665
109077.60412847818
115314.39320166345
91636.35161447
106534.04400464527
108230.2735653584
98267.76625718165
81478.7426345523
102097.29895340498
96860.88561803607
111971.09620298163
100459.44149244475
88893.67872756753
100878.00175546024
107827.19283237432
106860.19093767123
111985.12670327879
97073.33207323546
92412.60230342971
100485.60293335815
103005.42411278364
105242.45676603707
91375.76463665864
103490.76321391981
110072.37396814462
99482.80812929293
104431.9342064165
81617.5531548103
90852.10318475528
99179.04505155249
95378.61016864325
89594.6520963236
94815.74994187568
110883.52220283469
98239.5101951475
91239.81031802496
88192.55178322698
105311.79728562907
95275.37521445543
101869.65181960877
98717.03025211637
106171.06302814448
