31588.992219326305
34074.47033210174
25880.72567258113
30819.236526902332
30574.48020731553
33550.35726654481
32280.550906878623
35077.950477318045
32789.85230268991
33242.99033922065
26594.878305406073
27061.84787047667
30194.62110730474
30941.757279599376
29479.41987253666
36288.20149427009
34288.1590832058
30488.08850715793
26182.48861738535
34519.57899789969
29590.560964049502
26347.85924982119
27441.416110442897
29124.733118885855
33470.48338869268
30426.989908644868
30451.08931580377
29079.097731349368
27931.29343915884
21228.16459299129
34861.86086138342
28914.80194102136
26310.796422683714
27757.80955681546
28348.485661144103
31022.557677966608
27796.691961805842
29218.511296515117
29940.877363125062
29291.127640782808
26523.085320722636
33541.30276757257
35052.599306746095
27087.634437619166
27424.406730973787
31573.27843417409
31364.81267193822
30149.88004137692
25436.381993136045
30045.57643151503
31268.573054112763
29012.006899780194
38808.28415585242
26659.84791308005
30516.630354467947
38440.87814545623
33157.21179279995
31578.1641154677
30280.76316165857
32860.84274117598
32008.48704086654
30251.74513533468
25509.121708925508
29622.31232411096
28573.913101725688
28867.79755432515
33546.11054841987
28251.86615670894
32118.15485983385
30731.581201139434
34363.671977947415
31269.903279010683
