71293.3947976416
63403.30522817596
77070.27661644625
78337.93362956274
83289.70025677208
85066.52253608264
59474.90534393817
74234.75065027068
83022.04459864149
85631.03672323906
74122.74313177455
84116.02941400967
76139.9748410338
100067.02271437338
57602.01265575873
80850.37414134483
89305.60531585873
87280.7676974612
78265.70917388804
85422.3370816865
84196.14946144308
76208.55010847723
58152.36359327196
74770.71717809179
68903.63675633456
72055.36464831675
81578.70558057341
79632.84747820378
79733.2657940066
70894.35128623249
72841.81706324584
88600.99110181337
73866.99986327183
70077.98006271933
72037.58528494819
81928.21097497083
84649.66143689625
84625.64867316575
81682.05528518239
79039.72311141917
72407.64754173212
87842.14429598919
76133.59941400605
84376.26426083474
71769.02585672014
75595.66053001168
80296.63805141882
84270.36453741704
78595.51761665879
82485.19135297908
68337.27563019953
71912.089464909
69685.5852610672
84156.55097520078
78893.20127612003
84391.14366562568
77463.63661530618
78645.87215828245
80787.93362466586
89085.40942955096
77949.73224754597
81866.60622894898
91806.01153897932
78774.23837654588
72417.89978684316
82891.73384614573
81763.60428994082
78694.25808636453
83232.40005708091
81988.67176522425
77793.08846744611
71607.71254717954
