31799.01755997159
29153.495920507405
30052.011774570827
29826.427425839494
33920.885075794155
25514.7395317005
25932.955145760687
26282.75075689968
24934.491978200298
27284.621661226774
32718.101559454066
27908.959111709297
26179.550494982625
28905.416597716256
35005.42468107461
24009.72874451845
29788.675706215403
32010.134156430002
30811.07368648364
30987.82114558561
31920.657192952818
30069.914552167276
31336.45814571691
31917.246334873103
30119.399912891797
33127.638176583285
34366.1205660116
31865.255675689656
31649.326698858586
24685.329853307736
33071.82925913279
34380.10468645617
30259.51411046192
27111.02850045745
34022.09902577612
26236.091371441613
31565.847476809176
32473.469398248657
31877.32146123036
36158.15330413694
23322.852783280396
30552.765130551037
23236.511425634373
34580.657888519134
32356.97441535834
27594.477548481907
31664.569716872727
30307.980469845672
29795.809162165428
34099.4459545628
26640.1213238902
35638.094144184775
30828.001808531793
29123.08347267461
29891.751857867763
30245.828605898587
25938.393779762915
29127.041141057176
25121.762933984628
34881.79451733335
33318.31029250541
29131.440478767723
30434.064334156847
28968.45954226983
31705.549438647777
31676.3387613734
32551.455517253835
27067.109138054402
25878.783954579147
30764.76984434962
28941.043453224618
27979.940361859848
