31100.330640353954
25884.537033524037
29081.21205913944
31998.251364598036
32897.51750084924
29595.795771885245
34058.091208861086
25596.631346271446
35001.048079942775
25045.548764713218
33807.33847363025
34833.70356438261
27119.89579115889
35597.45231738939
34452.77923681283
32149.194854270296
25491.533598559727
31925.002394805215
29527.89182771663
33396.445134017806
28434.282908598652
28917.995083188445
29249.500738289156
31797.78966173148
28900.45826092525
32724.114305415478
26271.138389756707
34873.57427742051
28425.36448959417
29396.33109813808
30170.523766995637
28894.229925229738
30898.98018751399
31210.013529453285
30875.075528402038
34026.595561805494
27180.603950627894
30714.60904029792
31785.35864345822
29643.19392164959
31829.069874660603
25207.94385009963
27187.81308643064
29689.525421938917
34061.439667298066
25276.371455153858
29351.872007192655
31464.0454472275
27627.623076113778
36637.80650867281
27639.413690535093
29574.693498797962
32820.91864443028
28513.743666485138
29112.336280244283
33124.14131644498
28581.110929664464
31410.21751232197
26480.05704688956
29266.626557940202
26208.731469830458
31005.629624353158
27773.77635667033
29471.396975893455
26176.291225709705
28932.972927314833
24988.587899112434
26738.18437567691
31332.90854022647
32877.81674722914
31478.295937003306
24011.53710871399
