83112.6746654687
100580.47082708894
101929.58713766128
102906.49716421762
115054.30144745947
93452.18491016014
100585.59339521857
100380.41847343702
104579.19333952927
96418.83283938066
110483.52707664066
89644.20832568279
103851.54262643565
104533.51845981789
108211.53018730272
82480.95206157128
103154.34298515973
98557.18251282108
115413.29547358656
104464.7484845664
105798.85803784228
83194.8466715354
93543.64929784897
100422.60161702459
98354.03881628445
88940.4868849178
119532.84101790727
125590.3009924432
109528.73858489397
85096.24484499494
95049.78692204166
95198.16671712027
96891.14446661026
105153.18989623977
95261.43063366108
96839.69657276529
100047.62791540884
112494.55132145667
102119.93090401181
104419.41700082413
102425.87667525631
92029.43869406797
89411.18813321904
102275.87080938718
98432.864189146
110524.4020577015
99579.7682459547
111052.40346342788
100937.2971777222
97230.2422078077
85261.51629564133
108374.76676190466
102026.90300269326
116349.76562395236
100669.10735421776
93606.75830404137
91838.1199596863
94280.98871064685
104642.54745543031
99415.01414751382
112967.69045719295
98813.44845986307
92534.48661557751
109905.18981741577
94576.2150363162
92683.86232800453
86490.7468170743
92173.08684677411
117206.3349366471
96118.82405618613
116786.18277887865
81549.55553806236
