58489.798821358774
57606.98883241467
61034.26917969779
57021.95537943833
68021.19210467798
60362.89710605407
51526.189879917925
49790.681181243825
70058.15453351477
80507.59136881669
53474.36972846385
57253.31015733746
58611.11822681456
63378.63635261646
58371.02678088668
55792.19467890688
55711.084466748725
57313.272154748825
59402.15357018299
64801.4635721119
60698.97732518537
58376.931863174985
57165.90863634603
61171.70146641295
61407.46385878334
58658.017047267356
70979.0104141095
59510.99380222095
71353.56673544773
62265.55832614621
55712.77961676325
57951.70337566505
70422.64257678599
65701.4034518785
74667.067091858
64503.41401131718
59265.86981202285
66383.33919842858
71339.36501607449
44627.43195742147
52842.90904876709
54251.0103950998
56547.0748301941
62493.99134392213
62351.50065642032
67452.14222758937
62029.12567012405
51971.70967386234
50115.86224529994
54806.944093553095
64325.91149368514
53069.45588443006
58209.89801421469
62358.336552102555
59441.689805569426
56981.85262513707
61525.0229259741
56064.72045341117
52894.82637202997
66137.57779400841
51544.53122737944
49169.48309022902
61785.29256132201
64857.15921330423
55988.1939374295
54665.831669501116
46993.18100470845
57624.16221348375
62755.26622962462
61084.14957162778
66940.1423053439
60674.562872799084
