64115.70033617814
84645.04022799357
70335.75650506
86733.4327779767
74588.14605226093
98177.4520222422
78955.53151607688
69184.62593336696
73004.39200785219
89852.95797169744
66126.19304685334
84337.55494517699
79259.00232422882
70054.86157257984
73325.23643978976
66773.99399024385
77569.73149360852
83260.10496213063
87646.35616353617
70200.00184542354
78800.55149911594
83379.5995484647
71264.70708355882
86246.49234107918
87975.14459291931
80628.75976365841
90735.57308719361
80085.98324693159
94948.38181450457
84891.25727500743
88093.51966956609
76934.64436505707
77504.28341787611
81393.96451545574
86010.24271736536
76947.8445080974
63590.11972979514
88309.2477714023
95194.46740601395
62788.63619777706
84834.46030590584
71867.30328027812
85639.70183803888
76971.95666155922
94896.95757742517
78445.63328455933
83015.35828883783
74555.30854811196
85883.99430430365
71162.59966599836
88640.77301545803
69983.04804852177
82574.18728794981
83877.63252086553
70862.34076382044
78950.48684866875
79996.55752303803
74085.88065695723
90241.86734867566
78613.28197167048
77913.32163235388
76669.21904695213
90645.3077807282
73464.40421004823
86815.46135483736
86841.39284235018
82724.94278187482
77578.61878292084
94641.44488071305
92954.03887514009
72884.15392332718
90105.63325377271
