60667.18624308272
77290.19579517475
75336.75818750626
71773.79296964045
67226.40320759709
74173.3382975598
69310.46664123889
61024.797509503034
75709.13367569623
75945.7226387013
73025.19300888502
63234.47532738409
72250.54146853957
61032.784351169066
67592.16267202508
68150.10518737552
63608.00491332181
73125.94825281447
76034.68419074336
71264.78809222608
59602.45678422466
83900.75418185403
69161.88690799952
72302.73631741463
70391.53492650618
68790.16974452922
81432.44116944021
67738.17652011213
66162.19081927296
74843.85177552498
59464.852041011305
69771.04809866131
74826.53333005607
66463.00472008833
61004.50069043763
72418.69955718193
66696.7081852594
68118.1944054519
64019.42493191082
77660.77386948057
71548.93807949898
70815.29878835779
60737.75016409656
60972.88446212877
70751.26634959312
71394.76263412846
67713.86043144412
85542.29051390574
70775.01392701449
74754.30164553349
72676.96024460514
66809.25744240396
69747.01776229516
66151.9237592438
78945.95555622317
66756.38110397513
64426.616117492274
76518.28934800907
70222.38853265985
74705.1236895653
68197.79242257935
63347.117878917314
75283.04554388847
63622.46037460747
56647.49873307548
69085.28202194691
61953.19780584083
61997.94878235898
67694.06413300468
60401.7658737835
77384.8292887293
56028.75454275251
