71221.07868410298
79683.91536391412
78840.16280368278
77598.36592814585
82475.22262179416
81341.07326857284
78053.74105452707
86448.89919628158
69763.1292030487
89413.76600965863
77077.7603533359
68819.88567066418
84508.06799881885
68814.09642323418
79851.02840386875
67367.29553547704
80733.21885735997
92735.96197834708
82117.82264613021
69053.29940247363
83440.98415433595
87122.75618435617
75231.28469157995
72009.43074670133
79714.57662326295
75024.01193215078
68580.84107134616
63767.43127986764
72938.62466336835
74163.59624544973
84194.07190473934
76549.73689789411
85732.57723874523
79546.62831473816
92326.42816994865
79052.33111639443
67722.02877801492
72544.87645609389
73450.07497684317
84476.18507848974
62038.60847038089
71200.12154590298
72395.32916535015
103945.22285909858
91090.64238496647
82336.78568434727
77316.05884554348
69318.8400074308
87303.85760888035
84856.52305142034
69187.88135908543
77811.56011293508
72611.07450851581
81707.21997351313
70322.71256901254
85017.81996440422
83628.2420758946
67348.14471891511
77951.78615052784
75688.67530685817
77123.92608986214
74941.0361816728
81193.3786681827
84029.0462646127
80479.76755143718
71768.84584063853
71673.26111126447
77428.01293064789
76800.66256280839
86091.71207565277
72925.77404220094
76566.60102777883
