30758.07578673533
28893.2648742191
31761.487417599667
28533.181937716854
30456.46115122007
30395.960199244357
27892.971912540128
24769.816081470963
33753.166426433454
23862.58565767734
32516.950894817204
23514.66767037458
27391.49644648812
30863.441582247553
27826.456699572842
32853.94542031661
31870.6581857965
33190.96841158653
27648.516630315622
32306.20442125498
30011.559182624398
27744.709596470057
31091.36554495751
30240.845469843574
26102.239149851564
28567.518139349548
29573.761595361662
29215.745082529585
27827.12615698945
31691.982606242098
32024.29719782818
30433.79381523256
31281.452430314825
34608.274074257904
26795.448713969585
32720.369033823466
27106.878185875292
36277.07783416033
26080.370097372386
29423.927200236216
32615.25472793994
29810.45063877691
25247.13586964894
26656.609461949698
30104.371821746754
29408.74152005791
33415.10463901299
29471.48288875682
31210.404652889578
26470.80558389051
31030.4094839327
29138.204597503416
27828.607795550466
31324.026046783885
32493.73443315978
31405.5217586152
34610.43998249434
26781.183726207244
33572.311327506846
28352.39073414589
27477.17195312119
24844.60641264113
35786.42128690703
31235.20680395003
29024.22141569979
30917.722275418553
29852.37574953598
31748.21852673891
32193.554343530785
33028.94961708656
29290.927185805496
26996.1192644458
