29470.95311968212
31423.585969777458
31455.495748898917
32913.752557696134
31685.422375048616
31840.087412996287
29190.38439572309
31407.38554415388
23324.15334820313
30616.48454296246
32434.60201812735
28879.9331477696
29103.362123232102
29116.82668490224
28152.279111247637
31096.454057639545
28666.460951389305
26809.046094093555
25402.61286789048
30298.538594816153
30373.36801427296
35406.07806220556
33979.955910064564
36149.50859179836
29476.196012807406
29178.895187287908
24244.415523543787
32170.22231087078
28770.930322667075
33419.995205090774
32350.253982552484
30681.411389318637
32335.363115786597
25246.24587963312
30852.742930927205
26969.176047451187
28644.862016785435
26930.333687674203
33441.53557854591
31159.027653916142
30491.410293318353
30218.125644330263
31178.19621699702
31421.21519744825
34892.40650161643
25785.439628981643
31800.28563500218
28173.276626567058
30376.07099351946
32045.689525476842
33775.60783230034
26410.874494811313
27382.602603040843
28138.989764656944
29495.53889231421
30244.938533890752
30812.612470964075
29802.350497159776
23909.204422278388
29323.843830609163
30282.715345829893
31186.414743647787
31319.073466965106
30840.268258236665
31025.525323928996
28602.884516009595
27768.797843119486
30494.183594872058
28120.30432710146
31815.168860597172
25844.69883908674
28614.922224681093
