94541.64837886671
88976.99570570723
106334.04706337224
82375.06925953162
84354.85614857812
84007.88217983145
72963.47428193661
72808.32819366643
78454.70586526132
84181.36333886716
78702.80836307495
77336.72076341952
93727.43930418708
92090.0886213125
82036.80104401219
78510.1163534387
81885.87199768792
70216.71764574536
75608.09735303825
87854.46434180987
73402.76195066716
60625.02451506029
86150.8613946032
87541.37347541159
87737.88316665478
79186.02967742179
83632.521426703
71863.71890307621
84021.41915199642
88816.93508584493
66382.49930797204
93961.29183688687
84618.39385680284
77756.51132012431
94473.19441425298
72273.70703883901
77282.23307828902
75262.84044443081
73932.01912160484
80096.86118654834
84080.95317140002
74453.80793387604
80809.93645072615
84296.84310161289
85600.04387875769
83945.08017493095
93845.17876708141
80168.75554101155
78844.62273358565
84917.16017826261
93175.16002133288
83306.47081648927
74769.52118493151
66911.32593116928
85600.37826609291
80712.93569490043
68450.1078067303
83565.88346223278
78339.98671384716
66957.57694977224
65565.1591640001
72036.89116159764
93349.13142648574
66646.58779810272
76897.5198749117
80826.25507961001
89775.1166585585
58803.15839655233
71957.87463247046
71883.9110072489
77082.80280078891
78367.95521542235
