103679.62748536274
91086.02492012765
75036.87316989974
81337.0260821387
66403.14498349761
96279.84036566701
82006.98585397379
67049.42426870397
88793.38968835636
91292.94836647862
79790.331727827
84648.30847773523
84771.13634414364
96846.14951407122
76356.98878563795
82317.80457241426
78458.07930819072
78316.64577397164
88745.49805709015
75558.51718937235
63847.69536316755
87958.96495475766
66987.13658231848
71670.22603315364
82804.6180613254
74138.36362272191
80160.95979764643
79800.15475974868
72856.19868484316
79902.69064309297
64666.89781763616
79732.56707054141
79530.97208975021
64034.13860499459
75905.97216579043
79622.05116158811
79956.3903223495
71721.56202160724
74721.87506448153
76768.28636792813
87604.35409737293
86045.52150755968
80903.55628011582
81443.78821549405
82581.96589149066
71458.92886312032
80086.70661681036
77789.9026831702
70025.05885608478
69163.81024103786
75569.2026233254
85367.14582653476
79489.67437740519
83401.82277625092
80867.87644634528
86944.11612357476
74392.23348746466
87004.36360588857
72785.97736761847
83024.73420909475
69601.12084565157
80712.80407004876
78092.16214413712
82681.93839163143
81121.13241026741
80469.51477278705
87544.12888239339
84547.72781035077
73399.35427373706
82395.98330271705
70237.25701714381
69332.43650961845
