68410.19841305577
72594.17234871826
62141.0172034256
68881.79207491397
78583.33341275039
73241.76562378184
64129.51791879972
58821.46811030855
71553.0172934511
70535.81474140259
75011.56300030806
72659.03089243034
81864.93359282985
77536.3761351189
69158.42057156331
73537.35601163055
70514.06535774954
55341.19241069704
79658.0274549102
64492.205733102826
57923.18636874584
68504.08092613751
71654.21072442863
68492.78656863004
71109.2419793508
69535.91082323891
72423.2694652229
73844.84434445693
72766.85631255417
79793.3085612747
84249.07652250034
65720.43063602323
70576.79752596063
77593.17080467194
79015.14324667932
77321.45177299585
59666.08688697225
75712.1724088288
62909.973604264145
69210.6235232326
66419.73314189678
85357.74878449917
61666.82358434277
74510.31216178814
73740.25384287792
77916.78935902112
64387.06100407502
59192.00505320976
66464.7646530692
78206.81390320793
61967.1507114318
77573.8481963032
79957.79877665936
64608.57101931636
82703.2554812199
75354.17395521302
72294.23733528222
54160.83047223973
76845.20741100611
68166.37574344828
74555.66825935032
77616.37612119514
87433.32385677111
75588.12630725231
80467.97134606751
70342.13551709117
76321.39830968897
77404.0878696973
76087.79221857361
67815.18084274599
65659.38252708213
63236.443690920874
