56754.6056250923
60469.289613966794
66689.62726096637
49882.91950770608
59895.05901919669
55105.0328687786
55408.909929256486
63354.41067446171
59515.62856526687
60752.01104775961
63614.005958981776
55471.097494040056
58888.03406484777
70185.60910203953
52045.298130545954
61778.56719542198
48364.592735632206
62650.18773338821
62595.036218234556
56265.16706765319
61023.24065636678
61517.300828774234
57361.292243455966
48085.49042561763
61905.36773521866
64250.42898931403
56377.71670151564
71135.3727705778
52697.341782096984
53171.23086813676
59993.43425640003
63088.851308533835
49654.37987381695
59076.036176564034
63245.045065529186
62644.67982879185
56002.489007973585
64977.66895791981
61802.87301148907
70761.56464836832
66536.40207239774
55441.88432237962
61215.03555870354
57476.479052159244
52470.07532784516
50218.05524507434
63012.33642319441
52745.233073612806
63125.095969133
52657.03405030455
53958.40878781749
58841.52722508012
59013.72766810419
52200.7791159253
56504.33170495179
60225.850983158576
60731.749787121385
63515.0676815596
60990.11665416463
64456.17265905598
61350.983403763166
53435.095152379836
70833.5168471609
60054.32050449248
58733.95453822033
70478.01656448666
56912.91931540893
72305.548633544
62690.75370817446
61539.48366630187
65841.7293274488
61619.33651028798
