73147.43215103296
70451.79658290831
74670.72407034041
82856.53265870201
75222.10692042744
71580.22455299675
74764.53420496441
76421.15068314725
64074.29546539527
61029.88261735139
77202.66681218526
66975.64025817558
73285.78528951395
71449.34895554051
57702.96640775074
74087.67358878581
58943.9341923546
66155.48089145658
66907.04565422231
59627.66480343352
65971.77231354204
65175.086629192214
76080.44469514488
75930.12468345983
63482.010232690474
77755.0613121191
70194.03629492159
72840.71581983389
60825.185774604426
72361.00297386023
77378.02820842675
75471.36377769487
73971.02173118597
73320.26820323216
67491.87857890443
81863.89764582916
65854.97371987796
79242.68301135393
75135.66104025579
68728.12799543551
77542.11486212182
70897.45901941753
68600.53523835819
77741.81366205022
72509.63220057267
66354.90525847657
77570.21766540215
73495.44997615804
72450.52531511222
71263.62440537038
72829.38723939274
67832.80046244056
67891.77877300735
71063.40309370434
78066.47308579444
82385.98754610056
62095.585723407734
75102.644531859
75215.84578641056
78230.40236627722
67505.35679742914
70181.06443575663
83983.05045644783
63462.24748023414
69860.89119135907
64463.651413989224
64620.40681963692
71819.10157344365
72993.55336724427
66048.43069082883
64361.89677088885
69169.86967826945
