75885.42280446694
74858.0846074054
74085.04567686154
72735.63636953122
71612.37077944333
76821.69630977257
74986.33913582996
70366.6051701071
74392.40571415029
73594.22650448576
74584.7808682103
82063.3011194286
80770.4567842063
69521.18292703918
68553.89732593056
66996.95007738737
67411.69325922168
70506.79843452304
72735.99807004178
65123.57287282266
70260.63793515877
76454.44258161673
72051.80335655264
74973.47434122566
60269.590090544814
77320.82109348268
64160.58039147218
66642.33898221406
77024.62079883703
64564.004098289945
76749.94103286683
65694.27310697072
75835.82586764418
71457.56463349758
64023.976708060465
71410.37542692907
81444.24493118974
66667.70227348807
81108.72170341203
70845.29977764084
80212.4305899203
76364.45768141252
82112.50940022606
70667.43073496288
65962.25493816863
76869.25894641652
57084.04119826067
68649.82921098641
66047.76761991739
75982.6718900996
77854.42849498839
71260.41123531977
72916.06190249513
73757.99880191233
72486.33831338421
69573.4092777424
61741.120820183714
62194.52990513229
64409.88710154189
74511.19279912765
79733.67675730593
53351.51910386642
74126.8513703793
67079.1600674785
66577.08657004786
67984.4309310396
72337.04638767154
69978.72567703444
70864.51751921047
72318.0276125126
77027.88232789781
76126.24811620844
