98302.4593876628
91459.2567791283
100526.93029003423
94683.5548299932
95989.59239454946
96922.20431779472
111812.43494508548
99399.28639310559
101821.07799424935
114655.8459978374
94789.62313068817
97841.79113717952
94822.16579875501
124453.32801021897
110108.22255519532
121913.54374148686
98241.16580423924
87384.86526015254
112299.30658321748
95360.99946111719
108695.0978454911
94368.31421075962
102195.87388585019
114187.77289708915
94374.82648588024
93099.02758730165
109068.21607270627
111998.0702098262
92922.91326268295
101607.98272626621
94210.87142590359
127400.52666599331
100621.35200977644
106600.98252881394
90974.69918084326
106717.97884578013
93836.87355060104
102463.29708747168
115250.73415736118
104096.0865801312
89090.02165429454
95491.87619084094
86566.57174622203
88663.826287835
106563.45738719328
95338.94160763126
99880.22887934813
102771.71457167245
97111.62257127493
101057.12154336064
93097.16850391701
100565.48210481042
102299.42619316555
99740.99760676344
113495.95338519356
85773.31757625224
103874.2734626193
125104.40375698845
95104.50634610625
87269.77602954867
101852.41176641629
99398.90851439936
110294.25708455915
84612.73908174683
90764.14602772081
105541.47498778994
98364.78336074465
101087.02369518128
109235.02196669346
118051.93139668442
114228.56162645719
92093.21229558946
