82593.43354346216
98867.09745204558
99854.27079743014
98386.8221755899
117312.35342790467
92719.13471888611
92427.84155110852
108903.56398533977
89539.6824550056
108133.3121978233
89287.83016840577
87083.99048650918
104286.99123409651
102095.75500510026
87923.83860214805
97610.44455372679
119345.0015750372
109877.24522771846
97113.3436781834
87456.24736016733
93533.44691408113
96833.48061759085
103168.19855121277
116261.55112589902
99906.15653907787
110983.83222767763
105538.53550652102
103512.98115590362
115640.7330105035
102819.8574592372
113552.5356070829
103344.38668735282
90123.2301984069
100871.14607111613
91979.50514192827
112162.98392063861
106936.20104573494
116765.33909173889
82371.91259814687
113133.84341814157
110627.28478182624
101712.79923657324
111693.71109668542
100111.00472141002
101537.68534360525
118520.00593460353
80584.34773413635
113185.8904021686
114457.45938024767
98286.12792154752
94721.68843850764
103797.38337472058
108550.00337901499
108589.20348191039
118575.74673647733
116424.21002741647
109125.57911357537
112186.80694006471
106879.61434543032
89285.888765417
100659.0905165059
92634.04323071802
102816.55164248242
98409.9646550959
110182.44020620253
107752.74555949675
97293.0432639457
87947.5091328077
88503.07774838422
85329.38154866348
112309.73235644655
96232.96696111203
