28741.296387955113
29691.254745675484
28252.33957628886
31015.21205450465
28671.033992661527
26363.606749255352
28889.268472848184
35360.99173473368
27493.93909210629
29466.41644843811
27738.041540085214
32047.875786759992
29776.72242853457
32589.913466503258
31088.640067019758
27687.922594913707
30713.833105085632
30461.589553497743
33282.834033104395
24057.022579160202
34703.02337103568
27133.754469170522
28135.232020283675
28534.70819945528
30449.726098841038
29173.687628063177
24822.885852120035
31865.31220684447
28730.977295270437
33145.28403973604
27426.415158995773
29027.773855289935
23821.584130651838
27594.187925685914
32036.459318515976
28996.339350001224
32644.733028439616
25722.58127099729
28585.24514676143
26679.876324860998
31898.696380989066
29418.327017163374
32104.178780975413
29691.22486723547
33836.525859461326
26613.55376263053
28568.24646495337
30240.271491178453
28649.84238532138
28816.38814241763
30515.77507847367
28791.175336776396
30805.023422549802
27416.109765430476
24540.76559564922
28929.255040058262
28951.780529301108
25493.732202204916
31500.881375487814
29731.843944432123
34209.87364373496
26288.492600981514
30927.63060442262
29411.458427684483
27406.989825733337
32000.95378806873
28148.50839901781
28280.176645029936
29137.086545519982
32190.31291821118
30568.014575437173
26664.797689395364
