27392.593524501
31661.7022860044
25614.703791921962
24881.04638218878
23852.202146403208
28402.816160954164
33800.19066987761
31482.36506096935
27276.859701338366
26431.72434128769
34124.42869622446
28223.009238608076
31371.19539500527
29126.078776712042
27628.41363241061
27703.611486774305
33113.42872756159
29706.804643763153
27750.15243462159
32290.983016176247
22788.612313512735
31140.302790405025
30520.80139720617
30453.74617745745
28579.21164957036
29967.792789111318
28794.582633239013
29301.84779273261
29153.5863683826
26622.979829952106
32842.58086926232
27431.051140476447
29653.006605863065
25468.2165476428
30286.656826283557
30748.064444830423
32235.00317779285
30759.166458212996
22741.073382275958
26070.367943311994
27120.247178161775
24950.800791105474
35570.336272356624
28481.557986762815
34729.80084167629
33034.54980700539
32614.914213371936
25570.802046573324
33682.822612447766
28835.703004578296
26388.828417635013
34844.977938827105
33522.68243788772
32698.994023049476
34767.20562265214
32571.17953449779
27774.466814535794
30547.294070148
28456.310436410397
29411.67434956083
26029.35406225904
31839.80052293575
26245.108412363035
32325.490297797813
33734.990718766094
29818.12027124108
31713.80486674667
29121.40154881618
27580.077957847945
29223.00180498774
29303.971387197576
23826.752475045385
