61032.34345829269
50087.112536233566
48713.8583189572
44466.26479896264
52612.63022945207
63642.17215255916
59226.53717545812
41548.91541442544
65036.04098098894
61193.30382363382
51398.03133628042
62195.13911246406
57414.61806083601
59711.29000076625
65132.937717030116
57904.8931649648
62429.96796667466
66562.75325702477
59117.36390827748
63601.6209445559
46999.36719177965
65001.20509855504
61874.34968614468
77228.72026129157
53600.91443803827
55683.96256633223
55597.121229383294
60106.86257904461
64811.37709878449
58796.37685613595
69835.2902641796
50223.18503086657
47067.15350595175
52038.54661017494
59849.05066023864
60836.59106226435
68376.48230947042
63638.90137409207
65073.94259426594
53605.787857361756
56073.475211324454
57265.536845750554
69849.95824582811
53928.90653043261
70065.90065895913
57764.953511133106
60668.311714507625
56390.27962821866
67048.99096399978
54858.20835276046
63928.42184180392
66340.65269014121
64262.30835818751
63795.64497630433
49218.79473804326
58782.00345361068
65005.45999131545
62336.71653488169
59837.21065603985
55329.38000562938
64605.7597652137
61225.67483830987
57817.12503381876
59296.003205959605
57418.26311806827
61758.046623299895
61901.619459990005
62351.713257924646
53008.609339962255
59877.6129685984
53549.46912910917
54636.08344227484
