73563.8974872407
75367.80300858013
58749.98191688007
67084.11538576568
67372.73192687721
66110.21748265688
59934.21828143069
65634.06103318327
76687.87343885646
75412.15568574551
72136.11025568654
77230.02420263176
73496.71319554794
65471.662847416555
77459.80157567262
66330.84645242394
74504.828791016
70878.63038923395
59170.18520872517
62317.71323986838
64276.78553390777
71219.61572185246
66708.32447169747
60930.77565431865
65161.74786333697
69650.21378696055
70707.84592317385
69399.83552225019
73983.98054642107
71183.83570476183
74611.45375220948
70826.28471223239
57833.4422925734
71272.05152109294
83131.34787920909
77589.45990063992
63377.974236864
69799.18465000369
78867.66575653883
60779.214490896906
69639.61359829236
77202.23000184725
67954.47909433245
50926.01016495608
66385.14668847485
69656.7539815572
76438.30758345716
68428.29380164946
62091.76100448961
69635.61180687348
71616.31659236296
58073.3218005113
79324.2807043028
74168.93442209056
68113.12156937835
64629.00358259251
65432.011097192626
61318.228911287195
73327.96893562653
65876.8668442483
64738.133955690915
72445.3941023054
57133.785321747666
71267.27532649861
61749.80079483663
71879.1141800078
74380.85711868799
61558.60335137525
67937.8902832413
68389.26654389351
56461.95975986274
78584.42363507912
