64486.45650874331
73678.28689890582
63739.99310657307
84908.28270055667
73677.80565704111
82360.76274856068
64064.88862095918
80725.7378455495
64168.60960449789
80567.97089341376
69506.75249678225
75225.14648775387
58962.64645065585
79590.48840742795
58599.88834393264
61258.53988590043
72375.04950924647
69377.28202868342
62698.767389081375
74929.6259862139
60050.9746218038
59864.08860317609
83306.08401083661
67643.59355121505
53577.106019626466
57143.5260967914
77709.54703514169
61829.87444629226
71995.92478844378
58260.61336427346
74228.71388221289
64538.050201344304
72318.43669503555
79571.1690655966
75893.49582214223
68007.22337098687
79434.244922019
63876.238668349775
60302.53552470922
81076.50938725144
70870.7875706302
74949.72085873662
68584.79256954894
75747.73922716679
64305.209575991044
62902.96931280072
86811.35649229486
70293.66420429005
80347.35711524298
71594.24618491161
75177.32773785763
73598.87217179226
70184.5246470849
62179.18481947118
63533.024499599116
79640.27777330425
76934.55291238318
80867.50975665984
64256.038686370615
62922.69891839136
53113.23257447368
64306.256345007125
71058.85668899583
58729.254883050744
66155.25367693926
74233.28021233858
67246.79009991013
78297.09845315787
74668.7495137964
70092.83806187598
60912.705454328694
65661.6096598635
