124136.71039594889
117617.93417100313
134723.76175963882
104371.07742761182
119269.65361358813
102329.44746075993
108321.65006653867
127923.72062559312
119936.0792470477
110458.25944884939
116740.7422027686
140061.2637308293
129452.39366076438
113289.87303216296
100069.70360400312
102797.3776431657
113449.01552764805
120266.29670023287
135649.60918749566
112068.15460769125
107375.87095633084
107901.25847588053
149171.22746171025
126191.87757034163
135881.0558006884
136181.51643525285
119091.00016144101
104609.1652940499
127888.9272274571
115409.72663932013
104169.75053199334
117725.17748241684
113679.52247664903
129227.81556419295
124554.90733830853
116104.12362785362
121279.80987489532
93881.06887327674
120838.92132096845
130545.32694775454
117336.21965133859
111633.70570630331
121765.51463871308
125878.75492725725
134781.18225792103
116768.88656792177
125030.15177268822
122683.25961153086
125347.05428392022
100734.57927268457
118320.65470735826
107604.61645512402
97556.90202420733
124875.45236369061
102065.31804416628
116693.5885032861
122570.01946721056
112904.40100950863
118045.34070127172
113582.7442341561
108657.51729021595
91245.7741668104
126461.25975839196
112867.76056491879
125096.43651214283
98632.11164060119
116220.20112760845
121670.20001376099
118565.65309715166
113588.59351523961
108603.12781410228
121917.12116026657
