56948.4550579346
69563.23589942668
67171.87062570022
62729.62449504301
64236.70767434293
75015.72370707175
77264.95844123307
68750.66681178648
67751.448205798
66207.63252600869
69814.5766768964
79602.93911437428
71585.05892548844
61530.55460385756
77074.68619313833
64953.23945696304
91387.99921406762
65315.212326332265
71940.01051147866
67220.12803856848
66683.96627841066
69739.87277338962
64200.92875921633
68231.0727487207
74866.23351849131
69980.47985556266
74690.21882804591
74136.4923958239
58036.12707263773
76789.5608397079
69622.42529084554
77058.7200026176
75464.31095423985
77729.8231590636
71877.32660512145
64733.89932778848
73529.99627041515
68859.88121328944
68332.64696647903
67675.62671908321
54032.73993654881
71271.69870105038
77924.81539711094
68995.86224401639
69451.80564384734
65843.71420759104
68568.20731576526
67127.06765216756
84206.07483928025
75711.50193623199
73190.81697193276
69360.75509613827
60845.791413098035
75755.12569881996
70549.480619238
68997.42581261025
84717.85738828355
59723.30163686182
67648.35229182932
65126.55273142923
69309.48120368639
77356.16329126149
63911.90582941075
76440.63595287582
71035.86957794162
66634.72994916816
70174.53642586691
73376.56387599598
59713.078362346845
68029.57948571158
70003.15761065437
63472.678223224764
