110144.41660078813
118914.41055569968
130572.04658821718
122646.57918691415
114366.02295079945
134019.7001890436
138049.45886258784
138746.02554933334
123178.69698353128
131394.9096614245
135209.28815901236
120897.56558724648
113997.32013883554
115171.92679505919
109138.66744859934
124036.98354160383
136817.65451501124
144499.51290750413
116444.43826394508
140129.66438035754
116469.43463953664
107321.22262101588
104298.65262418643
114749.90470981762
105334.9508842588
118043.33133344869
118420.24963796283
133523.1453923654
138359.88138687893
106374.90222240383
110690.87128845433
127986.45995243725
151657.18668622166
125024.56171960892
118308.40246926917
107825.6882253664
111524.17597344365
127041.7694269411
149068.3771783141
116438.00486805421
110367.24882243728
115505.60077295991
119470.68919666247
115768.76680670584
120341.66500944953
130412.87540998337
110230.7948599006
118066.90426206267
97281.26647122299
97782.10530594179
122172.59154673066
123761.84026690882
102252.30581019243
111749.57459072256
110032.56347740756
101931.3057959528
138477.68765701476
129719.9841602966
146347.0435321405
127323.52812918082
121876.84721652488
134949.63825602934
121059.80623467437
127605.87069216612
104107.93486859534
103597.42849498033
123122.47109203944
147213.1734138316
117135.66258223273
114544.66494851244
125320.09511901632
119782.20308456541
