27067.361572501548
31883.415343394336
30715.68155892392
22596.60822883393
31914.463170594707
34174.33559858777
34332.46568683815
29138.85402437735
26634.09654347302
29774.849315996784
28872.854028034773
36193.66521317614
26212.96121954244
29707.931287110085
35696.604987842795
35829.99723173254
33167.7498751388
26130.423759039564
27739.82837561558
32268.1561219206
28286.882051243538
29371.104127351646
33672.69312686962
31839.660522059334
30729.57180462587
27456.06383798858
34059.38139994872
23197.75417873293
29467.316528396463
23847.51317831012
38902.259116226924
29031.12488162975
25791.194423209632
35911.2209295846
27735.089707571413
30977.05056521583
33119.089155225665
30853.82274208296
35000.017071280054
30558.54010589107
28117.269591119235
32829.38338500425
32469.8853130801
27816.4554676122
24734.65120307075
29923.536684084014
26756.3614852388
26967.666576661548
25996.977378755582
25629.296366254326
26303.62080045909
27483.28594055357
30695.90219585586
31227.410995215305
34305.31788042837
34790.304609406885
25375.810357353883
28758.43855263919
31405.273493494144
32183.693812875903
35270.03118515597
28328.93589913407
30584.04626267624
33054.444086380165
32391.634608875713
32898.891051643
27548.28151717376
29030.07039702394
27532.48949757261
28686.401401914965
30685.103596328692
29413.585373981165
