113052.8802331456
106605.5140819948
116794.4107599579
129716.5263996712
134846.99517268708
113830.05772895094
110590.0545551709
120952.2841819201
130131.11575078029
132099.08793028735
117881.78308164887
135691.75560729887
125922.5381080902
132086.28206098234
114889.22901475984
116970.04200646808
92988.35026059956
124226.49858018184
105284.01873192878
118096.72170644518
106376.05109330539
113217.73375425555
101864.51286196917
114052.78202976912
143927.57026921256
101155.49736315449
111243.19708433616
122560.3173748722
114282.87656179117
108816.63262325936
124599.20037706896
108673.37803906878
140811.20995935187
113306.61884686044
137704.15996133495
119256.42599400226
132145.91558405888
106100.98984076579
120300.50420042484
124879.18971639038
113053.05949626351
120317.63830736342
149843.86349142276
129905.01198914947
116639.53867611388
145720.0723900781
114731.45528131019
129141.37675243129
121759.12713619572
135319.00168634366
96121.04568526083
124344.73536858369
123895.4312538956
123119.13068537676
113104.67320887165
120703.1028721586
138218.97408690347
135749.1368185886
121101.12833714069
112854.4863483133
113056.2716406142
130253.61059752696
123224.89432213068
118365.87858294511
103962.60006727524
106961.49856244448
113366.51264131526
117949.76359452272
114383.09278448252
115044.25931797497
117543.65801384469
114732.19592040525
