130348.38054996631
132505.3298972657
122033.79355754505
131274.3387233975
111839.6479482597
120230.95832389045
123303.69818373637
107493.96603068485
113373.21949248912
106917.98418445137
129376.28316077113
101734.67800548903
125118.06739793207
112667.1105976394
133671.7350824634
89831.41397293693
134760.86186619956
109288.02863205377
112065.67468952353
128516.41097991868
119607.02666030484
124612.04848025179
144402.37984762999
126372.49432931382
125613.53730373274
121811.43553883344
113787.65349461348
125736.63957787158
134406.80498720563
144501.86127082695
157717.8305786233
116907.6473731521
124731.55165438056
133616.57596561918
128840.97100878115
133568.37091687502
114992.48089792534
127735.39994895057
120453.85141894507
126032.01197963211
114075.90606636034
108020.03137128736
130030.20259371509
103476.07864212967
115786.85832955789
121710.84751106187
114090.32830966148
126862.9808947008
111411.64278109783
132972.8941120299
116580.59430800537
96222.8328658055
133425.0768725989
112541.1379116945
129611.22587135572
124680.83786932769
118754.65529011193
131748.71672598275
141096.76597554548
108383.66627893415
108868.71813651876
134645.56509629264
128446.9800797855
105543.9360565341
125098.15309916167
136770.1138689798
105359.20306209392
102001.83052273697
123402.31635527553
115859.49096333279
130685.96923894265
121531.33715259236
