65246.07015516323
68150.49944287103
58756.048549991116
56977.86446262252
74818.85718099133
72866.47102402075
72082.24035491141
76842.42403186753
72117.56773459284
69663.5889157781
66140.5406743287
59446.28907129746
74124.79907981597
69718.25188340092
80682.62171518923
76758.58703704593
59643.3653898422
70003.39501614247
86046.72848909615
74638.4669421629
62452.317981230044
63677.63559298023
80409.4892227565
67558.73841753905
61147.93607099699
73659.82258763969
61491.14015996305
77420.30951777619
68363.73173730401
64683.84501992516
76685.04704277057
65724.20094024943
76809.81745753191
55596.246206439195
81635.80737323585
71145.92160736205
61778.13752105805
74287.43475262565
64459.88329909513
76125.45370518373
72474.85952259884
60741.786537511034
72317.82921570119
84138.58217792824
57796.146952901116
60906.06122906971
79729.23162994054
67953.25940217226
81825.84191776867
57711.20723451224
65869.43203732009
61878.344202426706
67890.7283632783
81088.61728438693
78049.39781256588
74205.71300534671
68328.86891446778
69661.0283890388
65904.27110232261
71025.68190568956
70287.61116530093
67910.50715242508
67295.95608667428
70244.54142945212
55827.85159252122
67915.54971152876
72648.12746819302
67909.81865350333
63770.60138794485
72581.43497712105
64305.50668869515
74578.9239307502
