80434.45609370564
85026.68633946907
101915.15338427128
90740.00460050683
75897.85290849193
79218.41560561671
91271.84014548174
70793.47689190415
75477.45678794052
92616.8773451902
88004.1348936944
87621.0256993888
86259.48108794492
83321.42376920547
76433.58404225232
73207.12080662708
92740.5725109035
76959.3816181744
84331.08487369328
70035.66921411012
71125.38138254592
71837.60172832251
86773.94274551506
68136.82629657713
89394.82033768896
75881.8481058579
82437.15696390145
87031.80207587696
67697.73276181665
89052.47409338916
74844.28209405883
97763.77148904931
76441.10317144547
69212.09040435455
89131.40757565026
85758.41675552091
83018.02583054491
87985.81302997503
72783.94768760064
73107.32558807363
84833.27698978515
82106.56172386534
71901.33700609265
86877.38793600313
88334.09683783646
94481.12698892808
71671.84330320376
84427.96565132849
77668.50434563147
68476.80323379856
87546.27483882527
75828.91698637525
89950.20439960848
78622.98812861627
81186.74647343747
84098.80557500591
63673.50045738106
84532.20567692304
77247.33940991586
83095.6484554378
94988.17113353123
76629.06057770019
80665.3207573626
71150.40176374168
84199.3246263671
71976.6572408043
100451.52952405415
76199.01034261538
64629.895720520726
92919.53252938818
73705.25044669276
73965.83323260205
