80882.05446970166
76844.57217282869
73411.19727720803
74716.13064195846
78727.02729318557
87127.35542870057
72203.59449136605
78777.3269656002
70986.21114327095
69909.60134865306
66713.00063738422
69569.28835410118
67282.36567847143
66931.04120351191
73506.57842299905
72872.83204643297
62224.97294856403
77510.13752930675
79452.12747176838
76711.63014735958
66940.02417205469
64740.45426548322
76561.33365306837
67048.1126934818
65766.0111194923
82067.641292152
65547.3637249748
70970.1422384555
62167.598898787364
76937.15964186961
73970.32227544258
72079.21042811299
75922.02812278128
58861.964574919504
67625.11628687964
76790.46100509287
70977.56921357114
71888.43789077109
87028.66720381807
66927.76868978224
67659.52483081286
69658.61181088755
68378.5311324688
67203.68850042524
78327.95079374396
73140.12862797012
66304.61744674169
65321.640721533746
74274.39244904635
73671.65674013531
83841.48737509776
68700.52327456145
64889.750460350595
75946.85229906546
53359.41072132744
91066.3994594297
62351.13253180608
73152.46839595406
67241.18503325013
70631.96225520628
66158.19607833114
70321.19349241468
71714.32392189393
53713.72138669202
73647.98649279017
64473.27889266678
64883.975894985786
74428.21505665306
72056.45084055769
68622.84728890737
61108.65738515028
78952.53881257722
