125247.38601335406
106553.33667846287
97740.70191600906
107610.10155813368
108235.02383234001
86358.453117101
82635.92854522965
93870.97175659843
100602.33748595124
97545.49231751106
110998.06026887138
89284.66490461526
103433.20465352142
93398.39861292907
93952.36693104316
104915.87445337059
92968.49306325054
117427.9623247414
96674.66354464965
99648.22037002773
86271.55861991257
90088.29305154715
118461.62664253965
99852.6035540645
87360.68425166719
109690.51404378432
105657.37064308744
105281.77347930538
101576.35153757266
100749.4695646711
91306.60796955388
86292.06149573233
98690.61527031782
107554.37672995143
101168.11513412232
104876.66242307308
85711.2071746005
98763.67259276786
118554.16395529099
93047.92639683903
106674.29605886237
107671.36393525338
116993.94651323125
82588.00437860549
107891.95918963794
117295.00256791367
104856.27295398324
87294.76919601455
97692.6735937456
109407.72946727897
77970.78890086939
111234.457719152
99883.27369871153
122655.74842174565
107504.00927756452
113920.97752515633
98661.25264106147
80535.5307725975
109768.7227592282
92519.53702935507
102574.80433149598
108816.30616035838
87615.36510301012
95247.28331035751
87793.80367120562
104044.53927320722
84250.62531515413
97324.02484767596
106946.18744567284
103758.41034351107
96982.73413309669
115288.87591494365
