127735.614461823
107279.22826768877
99187.37462339872
90171.61979786871
111537.13300986614
103276.33146852718
106844.67827552978
94891.44279847463
104446.31477820674
85098.51477356175
108945.63708472282
98150.12907889394
108420.37199575476
101255.70246324354
106515.09685407208
87614.90413094695
88133.63204018098
90463.97144754056
95937.65634623254
100571.92160705723
93688.76085125962
99356.40639578924
109012.86357964906
112336.78938355882
86001.65436219174
97225.16430988403
90865.5689852275
97670.13139276773
85940.7777858098
86196.09971847144
102607.8850077708
93854.33872306198
118937.29773553603
97205.64685616511
113012.90055210347
113890.6513257268
94594.63506962411
115235.0454103523
93915.58589441082
126268.76956199757
100168.00314797056
94506.47742591018
96370.25393509792
92893.74592506062
105530.46581345775
109275.83668444156
95379.80670606079
123868.75757764955
86677.2129170486
87683.65982220415
91468.89019973938
97128.04328948939
105710.28760574532
95123.97370206431
99209.71273073157
98188.40632047925
93366.03693096481
98559.7078280896
114675.5594568252
89115.53888849428
96001.99950588854
105289.15738247799
102974.99573532189
88715.43882886344
97675.82103880837
111848.0849927405
109722.64195748662
101917.79316678958
107053.65989932015
93562.66571924307
104764.00867944797
92325.38868459802
