68181.22327426697
59241.163321863794
53454.60990870197
49960.39728640973
60242.24569334029
56064.16202622698
50620.77285631579
56905.54157602955
60184.83019759057
70483.33488515702
63563.097398764854
45341.8778044079
73731.35148390391
63529.08599873089
61437.37424078382
47535.01258571419
57793.0529588504
58440.07341862285
56352.71457918692
58421.00655876632
57208.47566377959
53742.248104617516
53537.129817943765
58941.596080841315
53244.70765664524
65718.16220800728
62227.2494349194
55362.78062493564
65036.66737277724
53904.82826087398
60046.8025959745
62385.2634196565
68941.69702226545
55168.442797522315
64632.71790356199
62051.37311061717
67171.78632369386
60868.613533930606
60987.72267738229
53897.382753990605
71867.81570866054
57493.39300087329
68749.7457739137
63673.11765669583
48451.48089295331
56067.21966695492
67961.39106892973
60979.43807088263
49032.22892551273
62749.20370434263
67607.7135820038
63046.320841616165
50816.489072060394
62443.48109320991
60433.476456840275
57783.51713983342
55823.70703849265
70868.98251445354
60565.001070592574
71217.91438719776
73463.15027592616
56991.8807459802
60603.39383103448
55611.67394441585
59930.97529603369
48666.995786242536
58967.04789551885
59347.54091061107
53735.574588042036
56271.4540646359
69706.13918662166
62418.42793164877
