92448.5150737154
105377.256293681
103320.09912876623
102445.26050970746
87757.55023502145
99068.12782881173
86530.40072143453
109215.58129926343
105285.76221663202
103473.75788867948
93261.15202509797
110754.74070451061
91118.85404386352
102354.43234166894
102508.63899448894
101520.06925128814
88474.305607281
81428.5380735662
96769.46918183018
106184.3933273485
104918.38740952998
82679.64602266152
102776.01051777032
102967.18897935854
97636.29863073246
117563.54277355068
99544.92897147023
109258.98349197376
107094.04247868639
85476.760377212
99997.99828727749
97118.11265091908
102145.37428402295
109891.65225345093
116611.69011038229
92975.81468131155
107591.47900356143
93251.85953391819
92122.81185315875
84224.74056716012
95414.7469707384
103755.49321004153
95777.88611162636
88267.92439873051
96392.02774561626
99995.93820959992
100820.33576640241
98108.3248198805
97398.09094594451
94302.06880415621
96827.60161592317
94442.99323865164
112924.59543454136
88032.63606624771
113837.36445620647
99079.50135497509
81730.0337158659
121152.74791690876
116232.27678136554
93313.24582820968
93306.88590402216
115650.61431990986
81291.97895146822
108563.05902462106
118518.06108644773
88655.6017580829
84857.43341030792
75084.64688950492
97112.42453703607
83873.12108409473
99150.53585012404
97078.83902794433
