66638.27459743369
73335.29794843044
74902.96459138744
77006.20617668855
60375.00354254651
79196.59844384668
54741.35058726382
66809.0047545587
77223.93021739111
67735.64721022939
68848.05162252756
67179.96690775492
64828.06592765897
65442.460872674936
70937.3110410545
77801.18161454331
70323.43166698913
71979.32577771967
74943.33435820242
77599.72151348834
62423.44918053243
65858.15012691295
69100.37677576234
79241.99581302534
67544.46156209684
83577.93618452863
82879.38732512658
82844.23451798913
70656.01587423676
61243.29905305263
60674.21422757069
67088.1906300921
76656.90287380539
65875.80461075035
84032.09955776345
72083.8433167323
73084.40705856383
66923.67783634893
80794.7399162663
72302.02586445685
71161.7902709732
64050.08510591097
65584.70060801585
79594.7283446271
69233.75565965385
69106.31963877988
64970.10386852598
62520.05646286306
72169.70853842783
69324.06203687668
64837.974595374035
56304.91173992728
68849.8948022863
64305.99572153086
62585.63296511033
85842.08079936811
65760.1756312064
77035.89935635227
80491.85312604326
73109.6634832289
73355.22769840463
71990.06939994125
70881.00310881594
76409.23575319645
70237.64210855088
78383.05048879804
72673.02025619548
79709.2248702415
62889.38247294425
67868.35808341042
76851.37704965922
60173.1793775313
