87927.22229268787
81698.83842820054
89394.35249648274
118795.0614551905
96581.35642151363
117911.0250533776
96908.85909906159
93222.69192954233
99792.72811321654
100406.98990293853
79635.22365586826
72605.65283725825
95368.14966823069
126495.41238589122
102051.06781198073
108604.73608631574
98399.35961551387
94891.75357755365
112472.2108440683
80176.80338612216
99017.73331453632
92600.62080395468
101452.83715531322
99386.68198058003
87949.49682563441
105212.51494118282
88762.80599658618
107378.29241319481
115355.80286883049
124559.28161734209
112938.82214727467
98125.5616163246
106449.09435636405
95108.4046778332
100602.17726074904
96266.61716125296
100885.27650816237
98987.99095932406
130830.31913694048
102942.97541419513
88535.15842583653
95072.25406468041
86859.1862984778
108966.55440140083
119228.50010686739
108915.20997648714
93407.21836611375
116452.60515182649
101837.3986734528
96924.53009315503
92345.59392378545
96726.73193768502
92739.8692065703
96005.84872686949
111672.45085176674
92864.95989166146
112656.09735293298
96393.813849421
94023.88697665314
94691.04317733778
96758.29973341741
102292.83279809883
103269.25006417389
91164.25321008301
113893.92858088898
107899.91445080163
87262.40229486197
91625.22544398517
93624.2187938648
98984.84902768057
95465.54218062507
92224.99023560331
