113424.29360204292
83075.78937473983
102207.92329317563
88358.00287357229
88455.83503240386
84469.04752033725
112165.07544186602
94793.66038979393
106238.97487221155
98889.45187663865
89591.91504374809
94041.72165986821
93054.46684972354
104015.4311267467
100870.38844406042
97767.42175665562
103247.36333171953
112993.76309757281
109379.10119933392
90314.64083916972
97149.55689841729
96156.70884670706
85536.39649108199
99720.071731288
93128.88566760598
124157.04664941387
112164.97265426841
99259.28172942283
121369.44602346094
101296.38679386943
92169.80000592687
98237.17371278541
112538.43322099492
97809.36722749284
111551.62691204922
101605.32390046543
82618.16621807094
87586.65325770662
118111.62220805198
102054.70456364838
102545.3850941347
101985.46002750166
90666.16629977376
93860.41619603355
109183.30076941283
109987.53169056674
97240.94907053122
97461.88548340971
93232.40304168244
102579.32276708579
101173.83495315717
84671.09929467554
73226.92719845694
93564.68261024062
116067.36883060678
105616.85281170072
107850.21020323456
116143.31958108486
117841.09254988238
94343.40672494502
84066.54004657194
93556.41563024359
82433.54728894017
94529.59275819779
111081.59323798232
74029.51805292758
100821.92495992483
97831.5071110708
101575.61465551912
78319.05067200167
98492.38369453701
115373.86503102296
