31635.890827091327
26528.487950237457
31498.58552405371
29079.410829368415
27895.721203671055
35410.6763422804
32345.283019013572
31831.691983718672
25018.36033883772
34884.64959189513
31328.430264088132
34557.71605682878
28565.83708961078
29035.80461693359
30122.81945422267
32186.876882125584
30487.17414048298
33208.451669737784
31318.633658302795
25125.772840182024
32144.34731011033
32477.209061322435
35234.08337896631
30684.862643860182
31063.192766198907
28104.04847144112
25841.9776133817
27455.555242216546
27765.789654705382
27655.170340092078
33192.348627125524
29266.5676433729
33529.01363462758
30027.870423962657
28572.97036324655
27559.7354743272
26700.610474713834
31174.026784317313
29512.726119165054
31123.58976236103
29925.12010413552
31999.407884966284
28334.34660069523
31652.735646334368
28312.94136488805
30205.703720626923
26189.16732786354
28299.061693642037
26900.547175088624
27511.972987480513
29114.40669450299
30549.555578684976
28232.535280957687
26155.45497926834
30484.269097076754
32400.88209270937
26898.71851045075
28204.261575852222
28257.587389132263
29496.67864354027
31070.656805417802
26634.242093747438
28928.896749449745
29984.07410076799
30304.58346077602
29893.002644725228
28528.46647034736
26254.91924700056
27458.810535080396
31800.374463742322
30771.542047798866
33981.901351171204
