162958.07534160657
107870.67299091109
136037.1822892752
115150.91630391774
142288.09694350415
115749.34343242351
136767.20721231608
135143.17143767292
134980.82959780493
121040.61931705388
143185.98027481567
125470.5086547752
108184.66335962864
115384.02441222919
115204.74158719728
106817.96379259264
107704.86930612214
117997.57559046285
125763.75293875905
130006.33538121053
137828.0195295869
105747.38837365227
111728.72048194289
121645.32752324283
110333.35399655243
109920.32362871474
121707.98379345043
123895.35780909823
126241.63027189282
94387.4103354183
131262.3759544524
117654.90209172347
127913.1226659825
109393.9099098665
114554.94805552794
145802.35969376008
117494.92949930424
124560.48316421469
125447.06394153714
128926.70269764673
123098.35220897984
128852.10904931735
106676.02571931673
115451.30208695497
120987.9254958596
135369.50353161167
136826.12373781428
105510.46910811469
115631.95852832835
127795.609194096
123837.40807387559
108760.1191438979
104650.7904974886
111495.06178905282
121813.12098697068
132316.37832887523
114252.13756324713
96600.36391920452
111816.15323535676
128017.00508381161
134902.68155785362
122168.55462587386
123794.64956436334
94965.42336030825
143990.70753167628
121931.35319046034
139144.4227641671
124870.13851574773
116243.65649120518
132623.26275105224
109076.12578894779
108358.24443321137
