110824.23522269054
139824.33866482505
121877.51256133424
120785.1775490416
113535.699169434
126199.44865965415
124504.062048887
119743.38748063539
111848.05182434936
105315.62774881622
130020.76593844977
114539.7258538585
129053.47493996378
121184.98469490615
107548.49245391642
104738.62198781595
97262.80820647259
121431.02653512116
122090.19925156274
135870.04129351696
120577.29543804546
95128.48268387205
135269.9851336966
128944.20672418196
121344.31518406468
105789.399208868
122249.65302271816
141410.131744321
104855.5621241093
118708.60953157314
101702.03330635036
126690.11873121334
122923.51989796113
104973.93708568586
98224.5465822736
125032.900878862
116751.99174594955
120633.00547127388
119183.53857673449
103971.12064373521
101831.0683641499
123378.622230321
105114.98652028131
117063.298727177
101387.50117735709
109994.86708004781
117078.88578756718
137069.70135969756
132007.6502248208
139705.93487981718
109120.2373488676
115111.60611499408
109782.20407824618
116296.46759541535
145836.06349969265
131347.87534689868
131606.50138569635
109568.7434171139
138115.8291636554
154567.40701333884
96603.14140540644
156588.57571824366
130943.03763914763
133037.4220849871
107860.00627346244
107819.26275237573
115953.07515057172
132766.24422636724
130369.21819762196
106852.45992052619
118259.32351355307
118130.23003039397
