31869.640033056447
27333.709483919472
29531.957661263517
26954.196013548277
29865.3809070894
30442.545924267415
32813.479310127455
34238.82316454448
38167.5572631195
30006.961093589034
29372.970110658745
31095.708153686577
34223.296618024804
28425.453066279533
29771.994663622565
29620.02176883609
32086.91333321997
30280.022329244028
31325.15728342086
29147.82543224402
22975.44220546235
32366.434182104484
25599.93614233724
29494.775627945528
32752.550856334332
36010.81552920325
28659.639986293343
30875.761058601136
36625.070977330965
27750.084260531126
36985.029843004515
26459.94452186725
24424.948543481663
35736.633476674695
30460.84259994965
31437.93557841422
26957.111233915894
27332.60096700407
27984.91007299155
35669.57336702413
28835.566293948286
27055.342969394766
33403.9739930623
33273.08127338991
30207.675215175415
29499.410810813057
29647.541277861113
30609.58261355113
34168.31737650997
32964.303364097774
26803.136230985936
30045.312237367954
30509.27618241859
33520.38088019376
34672.71116000364
34145.30832536699
27512.629224883924
29405.828468508156
31031.578608659143
28406.392858349845
29393.04004123154
31325.40516511323
32127.14904898278
28593.823224440108
28182.48896432581
26938.95293488437
30191.8197575034
30041.26121789013
33496.19378723028
35517.248836952975
29094.946109547018
26109.491815404017
