121357.33794998631
95921.00800334998
142375.91889159134
126188.61969739085
136511.5782658656
113748.92684045348
112209.41903955712
127696.8912355931
133858.8670786812
124994.90891286102
117045.02888936333
106950.18902058128
116298.7575429277
114538.44816105164
129792.17708495591
105513.79924801437
137226.89798320708
102987.81727633926
111844.77532321807
129916.3873857159
109778.95342342388
119039.84007828968
125796.81381175002
126400.18854789094
147744.313547413
116870.57912243911
132934.5583874536
108177.35254973167
133139.254414794
113171.59151457295
122650.93918286845
113374.15851608792
137283.9957327635
115250.29268430178
113971.17783026968
104185.49848025611
147661.21346460917
105865.55668426161
116384.3748095782
132466.53362203288
127046.01550497116
143660.49099523126
109451.44351931619
132301.1191339406
119351.79421827504
108723.49363927395
123693.71642026765
96348.41220317724
123585.46347671976
119383.32116299018
113620.3200894656
108408.84981273348
107668.84983655596
126054.35330365882
131831.19008221262
109206.58035576684
133669.54261900828
108592.51286916768
121327.78652208515
136153.12034832363
120559.2113016124
132226.49495922797
123695.79368884397
117489.88713719702
118877.37028389901
159745.06563341894
111264.54512600573
131286.0355827779
139412.60177386238
118734.8460182658
119862.5296278066
113094.71014699497
