61825.67254414596
54291.29042228969
58268.85192352365
55117.66101950804
68971.0046976122
62396.31803842627
55968.763609649104
64713.668250812
65757.35761393752
64772.54144232405
58743.523221335636
66812.57851530393
41922.66151500238
58886.48148662951
64620.765373828515
59079.98290935814
61962.50934711916
67836.77785461121
64554.40997111393
64208.903792937424
57635.4749916219
64243.60051621177
54780.426108019696
60698.95625981359
50019.991560635346
54405.73626579928
62778.58917130616
56793.91213259479
56273.92746776802
54417.92434599203
63501.827925916135
69564.79507140929
62725.4310530715
54255.70555250478
64685.81284782659
64392.03776101104
60672.280450629514
56609.1759237915
67040.06431756052
61470.97227050975
65311.715884929465
71973.08278920977
55238.09977337355
52802.950286869185
61778.60454828881
66648.28189840683
60341.60035696807
52921.64331332012
52422.65747775462
57647.01231138079
68344.72703993479
52704.1976617416
62477.00888571957
57424.582272236454
65488.84624490933
64950.68949111884
73269.80575742654
45456.99721530156
59294.43896574103
45726.063558205344
62762.05481388513
60503.831580998216
57955.58373918707
69760.35393032871
61217.077816048666
67776.0198634631
53501.48835267036
56170.24493306772
56325.36492202749
57043.8626397182
59404.59820757892
60571.177389725795
