53291.24546101217
61572.933657723544
47725.13765860318
68780.80034832338
66050.62528760477
63889.82449921528
60581.14961211817
65770.30327418967
56384.08256832523
67187.65529663877
57733.796815379974
64974.37552929235
68589.06053028509
60538.78132596695
57827.488771144075
68168.8437529351
65986.40593466343
71891.23648351649
65114.79248935219
58434.3598027832
49770.38693228859
51987.20754871845
72368.37768942445
64084.374044000695
65056.827871656074
66804.13780919884
60733.3226688347
73377.66869262571
62079.59357112063
62903.675702543114
60068.81161849868
53144.03421673668
57184.760842177166
53713.994551575284
66560.98951246239
59077.50833230163
61796.53316699764
66642.52931783554
54578.302628620186
48457.29134562167
56885.91589552376
62882.97867609838
55564.195586071684
74094.4809185583
68660.59871181918
64172.34372640769
64016.958546022084
64275.04562025331
55634.35793299957
67170.33355142397
66694.89125435633
65959.07466210796
58486.968809908634
67320.35743701868
60620.76994795624
61654.23363800248
59960.83435961428
49109.491944220325
64470.361758520805
58312.88426811457
62668.15873845812
57274.36596827626
51325.55156230044
58507.062288872854
66579.71811389468
63860.97731415326
40731.92901779505
59935.276417931884
58223.38267959624
61001.74727482377
58705.79031147912
57697.85548344143
