100009.95002930626
113141.38270230342
93654.83962139093
89084.85669385105
97809.56928532445
93359.14022302724
93245.76020972573
98090.79330613666
116552.7695312516
103184.88549632457
94882.15640752902
115877.86514245157
85730.39445227258
107831.75029133521
96375.25963300542
74527.25294504676
125054.72104418711
101977.34853311664
104392.92547666164
109402.46129419724
102751.92676865506
85209.67576277906
102621.30252017622
97212.58371786318
87226.95067863926
97190.34425613857
104057.42610101996
103675.69808321523
114557.5429964415
85920.89806896426
93490.80864226754
95964.5370619308
111164.46634122133
109448.0911880842
87667.52508248396
71931.84199262613
112830.4726373807
108406.80874801207
110513.41336107452
100973.33565179327
119268.56684656069
117158.4273442986
84183.5635486793
109248.82597097692
103920.0833917673
111218.3000436716
117562.23225937257
87506.44802643424
101128.14528294241
109550.96742062611
113682.57215096607
111154.32051837746
91317.7923382501
107914.71975636619
110185.28922483766
91999.15243081588
97155.68519366985
100140.41268517102
94986.01131916324
104508.91172624975
92967.97903650314
106053.09856911431
88599.79114943522
92839.309940764
110261.24676569484
107902.81532182537
100302.04099820224
104880.59985110848
109757.2433458086
88622.06991422873
102492.821783709
98040.75282512057
