84247.08799809433
98457.94302829818
94719.25821089128
78234.53845145083
100456.67572988704
110465.42176115251
85373.40786937768
104551.97740155118
81026.31868237483
85792.93022409077
102317.20726880849
124607.04373904756
85844.5892460553
91198.61397583537
95963.45119119399
96154.90866456402
93402.13626152497
99280.37668565454
102806.88076006233
103482.09149143963
105606.3207272445
102025.38346616528
98026.33191574451
103361.76991582384
118696.72124954105
96973.24584048444
102752.23976526145
107144.31210980893
89945.72750773616
102768.86914380254
107811.11626799815
84923.54115804395
107804.76858129367
80346.1786409141
97871.52048295186
111187.28837992276
111188.19411421301
82809.10895341619
111267.02469552452
106381.05214566979
96359.18275048712
99506.19671566147
99737.02033721464
102776.54706821451
95996.0148924499
104316.4732803691
87751.88795211015
96584.50471788777
111461.36024418163
106540.82662490314
83226.68450796939
99831.71662980848
106088.91348796176
113561.46567836485
103468.48108405164
85600.06171064403
84870.01482131198
105565.82961750087
105703.92675882464
101919.54127712813
103137.33863531207
94982.407384693
98637.24372449983
100759.17701602877
80739.00267955866
114883.42800913313
110137.86171873499
81159.08873883735
98907.81582259489
104819.87594807133
84438.87207374301
112560.1107997796
