30433.573821679165
27753.389023861906
31188.925010295065
30227.472793124045
27721.451446934454
34198.30779062799
26729.688055580074
33606.750008425704
31159.448717714957
32235.7071362631
31928.941442564068
34019.0143754103
36199.99709443857
35182.504750752094
25579.437721787246
26090.84396588863
27684.19016233372
31479.166388214595
31123.501723460653
30488.629602901572
31812.986391060153
32183.912869119387
22173.083787942312
28065.621818773914
30074.015836441176
27549.985323570556
29775.553210588667
30669.52198107298
32245.204276803637
35286.31818752804
30309.030984252324
27628.73157704335
32617.185359200113
34398.21081702768
31501.1360395055
35095.52911943929
35508.64092163161
30029.689874580057
29970.335571800304
28882.663369040638
29104.723923449877
27742.80785782588
32619.1767583172
28512.691512342204
28167.8609174438
29958.49009224592
24700.021805492554
31032.293763489088
28631.276781412573
31673.40417478918
30914.23042912112
26580.274074049554
29714.361843161703
31799.138539843967
30801.347894806222
35416.742313612755
29281.401930445976
24753.28491008701
33793.80390646188
34665.50277054734
27250.31284338745
32055.27237611244
22734.247495678752
29460.046706323657
27833.68757582965
28510.825039130406
30619.032139368486
31502.18294100448
26243.986658464342
27097.185396293862
29996.12630400886
31616.333177880053
