32877.6986414745
31285.974042711285
28112.48568147768
27786.579323008154
28275.58868034626
30759.01801951759
29500.647053645665
28038.43902487022
27505.503025427788
29202.68736752132
34572.66149255213
31857.16646850225
27590.543848262012
28042.764870410298
34334.13695417639
29410.569558187
27926.024807847883
31161.197005397833
32036.689869839523
31307.80527447395
25070.344855111856
28954.205876287426
29179.06810938562
31228.603434962082
23503.16758430334
25634.44980392234
24222.94743238575
26512.663191502033
29668.163837239415
28448.617743974817
35512.258981522325
28746.990032301033
27794.9951102609
33307.868439616235
29217.517547236508
31528.32490457634
21823.163549549623
30259.810761448836
27960.563370252366
37465.569896078734
29648.83610639051
27702.203327911855
29462.095680225444
31562.102600294336
27486.26687100454
25989.221561660732
32806.3577100149
32455.225883771505
30891.079530830735
31230.61460160779
31246.34572975137
33074.65686325935
28532.49488171507
33148.033125922215
26388.35295871458
27704.776071930428
30069.12964977357
27061.159294029243
28534.770512216965
29425.206934090842
28132.480850782533
32941.409479396774
26812.704650671138
24673.393870116615
32302.38090173662
36708.26037048764
32109.518453393044
30769.200050888325
30632.850893721585
29958.837072615857
30512.535036514342
30161.76774494725
