88543.09478110497
83724.60827668577
86346.38518385256
76495.85015458563
88873.17666120135
76505.33904449789
79150.98158756041
71993.04102190846
77417.78965023434
74874.02843189929
82183.64498340852
86916.41696445653
85650.29930251537
75489.44198385936
71213.6030421861
84152.37697395714
70274.07845899946
79829.21515655969
84562.21734475732
86080.03734929292
79892.15527692837
80628.99753624444
87329.17157370552
86532.57631863319
90725.41933009554
77722.23964245469
75616.5559116418
79621.89724553161
85800.2934303087
94987.4986030769
94800.50690500259
91433.22718132944
85169.87384444011
83184.93268605981
75736.509216324
71208.43090799684
69134.4394479188
91242.54701966699
76511.1524852696
85258.90918420501
85297.9066875862
75428.04469499135
87899.5139051406
71738.89526384854
92676.41794955879
78658.18903189606
78727.53404826789
86455.1990697789
81626.18129395222
87496.55647837489
78292.33968348487
73264.28456200371
83586.78987352636
79234.66478279965
88132.58509462551
83908.86704198996
64572.50787207121
61138.695596933656
73982.83502919239
62948.73689105202
81446.94393464382
88128.46440805196
70281.53906472166
72190.51233063915
93507.80796178064
79062.45047366145
82984.44297406828
86548.19956989538
93647.65122942791
88731.009037498
90437.656302861
77144.64885584594
