64854.06790976133
84418.59478981454
67562.51143300351
78640.27637216648
74022.31146377046
73790.06142461416
62300.5492207418
74646.86327064625
73363.38698035027
69479.75394689511
79186.40825612396
68709.35936937509
52995.06004133273
61241.97515102127
72415.90385479019
57218.06441168751
58582.059942969034
59501.32711753226
72656.92161864774
81336.79802966933
74858.052537685
71859.87731833952
77894.6191047238
84946.87521695963
60821.50869125813
60872.32512071378
66028.35281555075
75302.36297712455
67119.79906097366
67435.53065265362
69829.9409742859
72433.6563920554
73524.0567317493
66569.5144810078
79865.78786568306
71335.54566802797
72451.37051730923
61575.02510498953
69674.76112731535
62570.23431341447
74196.38178080056
73971.32280660357
69315.64862573362
70246.82181893973
64820.62128521488
61935.053953006725
66977.55620469095
76117.67548375895
61331.079375916415
71753.34319984858
68914.919001661
71882.04921531485
64104.46121642098
67185.59714487521
68609.06739588354
70041.85301013473
75906.99829784044
61501.01547086515
67159.51687229138
59081.523166038925
78235.67462100252
81812.42403339772
56116.81499473653
75432.32174764304
63655.8222575092
73062.46604083727
64589.212354943775
69315.24075770745
71559.24698800621
60248.902157969525
71720.38903391911
65817.02729051652
