74519.34532509741
72864.20194187487
69301.58644368478
66248.27136329279
73138.83728544199
70046.86578169618
72087.96400885917
75875.43776273106
66307.7787974893
65416.5252825622
55014.156489261106
81346.19790566013
72005.09125592803
62866.08811119401
71498.07131185159
78297.52649318901
66619.45439697706
54999.44391642752
91805.38401905194
70112.30371675464
83588.25827045548
69115.31175020579
77329.68271832216
76402.14533132866
69825.25398805135
65271.407436550144
69092.81218379724
68244.52074333346
71983.99540663396
67795.94804749328
74658.72001101934
70786.19004483931
73987.69947245743
71694.97088341843
87134.67975786811
64415.451846173
75620.07976944325
78710.0631292907
85884.7441224392
69509.82044639635
78295.92184491016
66908.18658956513
81426.97471349075
72654.06636279826
63534.35606385067
78325.1970479342
73823.86467548838
89905.09801446478
57719.206476798965
73675.73146619946
82028.15772102258
52468.241190725224
62518.04605738921
85302.81248409717
62867.5014788938
80817.3039407207
64086.1916104468
69460.83663401856
70138.46326850756
63597.7701271219
65383.40959213286
62522.60914797117
77346.0065161237
67113.66796584883
78155.77919753082
80709.40845901096
64122.355004039666
67570.16287063228
57865.18198008639
77225.32846001428
62686.11229627181
58993.468198358554
