61253.639138045866
60610.84852736669
63840.183186803566
53266.975865561864
55051.63083509231
52123.9448868944
49515.25002476717
53648.62792096956
63234.25190460599
60031.449291908175
67038.95569361554
52703.20995737541
59764.592465961454
55503.64553059109
61000.31085353431
65794.00476645894
60799.25611259943
68114.7500329725
66234.41199962
45043.84671145384
62794.206631069464
49180.961037051835
72218.89264568088
59617.729301813466
50531.23737706056
53041.826290036595
57714.106196756
62702.22257055814
63753.98307432977
59623.15518364447
51765.46284057508
57888.60405170521
66604.83634751654
49272.6517423528
47026.61650390313
66105.668110603
61480.31104938542
62123.623540062385
67314.79009894538
52679.16559541295
56045.03576080371
58997.978560391486
75204.17998077316
52494.94940618983
60114.10112586535
60893.48536883743
51193.5578474318
62520.138705425656
50004.36448285623
64778.436163270504
62338.781269055056
72959.15352692489
60119.34483893327
61283.00380855789
62235.87505013206
67584.9427525698
71626.18442031521
55028.976981581196
63923.40868649259
56133.575358160786
59551.93049825576
65266.4887379853
58891.808381507086
64688.78745114115
52510.238796693484
64022.25820823459
51452.01515284155
63650.89818844502
60660.05804575392
59891.21952058911
54130.64900029853
66952.47684899803
