67399.03503213017
67442.81562572354
59974.72684129438
76385.30333801724
70982.4294877365
66264.27369131638
62068.442264456906
68247.38723521665
64222.06467988848
67059.80896611058
76234.77922195214
77426.59302625134
65824.09768419719
60528.15015867468
74397.74846392247
75793.44086558379
74510.37507388892
71968.98560935911
72460.23888357393
61074.360951754046
67205.07389867138
80979.66458505383
84637.4763506432
67870.77554708406
64931.84204625187
57750.03647555964
60549.608426478575
76794.18388770314
79806.97275791813
87948.45259816265
77514.17891323498
64728.03964478542
67770.78969438806
73978.82529232207
60275.09789930131
73208.10132584628
72619.57877227574
73430.28220282446
76635.4510091677
89121.15713818702
83579.27075421765
71867.1660263421
77601.2002571562
84423.09143825847
70185.29182291917
70859.11428360232
71679.07384086939
72616.24501035687
71611.43340454203
76881.2108148468
77797.0152721485
75779.2310725735
66814.4738484894
70641.85981760439
76827.3619604004
82014.52026313923
83566.03334138806
73909.35819853829
76767.05560609547
81574.53885092167
69795.21562516554
74747.13166879155
58773.073721374414
56870.929224139676
71325.2267918332
79141.56854435825
73279.15286410859
68277.71153554697
59303.34649974129
75716.02200022734
67080.65528617636
67577.23547409123
