69727.22234798518
82520.08481576735
69793.31849174996
55239.02553069908
61653.73055420166
75155.68588426153
83687.98788658773
68479.11734805272
71221.33186339526
62169.742897915174
77480.40830954295
71405.20168776627
73906.0951786166
66378.41608320986
60632.193443824115
72123.51908830728
61389.5827332183
65561.84932701869
69520.48350963005
52593.524922049866
65849.92716117359
72885.0289692545
65543.01659981122
72210.3194817332
65296.9588076663
59175.43232589319
83192.09244565906
74598.70629448304
59809.04655956833
76891.9507209539
65995.04762678858
65665.61944752166
70321.07604328316
72588.77158319982
71702.7314033808
79852.52270194025
64075.66401435023
75184.52713796172
62684.57276688762
73284.69703620113
76385.73349698007
68044.70816587796
73171.96570095269
75700.68783227717
79227.01802572607
63172.44903112011
70969.41661143501
69541.0568984562
77796.88458888781
65166.92967320878
78819.82437182481
61645.501943702264
68542.74726440033
85199.85470289737
73789.32868833168
76401.08037143173
70182.30132361306
75642.60523492369
78301.32961421186
75584.70250888325
67867.71243527751
73211.31667630137
69679.49421803445
69621.03435476827
63613.110141697936
77056.53840470867
65060.60737756375
62305.12704045912
76407.65362266544
70740.372218908
73660.01929370467
74380.2692973436
