27741.21708461714
28986.42436438378
30063.363360003907
34664.6403651128
29593.96866871234
28524.952964533146
30630.420815761023
28229.859730990625
24861.314120172457
26261.76337468183
28441.710334842825
30915.870757930905
27759.49873517646
28468.773254502063
28132.229863156997
35560.79283780389
27542.591665747106
31644.93842524861
32783.585274122306
33808.0824804159
25312.654981542844
27766.82604133253
37166.23355175602
26053.84214001384
30035.55053629854
29576.683177284718
25715.41993728524
33954.150301689435
31833.7541254563
31436.06440127081
32874.11258801997
30970.633164289753
27903.83529142277
28394.802758939157
29076.788540154193
31640.86057529565
30693.57029366363
34779.310834099444
25347.459166916415
31737.547518372954
25410.91007202253
31558.146760168886
33633.96315397807
32574.636822229048
31008.185755586514
37625.07887941259
27559.065563306816
29433.67887618178
30720.776218069288
33950.978592919666
25803.43734483212
29442.622362627037
27104.281566331927
31111.53168968908
29663.622318134505
27571.61585722581
29515.03148187045
30517.474781126817
30559.712262510144
31382.20476468637
29460.10505323143
26171.198072216976
24922.88133867695
28435.387769395187
29609.05672607591
31928.962699343745
28168.149422166174
28484.491639091862
31526.27079853327
33561.42333622579
30385.9149740184
30402.83025285744
