69190.38481186822
59142.6686231664
46776.01904754974
61310.26337411128
58569.88503316129
63867.499059184396
55029.3824990186
47202.545280450715
65529.10763795211
61830.855719578314
55501.02718013855
64391.76359594482
72066.97874237644
61736.89437582054
50426.631073971046
67008.16129790572
48248.878837757664
62430.40475612108
66780.03384621676
62930.929360674934
61073.51844517396
59943.976569466206
57314.20029657229
58262.369220027715
59522.1366808456
54078.085762426344
62697.42898347921
70252.65497436028
59259.676347737855
50962.85612016273
66624.02196761075
58997.52875387552
63869.991468749584
67842.90936517909
62761.11861889847
47193.6400529112
59685.921423049585
60562.48606019719
70560.76242435639
63012.94954834475
64305.20656806339
56407.865023607636
58606.823056681955
58758.19787767108
70986.22492828086
57850.40520373398
62514.03346765694
61389.380700740185
53958.454718797715
44613.78249388724
53931.888155594796
59233.873274000114
56478.68575843277
48284.32207868901
63973.30332761778
63573.68136109923
59643.53668885762
65873.29935655216
64403.64400434949
61864.63159192894
58790.981460743875
68138.15204322821
65552.13208477956
70306.52718571536
58660.73846322507
52996.83644815306
63619.48919839832
49606.60691449931
56585.55876541312
60567.887755510405
58901.15112296786
56015.80146775912
