34307.2119238834
30669.355074089624
32760.333932608068
26098.31667631897
25874.09189689451
31101.04537881483
23863.073378000227
32620.820272479537
25899.750222253442
26532.515028230013
27117.59628435647
22853.553325092947
27394.285848718184
37644.84731716038
33597.79012606543
27313.55566536567
28462.378096267414
32623.716996145766
30020.3302595307
22852.355271683304
33106.79866755721
32817.83672739089
28818.331140884024
28396.92236092328
30147.7751963694
30914.574289577846
31784.70868585559
29683.354371133897
27250.094586065883
26632.925124689085
32374.52547557177
26583.440821687498
29092.782223836006
28576.45667560606
33450.707769524626
29458.174759620557
32624.871290017698
24011.227348810247
29262.510045803552
29213.142393671373
28278.792105279856
33013.39405475095
31698.67994625799
26068.945245865565
27041.874972428002
33819.51318946802
29306.355234609415
31599.569868089067
32001.514197548167
32984.843992705704
30109.521483785637
31531.99550639328
29009.730919614685
29897.080783268182
29196.701109285437
29693.434140059184
31760.173086355742
31210.832143114607
30020.094231032715
23778.34314713933
31029.47727558632
30541.919812309712
33419.06491528332
27743.310678806265
30911.9066881651
30624.01360454719
30784.994775727573
30878.416611203324
27345.744231788984
33042.21886513216
30881.855833252757
33921.20622064594
