73089.85656036607
85118.74560499872
84056.66615235523
74409.46523869525
83774.547085065
66830.15338049167
82894.96151353934
81773.26907188824
83452.29952095104
78907.20315870826
80746.03088505393
80779.65821451406
85239.70577818234
83401.84398935054
92181.26507141252
81023.1121141259
83403.4795014972
83446.39820830488
82018.37436041531
87801.04345560966
89379.59021679548
75239.61985688058
88146.34092995155
83793.89628131579
64867.06730073905
81982.30522909078
75451.162669956
84753.05934148736
76725.93392308035
93611.43793419235
91344.70404503107
91289.99549990353
77641.33139589663
81152.95583163999
97392.705100286
65327.11721042286
79990.39728068885
87709.52440372464
81897.93399551242
84309.09801538826
75748.8882222581
74039.7631188439
87607.90125742511
64896.08435569556
78952.45335315634
82028.96871782445
72605.48084768318
72984.18182129935
80016.13661920598
71622.68403368567
71442.40538371468
79444.63453081046
98762.92535584596
91918.09296493093
77762.42839712826
87424.72288014284
76439.90507667486
80008.30186377873
79232.12835190655
80139.09406966371
87102.49461554139
80723.2312773768
76081.045034067
84318.8806563911
57109.88303896899
70365.93674269716
83867.80545000825
71972.64083021197
89995.14307947783
73217.19737332
86048.66681075314
74623.2305002927
