63544.128799557715
76022.57405548835
85805.5655233061
82321.54781214001
62604.84125856749
87178.11433387364
70562.8410871007
98140.12274244674
73306.09378678087
74865.05520666855
82807.33345349574
72401.07495957612
79649.9922008048
91338.69541281399
75058.11680253998
93514.69632316583
76769.9336002354
86655.35789498064
73348.75261325798
68883.35922695143
72744.74138551585
78707.61241839435
89498.69662275468
83584.50253662367
87694.64845100685
78711.3680623384
78698.67806787392
95359.30810740586
90629.02590628334
72876.30374952144
69676.08148533144
71647.59159303151
73482.03973796776
78309.97518179845
71124.70743033252
88430.00197401558
81079.51431238565
81832.43801026215
72502.79830635217
87412.76790596402
74464.61685757773
89295.81630477506
73702.56427927071
85092.66515761858
81499.8823566627
84153.73602033242
71897.00328632939
78380.01953049825
82233.27105839584
81107.61841040233
81207.9797629816
76221.27340064335
78997.65174842757
74067.31306462259
72435.57977004009
84074.6082385142
82565.89988129273
85584.87644277563
68874.48307800837
67718.94066380257
76323.0312267843
65124.91703148111
85375.9985394321
76185.5688707527
77406.85960523368
89737.20178024417
101949.57725044951
83107.11677788156
84969.11853073118
70504.16781694851
71002.9201606452
75566.08685952089
