79304.57423462797
83355.88675169554
75567.05062238405
95693.6706051701
79657.11697294826
70429.69765924755
85141.99924623118
69077.98072453348
80722.11094527562
69072.62221658653
79309.76109573303
82298.66460157269
73325.81206892416
77881.0124911989
81269.92671156481
78540.05261609849
85983.88467764901
88855.39854145145
89811.01511379505
75791.8946055575
69325.64025278995
70615.61563537984
76450.02606935409
61473.53464911843
86276.53432060727
93284.1219654421
77282.20078370269
88184.08429931277
82129.25440937075
85336.49215953072
75523.36458611513
79712.93683361978
95608.7528015454
76812.35893419605
72987.06247825756
72595.92466046965
71111.2352544503
80545.85282316005
77098.9466888101
87559.20568681332
87016.38494138619
85351.57368359769
78162.99483889255
72307.57076979929
90494.83771184432
82216.6671298689
72273.03136432263
71196.61684788064
83317.38355941437
78478.2446773873
83162.72038423842
96219.44190158928
66442.1412452882
71722.18658043852
94715.09119964391
81916.73586848131
62548.02921090424
68743.21607545996
82508.48784293784
87194.5091874205
82113.118663731
73799.94903298919
80425.54528176208
73019.24500763293
93317.53563275319
76743.73605878506
69709.28034435204
76465.74541951457
61886.25782213512
55209.33088357447
78475.2660561384
83941.33579262
