24479.29106265679
29716.628821369075
25528.978297488236
28738.913729735115
32391.27798753263
28354.246299762166
26833.052104811748
29854.58467128314
28868.73388808658
25087.309110182832
28501.734923232507
31771.29016238749
28683.070016134156
37556.40413843035
27237.323670302252
30860.617465965603
24065.245961539644
30204.398582954214
31537.51062347264
33487.41526751713
27783.77101717283
29559.79039834331
32424.902035295032
29357.196716978706
30362.267641266775
28469.6630959803
28009.92421187272
33025.92224470916
31461.08752745884
26956.462033216074
32176.12694895402
28970.113247586472
27106.81102657875
25053.674577999078
30132.701174845617
28721.588760152026
27716.546380425865
30904.320816048752
27427.458104621444
28244.95219354557
31801.030277875136
28711.50049574294
30827.240639358275
30796.41303257699
37668.27100286693
29310.948050739928
30781.47995958469
30458.00698519165
27026.27006858929
29617.880908227104
29412.094399002348
35149.66888985697
29327.243057224896
29473.902676601367
26574.946022229276
26297.34411556405
28828.61975388611
27453.79632628971
31004.48606812257
32155.505575001738
28427.519973606642
30297.157003333374
30091.26115754945
35320.28697041262
25093.65750844927
31476.533177656
28181.898921069384
26161.863667111847
34205.492248757255
30637.101377347466
19330.24340576989
28191.38133847483
