32040.487285891584
26679.161899361126
29294.418142257462
27645.989318917156
27142.921926433944
30053.68465595635
30086.122015635025
24543.53830536321
29717.613047895156
34516.89313717832
29861.050673296522
30514.890075613
28576.313460904792
28928.507678514678
31800.54215334136
27744.416224000273
27542.478314096366
30155.551017024685
31089.754348579147
27781.769801894512
31186.747095931194
33580.32826217003
27052.893347883695
30629.429684651197
29174.447187074245
32110.661461154636
26829.643682291022
30878.474281325376
29450.286195756817
30516.138478971305
25233.690880949733
33945.9442767122
28244.536652774754
27839.43455167495
34429.39686618465
34332.114457433396
32690.629048402905
23179.621699044175
32643.137923621194
30129.09325809366
30057.77763769683
30020.436202452478
26558.563885931977
32675.139603476186
32402.79226974202
29667.530614162966
29201.413413658025
30493.414812309795
27835.214302924862
29131.36247584391
27942.282034255084
32011.897023436675
29048.13887503173
33768.186393613476
32913.73440978537
26452.162752091463
31979.614866451815
29204.302173511558
29794.82022150592
24878.730896257683
32912.791990324025
26789.290671550072
25159.54690516907
25321.51548196216
29212.98846771248
28205.336821621047
30662.009057676056
27269.215407093874
28112.008989833677
30897.478666709983
31059.826895091344
31571.105969905624
