74176.88051709246
55423.569429935545
57640.99001775546
58118.136351041685
60046.2598287965
57720.164799054095
60170.25656748204
60894.9935462504
63974.58965496623
59590.002436515984
64470.75685259598
51556.89740021802
68015.4751500272
59437.30897618834
56323.50990795204
54309.73843307783
69619.79581684992
59532.87753675818
65798.5618199553
56201.978555292
59305.741338354565
46828.33182078558
61151.48113314266
60141.61328995409
69529.32320459092
66716.07568393156
54960.46171182483
64029.86219701995
55876.86153694336
59295.19159734319
57729.96490381956
70867.18924164238
57224.29811794491
71281.90488645033
58623.06160140068
63297.67471002556
58633.554223270025
55232.85012695807
57818.24421208566
72013.08813028366
57285.22543670329
56745.47303782773
53722.77449312372
54401.31447157993
53557.71264900881
55535.25866184771
62270.174503061804
64058.512557890856
69967.93604319052
56191.7936613576
69152.90055684811
64276.432252440914
59396.706522742614
63395.7762948958
70824.89107713843
58894.1246025101
53948.12922834151
61629.27360220281
57562.47784476076
72917.9963969372
56551.058150596764
48521.60543766507
54989.67568006261
60593.94307391939
57310.543100335126
48175.20887727481
67604.7269156428
58670.15333723189
55416.64418890914
53420.90487946815
65602.10612348585
50986.29258568659
