91867.01742720004
122629.04816900927
121803.32763445907
126466.48349319659
128271.72909190522
135337.72388934396
128853.07400518954
114844.13277346721
109715.43215832856
126018.37149968535
123354.72171925078
104918.11424212731
115888.37730067638
139725.24393530455
124405.90312040952
114797.07605785278
128841.06087128824
115382.80004817492
104733.44403104355
128091.6706813256
131319.78465808887
107041.24621608807
143066.70288659784
118760.95088739276
115420.3496724792
117928.09622243518
130256.9929994764
112307.94240673525
95953.98622860473
115362.85853319013
117213.05150922434
124742.28491839275
139302.21364627828
129895.98530199887
111518.9370247774
117529.26642510669
113438.70910087833
111486.79273605307
115230.11564120169
122767.24416020374
121100.93002152351
140625.4402453494
114577.57978471163
115914.02012000895
118536.03903600744
133673.77030226897
135272.65057686574
127074.88424887335
137741.1052599751
138154.7186049217
111109.128330351
130704.7741785142
117803.77905220744
106612.97253611399
95321.35580226076
128407.08243324804
119033.66274203532
137231.1333035886
116385.0623211135
108820.73625409066
104048.50079744624
112348.66099361374
126739.70276093537
129754.4632023006
124592.57791696128
138087.6127944528
91475.33390820643
92286.97503695254
117208.35422841429
97727.45536540194
101330.279785419
124561.28335479932
