62811.72180889414
77420.86431143913
81825.05587251746
89062.22853607146
88497.13998318501
83391.80690353288
77025.83270843617
72737.64106768243
95899.28939046449
69023.37417048657
82353.6281970554
94454.27000696563
66833.52587369205
61830.86043503806
82482.03489731449
94694.16843825116
78872.07760939836
76253.82860095435
86504.15787247266
84184.51314831896
88158.87212414264
63803.879374470635
76646.8323046719
89512.14960317506
78574.35890444866
81180.57955551801
69941.78692471926
91351.40464520907
95264.24659323708
83104.40235567382
83754.22098066204
69658.93398775799
69649.4962804835
81474.83222066163
76732.46037616914
80737.29785007704
72670.22291463979
79776.59799988307
83805.49278693945
79012.95891331467
83905.1624498638
82382.51003717132
87695.48864707863
90596.49103573822
81245.42612814344
83876.2071215481
87680.93008456525
91276.76136355184
81377.04653056164
85140.58593124265
73738.27888300004
88334.2402308177
82873.21914332472
83617.24961274536
80646.57402237957
73058.0067426198
75647.82138062842
79178.07825169624
83550.11153828277
76304.91743299534
83983.58671367775
86659.80563422343
84272.51725068457
79839.38269484168
70493.47864733041
84802.58296581947
73710.17903514182
71284.90292449271
75188.63241488682
78434.54240488808
79682.20229572822
76027.72553092825
