117331.37086684843
103346.29146606462
142335.2468799342
111837.42007666745
125025.6884511549
138486.8036626593
114709.83053757755
109244.56302306554
134518.70157190188
136681.82998433194
121260.20234544229
102199.25542564661
117854.43885861756
109166.96746026985
111555.21342747945
129917.94478777879
104177.75391938277
118966.48853152983
119954.85343334384
94196.53067652058
104979.74778973636
134591.72839202386
137897.6026593054
118978.37461696134
114318.24962890701
93081.3617323334
142272.34678601474
128155.1044554247
111379.97351764554
124616.29806159322
99752.25585723881
118507.0260303681
122881.98585610098
113515.45204987418
109237.98418374277
101823.98992842111
101161.23901817939
135817.05561456317
110047.98446755859
110000.67837488251
101082.8728166435
125640.36426194102
141935.60286501353
137734.6217833874
133428.79018424026
115208.33011058734
130285.07801423277
140426.16559641453
105476.18960421317
117251.20974393286
122428.44136700063
121384.15212854132
127861.27671704469
99705.21050228715
95348.32655649593
130414.9922924505
115451.94853784332
136749.91397582748
110216.81241155189
136843.5091245474
117395.63449793735
114614.38259148512
126897.41092872512
111216.03619351781
118774.91893448762
121927.85252045665
125939.41332755088
110937.80398700667
134129.84420146604
122463.08679576624
119804.1626551433
123181.05560220538
