61583.78516984451
61033.815139618375
68271.23897709271
51832.51568628822
61551.00158093213
54070.654115775214
47723.075556690295
70541.96075829267
49517.317784410094
51659.94838421959
60926.48716886904
64851.14773710715
53735.72501666047
55836.597859700705
58719.186147823
71813.76106176965
53758.2499455942
55107.05255138882
58220.76736707944
56784.002547117954
64187.89667761016
54299.00407813982
59834.7874627343
58327.59327978891
67273.44753283924
61905.885709179
55463.72641718438
47062.618385175374
65903.89885254369
61910.19573233657
67388.97224916932
70892.83215953132
46689.87322257922
44478.40557125703
62460.76848975519
57724.16591819735
65462.774519942446
49532.59432594264
53099.43457814135
54442.301715056616
57987.413299919746
63942.95473971212
59164.83445191847
55129.173312814055
56054.03512518773
48128.195346261105
62539.015919124875
56295.29532992192
63614.936000333
53399.79638346991
53015.227850180076
63594.711688465926
54343.07096783131
59904.60108613749
63733.45493448893
57129.28268800544
56731.30728429492
61487.233026772614
55984.072583642475
56643.20698945906
67002.29004116826
63363.128645145705
67947.41128555588
62208.388106050974
59632.01013841645
52930.05441343013
60510.049576875186
57239.30181544864
56801.86622645792
55103.64393612716
55887.48335484891
55447.74783293852
