22740.13505290591
31543.870114910187
29766.087330193313
30865.135958819086
26529.78812125983
28696.896213015054
28901.721930307292
33326.53170704143
31111.948174835845
27257.681419289762
31034.776355117185
30523.8396495825
30588.280300068032
29724.5086790693
28141.769499920956
30151.322125093582
31141.466732888206
29469.150437954064
35253.12266958266
30571.373623690735
28623.670057558356
25284.634425041102
32177.78806162485
31524.732734450907
32823.605010871834
30666.874042383548
29654.31374946201
30859.51867292508
32440.789804733253
32824.432064619206
32439.449643223645
34221.97725818153
36465.545225180016
27332.368050100315
30544.815879740716
32392.79965395349
33151.98185002249
30359.896598589232
28889.00958679418
32634.754522827945
30695.79931525557
34663.77576142316
25087.890240303408
29511.81278738889
32053.70678850447
28231.453469577074
27523.28718219342
28342.95057647011
35679.42658415225
23846.217665325494
30656.167277060544
30448.494921998816
28064.230605314773
31666.411617357735
31961.290928637878
27544.96566585301
30224.888268516497
26336.012077672698
33634.941448441125
32468.677787318185
26012.64668566476
33635.0653159168
29000.202130366197
34308.10464269328
33271.575250245754
29356.21936841531
24951.19913242079
31623.96628680585
30656.44696410796
32284.471803854252
30288.217183599914
28156.95247439183
