124489.50106816969
118233.47342706895
121905.3152834087
118903.20566119763
124826.47732841404
123445.89422906695
111122.6451905446
131851.11772933754
122134.52643017177
132242.5725506309
108683.554298732
135254.80112228924
105503.31453884742
107718.30819581737
112898.32657197656
97630.4336404239
130162.04850780658
140400.19708985148
129532.86391082247
114768.00911716059
111249.74079087461
121168.32609328497
118537.46040974726
122940.33993369612
113196.39257434398
128486.99538738797
119731.36319171701
136205.2633485692
125350.73613200831
132445.17307985516
105756.78136256707
110589.74545862502
122122.62970125918
108466.86017198957
121997.40622247451
119015.31091684304
129494.34323822212
108738.14267952644
101766.48175759545
124412.8328815676
142817.67375911033
116983.72474079237
103855.35948658829
104048.54703544188
147702.542931143
133626.2976327777
119626.55482543951
134666.82361034246
97982.10675293689
123666.38027716333
109529.32479911174
128231.19626738143
102587.88274967232
143401.79547892092
116926.35492070204
119893.25105856221
132434.26290406942
129649.30568751416
126221.13104167704
111750.61687267103
121201.0543778402
119174.30042737174
122212.89605494877
138325.1260609028
102121.59784132168
122859.74878604415
140256.6904634563
117941.03404247487
106453.20488242294
102355.93169469316
136686.1554574777
120248.17166861802
