75346.27575673503
84651.55019145108
77168.0493016313
75377.31946761765
103055.53668676282
81516.42659423414
93449.61663445228
82544.3289573209
73051.00838098845
67644.57112260906
80216.99271562358
78774.76698807553
84039.68448140594
60813.555522140756
84375.71641017986
79053.76070281886
74849.52797875095
86178.74223460199
70952.98947170386
85353.56575215394
90176.93226593721
89117.78458779503
84795.41997862668
93079.10697508103
95583.6277333191
97268.32163999938
94210.08404255263
77065.56618854064
83945.36802650432
80034.30432697012
75116.33386539508
73094.41133027096
80564.6210002978
81076.23768185369
75685.04412227591
85533.69937719044
96109.4194384612
79537.97331394462
77125.41060715672
77974.09172223433
87246.32485403506
76943.56071266695
75920.1421695094
82296.16997878884
65716.92593216522
89066.51356140673
85426.8166205416
89389.79676079379
74080.54601562134
82638.04644941956
80022.11833928888
78880.93667917789
86613.12197302104
84072.46387636256
69323.56507917898
82027.55643355536
78695.11233377722
79155.35758023382
87861.88032034851
97283.0083477491
88324.35568601172
70605.10277161846
77515.26873765013
75394.474408628
85788.92466823121
102862.1040553502
91293.1396990595
69638.84838056672
82585.40783390457
85442.71022497593
90648.52240219768
80129.08955900089
