56830.216973116745
62719.36387929684
51883.75203299228
73804.31516163042
56124.572773484964
71291.88757117433
62705.814197386084
48284.75384291601
50607.77309548703
50308.09730972809
77362.21246901949
52132.36999513864
61370.88020304184
62544.48473069931
57197.590328003156
64440.77074500959
61086.503668844896
58587.239920742504
58098.61087660224
61515.096811282965
50137.051112634595
56166.89941731829
54735.84608630673
55064.209616574335
56759.799887398025
47847.98676036235
54523.859376866516
51956.874351617626
50704.11442043351
52498.130753309386
65182.041025200706
61434.339670568566
59909.07162709479
64086.0765589187
51203.85371398814
57771.5270786203
57672.157427354614
60998.759210925215
64669.286579798354
68535.44087676695
64338.652770857836
70639.47369510541
70052.35762752555
63522.40891374682
51549.90333303777
55606.42741190458
62865.99821581737
61221.02024277064
63118.08869814604
54418.685857392935
59676.168134894295
66260.97891586735
55388.54247074948
59563.4259228397
59962.10118325143
55003.16982412136
61011.54084897745
63545.35281365957
41253.411745746205
62403.945615017394
63717.860163503035
63941.50765999094
62498.08956321476
62147.216547117685
59675.761794715356
50528.62600745926
65527.67010715605
59478.160717745675
58287.532847339855
53855.98839958629
69048.17126365502
53087.79165715426
