71223.12012740033
94294.7905112854
79823.82109833191
79096.46624342325
64941.64371122588
86507.26933371148
72379.65381225265
76875.25353897414
81523.67391378715
80516.3892081737
68112.97893063912
68620.95249838564
80738.25271220203
72074.61636444251
80709.17832459227
72894.87656976735
95735.94393700174
74189.05077102983
85490.51161424229
80311.53925689154
78174.85867915949
87611.78620914834
76412.10452285386
77601.748132029
88543.98344647953
74111.08365951282
79493.98294383734
89105.35962720221
80235.9327301957
73192.85312148271
71978.28919169465
77321.68618692693
105460.59965251677
85269.51407837826
79453.9890394719
72922.65224128829
91391.34081729378
87980.17252014992
68843.70989878084
76286.2306413775
76446.90726298063
71049.10591726247
95417.92585798346
75175.74902414276
76590.44886012874
78251.25635330396
87803.32809745628
87609.37349061354
87565.73376312248
85112.39186845087
81953.2895869594
84252.36588361202
91584.37519755804
80661.79378820959
73293.20617138529
90181.25021028609
71276.72682407871
71665.47368785825
77273.38219576843
93247.89271739637
78766.52123724141
85879.52428021925
85969.22862341622
82135.0495482903
76741.97782366541
80570.16563133265
80762.77969972612
75133.67913350323
74248.53578383687
69135.2289026175
84170.0654594787
74491.14264131052
