111252.6337990382
134676.02808838992
121461.11762962466
133713.26221330976
117949.72012021834
107687.39568873447
112498.67558638079
122188.88408788967
126099.78410720958
117886.22294688068
116995.78682231731
136942.91603688218
103691.71395519192
110820.37274941876
128030.63481109218
119346.35056538937
140127.00959882975
113736.6657894569
123364.32258750484
125407.82221904512
120990.63742352837
134351.09694164927
113300.67548586748
138197.7315258579
111980.06268279767
115139.0773846299
121163.76543381257
114319.08881446102
135890.7798042102
101598.55359537214
133257.80406041918
114179.49964421295
116943.18899111173
100666.22061367877
105817.56161033687
107035.58373801169
123829.90256596089
128650.52245812149
126058.29514342736
124697.24779000829
113691.90697860027
141505.00734312218
139853.26555426393
116634.4540587561
124720.54292636785
109766.90810025876
123620.42654837226
121016.02303462455
104788.00021720462
141231.66844623126
98140.88697493775
131711.19498224955
121344.6434146092
95217.69862524924
114578.57837888699
126098.161855739
134248.88025912354
119013.2889410412
112513.01476341888
147602.4231590527
134237.57930940672
122483.9037722608
126254.57669573552
113269.22189622206
128362.56942663011
119729.98169584472
131919.89019455586
138659.95902097624
147249.73351226916
117523.97676050516
120050.01094405778
127537.10366942862
