81939.53379204677
72466.28836108754
89722.79179967099
77141.34086960336
82526.48837045289
76035.0382940821
86077.60879739547
71847.38469500278
77714.95785188481
79980.89757254432
79917.80780568944
97494.12053423886
76336.85258530962
77926.49919353834
84146.99077501052
78033.76873704336
76317.55709214443
75955.13602308124
92467.64235811552
75403.0898499274
87656.3531124399
82452.83476037494
96453.54058383465
84116.96807782487
72189.8769406325
69880.46757587265
80405.15770885706
76625.38216739584
90485.46047963203
80499.67598625403
82785.96200535887
73468.24652469375
90363.53389866847
82619.1298784068
80191.68904422119
92616.00586216211
91203.22268916675
69085.24094554129
73535.42959173137
70150.81280584673
78233.68208581395
74303.1839516962
83989.06640297562
84525.78224325986
89044.76149250608
82769.94869293224
63962.345971304894
71862.49740333679
104764.93093461375
76291.37114587704
76652.40700696832
79902.42431630833
71194.42058888305
81568.74480604503
79673.36066246548
74295.7153284283
91172.5009342728
77740.85942054236
85453.74856917336
78209.50138478522
89389.8289123101
75294.5971609064
76868.8764503899
78207.31467291113
78557.54880471932
81682.80863831607
95003.38484170868
89623.38734848959
80651.21085427325
83737.90785548103
78196.657160226
73946.77243899148
