102508.86717283791
95154.28548282862
105219.40346034648
99432.01709881362
91758.36022023944
98988.70577336785
106668.16963500538
104940.32222539351
108170.5416563076
102505.07118530557
107030.82719358425
90508.2935779107
101957.52966235558
100364.48308988825
79227.7909530673
104377.9586440668
119894.17012759652
93884.8111590183
111272.48448916517
97385.14750987955
85173.52933740121
110629.8674183715
93874.02837725812
101520.80464261309
96210.90247932602
93383.95130684861
101778.9142087584
97308.76656394298
87874.95328157708
94162.84799566539
124540.94219953203
96684.12160255917
96310.13630541011
90930.77786262023
85311.22214811077
115417.43411118563
104569.16966122169
119378.57076631984
87027.48443054865
96968.21207135545
92645.65328481644
118158.46664530813
107107.46454555598
97920.77652434695
113111.8156581289
94447.59324169393
87155.30211433912
99735.8385225094
81763.23916951545
104838.08050941865
89731.93425011683
91792.8278353367
106375.65628977434
89990.83615330585
109555.47746142402
114910.44190894073
109274.75969299687
73099.18107751264
86811.7446551697
97659.42372471343
120865.16718501748
98220.26510923271
95940.11586746892
104836.37385917013
110191.66570977055
105482.98621387764
99702.04401954815
109563.96467747133
118150.91487562044
100440.5646146971
107730.1186062629
116322.78791459685
