83087.36843664516
84863.63907646952
72537.76846329684
70933.17883780386
82959.95158380721
86966.87041794995
91902.81491331986
82173.84257475723
75697.42616330778
76646.1474599202
73362.54642672604
80273.84104934722
79833.44779443825
82463.38385660021
78239.5354664497
65173.863240452476
75096.62350522754
67327.21748098196
79554.47458375045
74398.10964332333
71096.93228129075
88218.90934331593
87878.42696628734
84571.79374325875
83808.87532052511
72269.81133573662
74149.72469934016
84626.5651111889
78292.54533201206
95144.36489951854
69353.99453047065
78624.26746172842
69795.68642742395
78486.8846018547
82097.82317943654
93005.82404889612
67522.96766935039
74129.20072564713
91302.5622036492
81275.27540981355
67409.88185571361
76970.9296484452
75565.17401540204
70615.56440470614
85067.26224015083
72226.69750689404
75191.62324568143
77044.66373775953
88237.88246571983
76327.48944723893
71219.60254742575
88401.55221153563
86641.9452936747
69576.61415168876
85881.65901206706
95529.37629045312
69442.96600433024
71852.65330057213
95197.30927897485
93720.95737618754
74491.35963932512
77893.5476512326
70748.52069369965
80068.55590923253
82918.99988385955
78479.16134229647
89793.72478280387
97204.1718617687
84202.35074176747
77925.16948220864
77389.82895285398
84110.17824590452
