29666.987297249
35169.180525064054
30016.880101173632
28118.053470749717
27669.533476464443
30906.24295037545
28886.665892760277
28694.613147307977
28633.785222154514
24389.033137788705
30403.915049936266
25018.998136708662
26511.32246185383
30715.658319920763
31954.674904472533
31483.154348314394
26697.884042897378
32513.89452114785
26725.281803474147
32644.32569757995
24985.909178963302
28002.16183553921
28958.59323611241
30438.539187837585
29476.785763843596
26260.70065822961
34007.69626576687
29846.53358404142
28429.834788781154
25825.28637495856
34907.44784318208
32013.682817338788
27347.65398898879
31945.39288932425
27843.623499134887
31017.046259731767
26770.81696943214
23548.906266857055
36310.022688313285
28100.734480500065
30155.445856002734
27567.79115513278
28413.101686650327
24402.06356329415
29589.850505389604
26381.791045430633
29368.16451366576
27703.288218013306
25930.28320574363
32406.109427008654
29830.68943836152
30474.953399422244
27802.661526710966
31500.394729133935
32307.089656149252
29298.413146408726
27871.38972559266
31013.00545033545
30494.87630175203
25572.72075755196
30625.56795096523
25144.38739829051
29700.87172319278
31917.93237628334
28025.15096756786
31750.503326641214
27726.15207599693
30329.10531423052
27278.856878666273
31788.68991274718
26359.251399230117
31403.062272010848
