72526.62851300018
66146.72634628975
74778.72234210177
59981.07087456455
69188.87347167038
62178.10104713633
66336.56452911418
68100.6191490414
86044.68519418784
65441.29332287472
64368.72142507584
74908.31620152453
72272.95774417494
75724.46613225035
71277.24063353971
73378.39300767863
82370.2011549799
78415.13414944192
69140.42036614176
80520.2777124656
72158.8409847801
71744.62684955512
70033.82350830855
72945.92720926895
68148.28069151731
73023.60641197914
71965.15083950009
71224.2096958336
63029.77820443744
65200.00307453765
72864.08486798257
64256.363965211596
70494.41870730279
67466.84646113937
69382.08889406105
83400.17483733733
67561.59425311754
65011.85064244514
72050.44518614771
61820.492427480895
60236.2065663799
63437.14108343817
74164.55028927914
65900.87677722417
74699.11721799299
58220.013805165705
69443.08081722644
78668.84106780567
63879.9087231851
65098.52873797056
55391.402319188725
63940.340295691705
75183.1614956766
77640.36881793178
75263.09273880153
73387.7564345063
62148.41377953873
72357.7801284909
62783.3110290316
66730.32509797654
68774.19723495342
70401.22238776651
56070.09790946467
68444.77916119395
67980.33913405593
71018.41670978388
79294.19499183078
64082.442270463944
70014.86288250136
57138.75230741192
71475.04104953614
76888.91907500426
