132040.8259641293
108488.26229476645
105130.73955780648
129434.87762510432
115143.93389189454
133429.71472648054
108427.16074017782
128717.95261168455
121563.30086335712
137432.556102771
115598.923962819
112591.59997909276
141064.83806997552
113908.14995542528
113548.39736598781
109323.99711058222
111932.20805032895
117251.69259181501
98472.76024503724
127504.68083788204
126451.1602823551
113412.06283597955
124006.22543826482
119319.9993958758
104215.95647761835
113995.29664887994
125256.57037808973
121846.03986642922
130497.78122158059
107256.92634596436
85534.72495631136
86430.6135451402
125007.75405697135
124416.48402826431
110563.38209710682
121646.90074050482
107178.51923228682
127693.65389052256
111612.55807770211
114494.33655710441
133175.19093278892
113294.04344114356
138546.56313806205
113564.05388499024
141122.26479747775
99018.0429469073
128929.52605484902
119791.40491413261
103481.93229145255
124475.29234305417
150391.92906901365
117888.13994033822
118622.70288720708
99135.87092076987
113904.60257230564
119307.23871875908
116002.40660776255
132238.10344817236
113790.87550515715
120723.02654808034
98607.82062429293
125681.28401371851
131693.61910875386
121986.14038386809
125506.57984318517
113891.39606519406
117185.8397520408
101018.13938704922
131310.58711849255
107896.29537386529
112578.13811094248
114585.33327030756
