59132.22438610408
56624.0708097473
57508.481763220916
66375.55492347987
61899.82362636563
65962.48617629573
58639.82773192116
65516.74422015954
46127.32267405155
68361.64257536286
59421.32520947324
58089.48966429026
58230.416296680174
65364.79385430029
62963.84433017995
60222.7765301995
55212.30957221083
59157.386985100886
55068.51701102522
55801.197321819905
60283.30000482732
61064.74440263087
48276.515903602565
53433.67699729568
53399.37512164651
61305.354245159935
52071.70028480804
62097.73087871641
67104.85610314706
49898.671185747146
52582.16409747524
49795.984945113945
60251.323709542114
66779.60135783814
65578.73152539178
54313.500095574695
54550.83467443775
70829.2435566007
57385.301832923855
59412.22049805458
52053.479107767904
60642.0423252891
63864.58999836158
58716.68500640044
55887.32176138212
62638.190397652914
53988.73102840632
56435.57005729689
59868.33650511172
64704.55980298874
59231.6046408868
59443.5183722828
66797.02891328177
64940.20917390376
61137.833929254346
50589.53585701656
48619.89398204314
70445.22040672874
60978.73599896236
52624.153407323734
62516.442317473746
58088.09384102693
50865.365648548206
58871.95539259608
62790.13983681954
53065.59106691605
71486.40369220712
60137.165144994935
54452.1669416903
51427.87449154073
53600.4709838793
57981.41362011711
