28681.484312953624
26903.28547326044
31109.0715607166
26431.71051242835
32669.09417859381
32510.69261948518
28926.887549164356
32507.522468438085
26958.043499149306
29736.3117210826
30655.226689706666
30933.840638161444
32818.5352106506
29459.13021744079
32217.115014105555
30811.51363088772
35388.27673800145
28799.59189080602
32807.94771274751
33602.047302205814
32777.567413281926
27555.011582229272
30193.752813821488
24845.052078837107
27920.583606086126
25404.891536403058
29845.372774097577
31391.29817054924
29010.310084343455
31130.42202574743
33371.1328210446
32301.127308094172
30054.805403432074
31151.570086946078
34548.906922792434
29227.1833637726
34494.41781652812
25793.521899075946
32019.04352734241
30339.095683807725
37665.763179413705
31401.33534274912
30433.826996387303
31931.86956332669
26184.853273452663
31061.747542408557
29966.615281842467
32635.643766791363
33767.114617516025
32726.844285317744
30936.016788186458
29996.03903603145
28109.576603519785
27511.320657875076
33797.671854640204
30325.33275897655
21437.67479252938
29152.06847233562
28890.249855700204
33292.16671043436
31001.215916669054
29053.34470912636
33303.66284345759
28926.430736385777
25820.52427755711
34622.65549708458
29929.377988373082
30936.978240118275
31589.32470261252
33895.39869619479
30114.185142765386
24942.732201968047
