89888.7196384381
83462.96198381562
76852.54123674508
84540.63660448746
93051.54055623678
77798.56468804786
76734.90566613521
88880.91168988489
84948.98948626716
83362.18850514371
78619.01311185048
64182.49519352386
83118.67635709958
68120.05349525192
84259.27987314823
72901.86280851458
87019.09867781619
82047.17818898638
95501.4938902894
65860.32525698742
75423.66839354788
75386.14275475334
80262.9118397479
87121.49463337049
97157.17882153057
98673.57510404308
70107.53592281032
91722.67554755589
86030.53440066676
86833.67038142403
80297.05131664408
84202.751490847
76842.45103389605
90202.657898242
85488.1095130132
68401.72652461017
79478.3940679548
87322.85780913358
80941.6144806331
73538.49627476095
75326.8780765549
76710.86506147437
70713.32248746991
65286.533690726195
76745.71140127482
85892.90595876458
70308.26123455496
88710.80119784444
82700.99518815709
97628.73432975465
77733.2544846597
71578.2974633367
58426.45933597867
100470.0108173612
77984.77685412481
68776.4163268378
72520.08075190509
76280.09207969939
85776.03935415501
84828.75413883406
70575.48080186146
85143.06644970091
75023.37110322512
81092.77602800063
81573.19798824978
86954.02405381721
89683.37876260419
66354.32192701485
75078.03417556713
81549.51433079953
71481.77570141444
87789.90001726896
