89357.08843099762
76537.37344273132
84500.33110042052
75785.67708157074
91587.97116084797
80102.86203951649
75934.99461600427
77264.08899261862
89604.1471180698
85528.67646110141
81984.09659301466
84622.63850411665
81602.2860050536
98176.17715109215
83419.0942111071
69033.73831417956
72894.62527811305
82999.82945277897
81645.91479746395
92298.15645924403
92136.84411869655
67370.41765286315
67146.1437940573
77708.42378820252
88143.45985258644
90156.15561840817
74421.93543931242
73716.16317853876
95051.42450019525
78490.64518621619
81598.52104576249
70565.27285879578
69867.0307908624
82305.77866206749
87660.36143266091
82472.84067156377
85835.51773508554
90670.15709861545
74909.20216997758
77600.3344138843
92234.98152328924
73787.19670022863
81492.66199074725
89875.4633113746
74194.9755978686
80229.50054309984
81586.58473320492
81533.7264142704
77203.38483037153
83215.88950276513
81015.05368919682
95443.62567433075
79918.44892606293
55121.0837690464
79909.64371907969
82234.22836645144
84437.08515117006
80729.07088400278
78773.58643371322
73825.25803685813
76405.41689109372
74571.57127891945
64823.275388605594
91012.60777483197
71642.50992344166
73775.01967118186
73468.92140893202
75109.91608591471
76912.12507387965
76214.8770391143
84084.2176716431
83200.02327509155
