129386.71421531557
84251.21875328322
89099.74182458334
96359.88660014636
113213.15117976347
114431.25512884036
101453.39757872187
99983.64928683787
108309.58347625728
110686.8445169825
95406.9203634357
98793.30269495297
102780.40837284694
94999.7823552456
102696.70016991654
86476.76622166239
91745.05762115426
103654.96503429765
94449.97018286899
119355.32978441488
103813.59843257758
95289.22709390162
80465.34493800488
109703.96851487782
99850.39623967
95583.62296718295
96053.3590930534
103412.75080062609
108008.5095383838
94047.34461525925
81750.0858250811
96354.23313284526
99327.49109569087
116041.38333746312
86524.63180864911
95908.86072028773
100455.79597157084
99836.00347106245
116916.35849277495
108778.76763591343
95489.44224634835
103404.10511772112
114458.29009291051
108105.08261840913
109279.8452304388
94413.87879825254
92203.01882721913
98117.37803377844
92347.32740314539
96757.15107310672
96307.010182393
89899.06355135232
96529.76554616378
91262.77414602421
99909.97679418299
99326.43758279784
110756.2478874312
110675.40345137926
113173.20021126536
103907.04821497963
100766.61703469254
100749.31637862876
100737.04117343834
113887.06309224013
86128.75679779777
115072.88819039305
96965.91453724974
95804.66164962649
106188.5873520317
124624.77033526395
114507.14780845903
102787.80055844951
