83777.2202136086
78114.94374484292
81258.89940841158
81681.72087990747
80137.52211670886
75098.91043358746
71951.03324470774
81798.52427768202
97558.2387482151
81228.08638905337
67766.73653659534
76128.09417088311
66204.44033468439
82732.26191120679
82839.21689641925
82523.62975715901
98120.29018514711
85177.25754298909
67979.56686023294
78996.59371192964
82978.54255885063
67890.3047576864
82955.13808240909
77251.66466632343
80603.89716057539
75654.35240907763
69757.50616773937
70489.99395385188
79209.84322968315
77031.80592706986
75428.2753121973
81996.60180272456
77940.71131362565
70729.48029489789
79242.75756634871
79291.378096474
72889.21700954517
78347.12239656952
79949.29337719556
82623.92251346254
73745.31581802083
79442.86578636119
72473.44092737776
79772.66039438322
86101.70473294311
86651.25509292976
82367.16487827632
60224.58267703041
74636.61122369966
75097.21582404735
84858.52973804285
66470.08201504557
66370.23808665905
79047.93943856213
96006.12670061782
74417.32277478655
75327.58724276713
82997.60931797896
72247.89457604688
83838.09148180626
70420.28498090658
71809.67877388147
82863.87664899131
74884.4782406798
80671.03768311346
71232.28742536186
75872.01017125782
73506.59411383972
71745.48320158037
87028.18520627731
85346.75438276626
80678.67352000723
