61010.41672829245
53368.31569423119
63756.00436003373
70283.88736954654
61358.21734833254
61553.83084782685
57556.67831530694
57348.96283101336
57950.53352586424
50230.80159001167
59083.0641442884
55504.63031275687
60678.519204641234
61960.58690100875
55858.81826655886
49994.934502890224
55669.99547218089
60134.80617653149
58234.22928700706
76447.45041954187
67793.90016198329
52773.41963349212
57190.40029950015
54486.47671283936
60823.59177406573
55023.322658546575
65788.9789955598
60064.146999173
64015.930111218026
67496.63910548057
58739.774652898755
51593.98515210981
49957.293797371545
57923.92342757395
49039.9752907493
56690.45159555318
60603.8566209266
63458.46851421727
58927.529437207515
55577.760681496155
52293.77231767364
55002.70061685186
55887.78964266227
61998.46880299082
54644.35057618005
66488.11548445366
55107.891810824534
62168.763891536386
60257.5977876124
57835.90811835724
53411.90581545062
60192.60674827979
60656.77185901908
55408.61716697957
51816.89747581792
66303.57931335815
57133.45269068738
56264.436321957946
59294.73292825374
56912.30601347308
66938.31489921315
56128.38207391949
56981.20210738793
50815.796813156114
63087.81668716103
62550.52418008089
60246.030636920135
60834.12853374179
52212.69314908094
60925.323398435525
54222.21895351866
61794.28249547424
