53812.19086684679
69327.90455779328
76627.37725127999
65590.65531903082
74809.2764287157
82584.0045944233
73762.94120660606
64585.32094812736
67481.09685684137
71297.46022376338
75045.29533525977
73065.04839495139
59041.048410298725
78605.13464667433
73000.85279867411
71427.65775859059
71504.34506039435
71051.99505758923
70481.18831554436
57268.83306345667
65476.585532541845
72229.0409541482
74833.10290577775
63895.06546913613
68111.51679206407
63896.94180135014
68759.14022100976
58345.237104980755
71794.19718107082
76823.33593800917
81369.20072941379
70965.68829733839
64054.41170443431
72468.07564790474
56578.282329487556
66999.92912724942
77667.44267444957
85257.69272718822
69228.07557691312
55840.02312402114
72756.76206249243
77036.15522649247
81244.42905649479
75858.10947078641
72437.22769614846
72933.18624550813
71641.16597888326
69221.05634217839
62911.19590974376
54786.75357400099
66909.2962164316
70117.86264771975
59686.22024426494
71348.21359941013
77253.27661686452
82841.79849711592
60943.02469418759
66730.403601355
76246.47636703934
78825.79066456846
75653.13956242161
73359.13543319468
72283.89883515541
78879.0833586818
67247.74003191243
59728.66108498735
68004.60932932839
63308.830999391546
75880.81147170281
70246.51112785506
79069.5148582195
79477.8822634396
