67374.58765863284
62080.820213792176
65409.64750857643
52702.388910324
53676.76047324019
56363.01635584534
65672.43065222981
62726.81251320624
62223.35183197826
70483.55714383369
49033.99612293932
72257.42315853116
66388.98754486829
63884.00728209799
65771.66515469392
64063.09397996228
48118.0436449196
59750.106858812935
63253.85469862347
62274.620872717
61437.39689559915
68042.05121975926
56273.270966280834
56254.682216415116
57304.49675440204
64258.8213018361
66597.98498048981
61929.5074780388
56191.24756121615
62901.1723742834
71076.73827578935
56322.872692373436
54601.79288502165
53120.06657360545
67741.24601767263
59824.67823688484
54649.31259897322
70309.37309506326
64472.61173704854
60783.71439668152
56492.98327137747
59410.86015349391
55842.08173165735
57413.27974810969
61410.97470414889
59357.23039519122
61291.2179581084
48902.84634807466
64583.55598047795
52521.178097455784
58731.740768294694
59776.0421816953
63049.62064838032
49105.8714918512
60020.06611829888
66367.17084439413
62733.07037763235
63310.65454397941
59268.09979716821
59914.455600056805
55258.085258230814
63502.93002530469
56003.849971673175
65917.874850724
67382.64934658879
55840.12571947442
48173.032699832256
62678.10711014509
50820.172472134735
59514.19089475033
63468.069753113385
68873.20280945319
