71844.48090030866
69376.32950246244
61481.01283860218
67440.90611253439
68379.34921140906
62859.45794225687
56405.65921290693
69718.76824403745
75584.92304950269
72929.03855447905
76981.88390446568
81733.35444312145
67461.97304999946
75541.81284432214
69113.55679576485
83874.00505202074
64433.218247587734
82818.70290668428
61897.485712681766
73064.2641188989
77410.89426253016
66851.70355059698
62772.970147069565
64835.43639845219
73088.73251034111
83379.60967853511
63332.959781829326
63840.93560123065
74936.13438461052
75515.48607118914
78458.37363335743
75976.6754538156
72866.340811396
65938.55225538871
72409.08867166891
63033.24140963018
70351.43404127173
70997.28993979131
77352.34211591115
44511.21578937041
69461.19834795692
65200.34447962396
52614.00105421679
88047.21619802568
75989.38517272238
61618.89729273959
70156.11502455866
78151.2497298867
66177.5360091848
72398.32300402255
69293.08608934657
80519.48792676498
77655.05856016935
90550.21276068986
71986.86593752673
77842.3519176756
82569.51701305767
78964.0857607799
66897.52727511316
61353.80978797747
60840.21972008764
72459.79474614593
69762.84552958708
72334.1434423343
62475.31770790612
60369.479982277226
56512.49988258595
65610.63512019352
75832.06186319771
69924.22812592814
76069.87979788276
67459.9151616933
