35824.99718864861
32476.401830917926
30914.85184102792
22426.628109330577
28832.444287818038
25298.728401026405
32675.008614050737
27694.13996707099
35115.84069456547
28786.36654409549
29247.328786531543
29153.08643827794
26430.5940877362
32275.513724231125
25416.268198013768
32205.068016194502
30725.704896420706
36009.258797415336
30589.997925946573
34128.27174845359
28540.98026699031
26446.295304195464
32616.299114215715
32763.64716581166
31934.44076370308
29713.531453877058
30628.322005639282
30508.867726124332
27035.971068268373
25158.18332006553
28705.460407565748
29478.635036151456
28814.00743853137
30117.369358527456
30826.27626604594
25971.840271418267
26398.782613356783
36552.22054660098
34485.13262883974
25451.617735839427
31557.238592962363
30042.1867872106
28510.636828526895
37953.2314482933
30841.7152939548
31583.14302203666
30358.105809234694
33097.48431853771
28290.425659279048
27266.06679089261
28905.950407419587
26403.88471226793
30256.69199651787
29760.15532337339
27264.35268270995
27946.76247799136
31191.154195302177
27004.980919882364
25507.75659179161
29459.93285267795
27657.210366274983
29123.159522471775
33614.9922051878
30177.716605408186
31182.48339372873
30929.195039273694
29738.03818471644
34544.33408763307
32983.01451905298
27752.13844619069
29878.175164841075
30021.592302057892
