28166.09930674726
27688.531276595266
30253.16838889374
33540.44249100169
36022.91174253917
30038.554577286817
27957.013715524936
29452.413994048642
24863.39170194973
25747.40519246112
29711.473767867825
28962.237202988494
26952.240548019337
28178.964434402445
29001.472265288045
31799.336871919942
29546.89529967047
26969.09662557336
24317.12888765294
33538.05917355972
32622.71172068657
32928.29926855661
30444.05279973608
28591.92826758461
33501.56159729227
29352.79952584355
30421.7226309959
29142.595593829785
30464.03180855364
29940.809412401173
30760.160680915476
28142.35517759934
28876.442914355866
28134.06361949025
29928.511023663938
28453.152671185217
32429.108230356782
30327.91885840938
31008.052470019877
29391.188633085138
33326.141747945934
24737.693391125085
36185.99271129079
29284.114810934054
31980.23161430778
30098.458718727252
33493.297248256094
29888.023482513232
25931.80477368434
33581.213788091896
32440.085303818625
32273.951463863454
28304.586038885445
28907.29539091429
34212.604090062785
28211.67965754655
30932.382058533592
34040.52592150518
35945.834719287705
33395.11340041701
27807.81814270929
32412.91039863579
30627.83819239247
30209.288759307543
28005.429088570294
26875.069244894963
29729.75429130167
34656.94092765687
28123.353966963623
32612.135226567138
32927.33462455862
29790.59879925811
