112862.58940023702
100501.7405960102
78058.98028651615
93153.11137526034
100904.83689507328
94495.26265969456
111278.20563044069
94474.31029019637
99342.49558499678
79974.23469106437
99118.04298658535
92941.44904754992
100157.37052726472
99000.3462820746
103865.71559896445
96617.88565071879
99478.23202196427
98276.45990256938
99432.6504790791
78745.51123526346
91963.54320285117
100765.92914362838
106171.16806345612
91476.42288458042
104703.8758447038
98162.65530187539
96532.37267246003
105751.12104621966
113975.56200540224
107652.54960281712
94899.462010977
83457.04676797385
101250.23978159377
104622.58075778402
106074.39417108844
103893.30454516865
109355.40521441343
96847.68253965022
93673.70210079548
92423.42385653465
104565.99722813936
99037.80336197607
87131.61666678934
96809.03973597226
95094.46823564674
113509.89763268943
99373.42422574278
77393.03661813748
97597.81535525883
107772.45005278349
100876.63779046545
88757.3826802383
86297.28769383977
124018.83475931601
112448.83377498538
93254.77796413867
105975.7704946098
97855.70444584629
105287.58183260095
117882.75253311498
122011.87017586041
102908.19794528293
100561.30064102395
89839.2808378209
106566.73617436942
100458.24087597476
88045.51245263264
108647.51018464947
97306.53616568781
107599.5005766888
95521.62568551578
99923.17002442299
