57549.9346636989
68622.57675964244
66193.09584189708
62063.184422242484
63277.00440294255
78455.0076967338
76640.7990662651
72300.49592275267
69260.47007297356
64945.16463760703
66420.54153093362
69306.83250881967
64802.83902647007
69814.52688150461
61878.08756005465
63368.048429293034
54976.97192579896
73809.07924466053
75660.79089058659
68934.28871704775
60790.85336379045
75843.01627447276
60237.88685783147
71295.30644165758
70303.61031845787
64851.28729351783
66120.10118056036
72899.22666361007
63254.33724507952
76456.23430354544
68377.69539646184
72995.64236562846
55947.44717490874
67310.49508515441
74859.26089995487
63525.942252131426
81170.29966354866
77271.27944390713
71912.10633870093
70672.9934119043
74300.35269811601
76704.86935273212
70028.01442453504
77900.20233799136
62750.27646999796
79721.18835329646
57388.06948635852
69432.03789292005
71713.9213237739
75594.96506216576
74295.8774215041
73633.18008704722
80327.25500651647
82770.10292075104
76132.49498416159
77133.87543764635
65709.74291651594
68290.93402256865
59079.15348736375
78158.11211586134
67140.96395265516
83136.21247613897
62908.822756801834
65906.20177420243
67291.87210766446
66663.63575702197
77681.786646915
67737.29418624146
78745.18255608318
73182.50297740851
64603.819260819364
70661.85231367285
