101044.80598459253
103261.67901648926
118958.24001215285
123734.43413954088
108852.33898938785
117784.51991365952
133514.48127962067
134319.205540741
126459.1721558457
105729.84460986409
112865.59956745087
126986.22113216923
126452.74960505521
112609.18501902172
123081.00969001427
106488.4117421223
114039.1608711488
125732.42182082945
131356.2368499555
100103.94146924344
125252.385853145
123851.45324833367
138805.84013024773
121617.6321406569
126558.73095751274
132636.96506771675
120318.75649926942
121747.53041489088
129651.20900696928
121950.42054996599
121840.45798953918
108031.19340663381
120841.22718802151
124931.94684251981
135929.6012913205
102952.98976681754
105658.51052902335
123607.286315794
114623.905572923
122879.66855711423
129139.0223303382
131324.94634226622
120839.67278258636
103041.65803900767
116990.57798449263
132430.77908303522
116173.81099297701
124448.09206149541
133865.88905340855
117709.23017272091
113250.46547855057
115816.37909325688
112388.14530742604
119071.19379874763
107686.62499283261
112656.07309688425
120537.14174776003
129107.36273743313
139466.75705897986
101121.08615061965
112019.01340042532
120849.49899318448
132154.2106349946
120905.49794370173
104164.67218868845
138759.2027649806
132270.39404701666
134845.5101950057
117061.19744186405
115694.03480079985
148414.75297465295
110928.52097046777
