112557.17222131783
118512.97398578096
122000.13709086148
120933.88965953389
130649.23298977615
114038.38200536862
141962.96588301405
131774.06511362494
116310.16495801833
135541.00884003853
113390.23923577405
122874.42184929922
125058.20494265464
111244.61870307203
128629.606717812
124973.32393499064
128842.77738537255
118580.05183382482
107113.13202251401
94048.22808924144
112159.43278103638
107173.37716305695
119151.82659156635
143027.62051594173
103496.3401491564
127620.86717814322
133311.31011917605
104823.89400645396
94875.68447223026
146085.76704548034
108258.93679235439
88866.92610921104
138290.5877043448
120327.14657709975
101923.94537225891
143244.20285742343
113301.84849776694
113628.97493616278
141276.1325191975
138628.53095778666
112672.76885461378
138587.5890420969
113536.54647432483
112676.97304444644
148630.72955141385
114272.00816531703
120985.63567173053
123187.20130268848
115404.06565554698
122453.89638451049
123448.43549519869
116892.55884028361
122392.95327770313
127894.875042892
116154.53526187701
95489.74245582991
105766.89821548818
117743.51507209567
131558.77391644914
110937.22658007192
123230.6353066696
113438.4490781975
110534.00985868004
135820.07560096146
129311.81070872168
115253.52588372283
113591.40099115064
129138.8085648427
120855.47265529848
121856.21623210833
111576.20595221281
120245.63638157313
