71716.14643969649
68689.38764642843
84479.96044051896
79221.38499212706
72224.99412644703
68447.64842473254
74549.55602683534
65490.26806271047
70532.0723059002
70140.91492074895
64219.391673652935
64093.195487171644
58732.19370485124
73734.03078533245
65114.53229952733
64782.7673566592
72740.34497162313
81217.05667500079
75524.05555585645
72285.164178014
70130.93563558855
88473.9263162795
64847.13233642384
62508.88132306041
65229.99099645455
62694.627438760916
71393.52617035151
65781.33669275921
80738.11897374243
73229.74589179356
72654.99528115909
67693.39282251112
72618.29082418238
72531.25013054119
58805.45614545888
78002.37920452282
76154.45598255875
65679.8644106069
68893.42333051251
66200.7809329423
55832.240780705455
55245.92880045126
65250.7683527082
78964.44624278035
75973.81362277441
70508.87082291763
68456.69460557759
70823.93195979415
66932.84322863682
76297.2773434038
66553.91896933297
67977.71326569006
58118.22980207974
75390.75383187301
80559.50215474225
76436.58718894198
79221.68885715962
69948.78086322988
73335.99463888013
69431.33828477033
65773.14140024631
77966.04677676549
73485.96970171425
79367.23954866553
77458.23238642392
68870.42360392268
69460.27900710891
71386.97497890206
74311.5634002484
61477.800388823125
58024.16178526683
68208.40649289805
