77346.73618207597
85374.62731811088
77869.48103620682
62236.39466839007
68598.02300313834
68993.89124937194
73350.34739734605
74190.00731964722
70946.23853126664
77797.52651708499
66704.5554317792
77515.06120521078
68022.40685804191
73817.01197777968
71999.47213252698
56586.039786635185
76924.25457567729
67019.63527075341
82869.6809625599
73565.81197033355
67767.74336634543
73754.94399070834
69789.02571453048
78591.7996858755
87223.07704784737
70479.80564205576
60502.077387133926
73066.147246279
67290.050041979
58285.72964925698
77875.68059418538
78242.35791909102
72884.14823629808
62843.84787471701
76029.50141712365
63047.19494114499
74156.42295169825
74164.7790556413
65818.38445411932
71086.68901429499
73741.2667755369
72469.85501967423
77254.62718746583
72683.16048457102
59023.56438939685
66774.27672636122
82041.99184838973
71519.7029748317
63334.119536902675
77231.83535069929
67645.91908874213
73059.57396784237
61987.6086140225
83747.17888265639
62332.94299086353
72812.89284374747
76324.48714322547
74801.05759473472
60913.64586894621
70748.64326577133
65790.84160160445
79890.37918368801
60532.564008070156
69181.94571006407
72730.35671724255
74582.7555615472
76604.37147163464
57151.62426522149
69495.88841135478
81427.43683704305
77401.40549324594
46637.76250076201
