69759.51887180157
75623.76421381261
64023.77879406119
58982.812427567806
70884.77356826425
80546.25130956259
61891.197418656324
67756.1289058047
75206.30781107616
80875.30150081024
79268.45565510806
76940.86047126832
62373.49365916743
85405.26079781484
66327.61049143758
81329.83573566147
70060.23392246073
67135.02709164133
63796.13175428009
69263.70130531483
88128.53969737033
73690.37853935792
73609.8463230877
63601.72331147814
70073.30079374768
73577.62387192908
76096.83340040223
63592.53169402359
52656.2016631907
75580.52757560587
50072.73616750455
72616.92640643627
80210.88842012093
74082.88509065309
85911.16525676611
75032.51851477398
76325.20756875028
76213.29191313713
75979.55541092582
76495.48006311344
57518.02956823667
72830.80228517261
69596.1055829745
87409.38595645322
77055.77434825056
66169.39457796098
69933.09246216845
67369.31401401552
82341.66187185749
60832.14041171376
57096.96203374402
64226.019728082996
70925.35902568475
70010.96867706368
70982.07199388165
76012.50904550402
77490.72353915263
70784.62665211069
63669.41367754048
72764.48812247727
60900.707868205616
74974.45001611461
62688.35255145566
82913.25444818495
78385.86253979919
68220.83862746698
75320.43341235243
71280.1131703802
58926.22610221079
62195.73464373058
76744.8916133826
71601.1822863049
