31677.490002618095
28604.1640574932
33100.91376732731
27983.27661957629
27457.35954280759
34693.537243476814
25041.583123266395
31190.0468818152
29327.141684350565
30616.375120437806
29006.01065873553
31274.40624889192
32193.60005754813
26377.54628007938
29929.53150039257
28396.84196948422
30398.968591628305
31934.62130975645
24688.094853857772
31804.133460859353
26709.463601692747
31887.694544448714
30743.351737557325
37415.75417514709
28318.043681214378
33124.88623018605
22537.043195378785
26836.823726820054
31371.82883456385
29889.954482103774
26266.34567053222
30649.19142633437
26984.577359990173
25640.231876481288
34386.50536886242
27826.659927540677
30921.768786149492
30391.003896196675
24751.53202921762
28476.702609905897
30844.56102609223
32852.266307247744
30777.50010053051
33700.02081250169
32599.045508510273
33465.76822560819
31294.214145790338
29945.042848888497
28997.15273949759
30061.63007621675
24115.780771687572
20226.953154420433
31130.08980279267
34598.40931641658
28103.532749896356
31425.39005857423
30510.129334785226
26629.577228457376
30787.22915563369
31839.270238205718
31705.815250739277
28642.309604679558
29551.89801388637
31761.073886408165
26823.114036244704
28045.9908832294
35553.53258876097
32614.971652170934
30861.86354007653
26225.729807555665
26629.438643286074
33117.739460752215
