111301.2606215279
105557.41081750121
98259.65629189517
90640.36345921857
101450.3747889954
111570.105068806
113224.18429699163
119348.4237664681
107286.74168668373
106304.44485702824
109032.14153212133
88265.59292184378
116224.31784803595
103134.83522352116
88521.94977274981
92002.03088612606
92364.96161709283
104959.86980529287
106839.91435105806
94529.22476695207
92428.86341346042
100413.25279392634
91776.97606530662
92410.55162123311
104829.9575074874
102442.04098258016
106282.77681650153
92572.89691459588
99722.37164920439
96086.20782671748
109350.64157248437
105231.26180157092
102200.09550972724
102176.62686286
92289.8485246265
109419.7147192646
98759.54085221526
110172.99962353229
89062.44780043123
106376.52764947807
92996.84736976276
95658.37205565654
105712.86970797415
94690.14862715392
97444.67364282663
100030.42631392367
106858.01675584952
90458.6135726215
104694.85498721029
93496.04348700405
79297.34700129807
91797.77829077699
91752.28453589832
104102.24339168971
96285.69473836638
97656.97234953678
116382.41475900827
98009.15858547075
97544.88205460634
115898.03034694937
114677.49505613139
83967.11643006522
97360.24105756817
90427.07690208236
105398.65088949834
93409.51024353657
111981.36578302424
89135.56799775168
112889.21240835506
97589.57812532548
127851.74351203641
104131.612053904
