30884.769275946186
27695.40065802007
28070.73856117779
30584.72479522371
32176.45989499809
28414.400161267564
31226.12255584092
32424.352932800084
22228.118311944876
26565.073220659375
30249.1267342054
31042.473840900187
28521.085329385292
27855.47184149271
27737.357399148794
26708.11012665811
30326.748802367118
28291.800209280005
28186.19272918867
35086.6742082288
31090.03776055062
31479.184803685093
29376.027246986836
30523.72952145187
26972.964376908618
30777.20027035295
33560.25498387994
29300.506773553858
34590.70364154708
30720.300790881523
30790.130086767356
33331.20887765099
31670.46013175127
29369.97064490688
30776.69963187906
32609.007906501385
27592.157431634296
32180.971941172193
34053.22521866918
34875.85785085478
28236.060279221885
30588.013292659776
26626.47301870196
31126.845196085203
30205.16470471258
28395.265880787745
33683.515439711795
26693.139217644006
30195.550662786667
32990.461848417304
25468.79566201267
25262.351093741556
27798.600661763252
32373.036510314076
33406.44686073737
29008.2620066943
31444.980780137947
31813.52477653676
25264.215304866124
31543.947657343015
28661.596112206615
28601.95471741669
30254.29469760471
30290.55539459323
29682.563619975317
28185.530831614244
31378.066701167965
31527.46771720058
30593.773404045787
28540.169650289594
30049.65406908133
33293.418586963315
