69407.71459975386
81330.7710576105
66034.2500137079
60718.08496649649
96817.05032782211
79171.70984408201
89647.80406901597
74206.72858549384
66113.14216102667
80921.39628427906
93613.09920167015
81197.14600943922
90151.09964924712
75574.7165482549
82817.61633725779
74518.03719688201
84652.8985146545
79151.54703546755
77753.66842484259
80073.56582062406
83884.19771108616
78952.083305075
73237.0396419138
81903.87843644469
80707.33440441801
81903.88542414707
91425.65115952259
78538.03477805058
84956.56310594456
99915.4527352606
77587.40072727327
78404.85032072042
87971.79648557176
88824.14233011975
93976.86200647659
83459.90217510723
84432.78164316669
74364.20897372381
68897.23758973608
76050.89929729281
77543.50167506373
89608.01832871311
90301.91872405997
83524.52265588338
82347.00299294858
82932.34552378545
71175.33090572862
90170.78300005496
81860.44931879909
77692.9973679865
67544.4239536123
82579.41868691932
77434.2186853743
78334.44800034759
83099.05539735903
86910.37729539083
95695.30158004962
71842.7820882044
77264.00811347601
77128.83448834484
80068.14011362515
83358.05951145838
78956.23271750109
80201.76422393454
86665.56430019083
84163.2532470291
90623.7888393136
85291.25562391654
87232.01131562689
73004.22472612311
83877.83358202774
71638.40670993061
