106942.28909557797
92738.64090808773
98815.98843649536
91314.83054326064
104602.04134332357
107243.28355250665
91768.85198323091
85403.87108267054
107021.64270351807
81541.54810488109
95177.5320336657
118053.79607625744
118661.93872129034
95325.44680998572
97556.87605237779
106945.39821249996
98589.14845684699
92420.50596554783
86559.44033337096
86749.22625576293
88610.08218168447
113423.6177552581
96301.64673225132
115648.45155048293
94246.04504172903
117289.73932588991
99805.50793560896
93752.78837502177
108738.19359734408
99783.5158525597
89656.49287188875
86308.83541009107
80014.50325822768
100901.30319191855
94491.23731243482
94318.33033871512
105754.22614877776
92171.44138319578
82322.45270414381
110027.56236878836
98606.76533134497
84517.2333249274
90654.84678718954
100926.42896071344
113640.51565785793
106870.57300285023
106386.73349136612
95883.19521233102
98491.22883927033
91327.61293771798
107439.50591141696
101043.98242483541
103978.77142073741
97188.61053187972
105575.37093071964
101791.7803817623
106678.72906543898
103334.48310846862
106514.69612401772
104966.32532352723
106347.918392013
118018.14176260916
91359.95058585751
101406.09750489617
130437.20048702239
82760.65533640243
103672.63262054134
106986.64829531766
101428.64595246337
95335.20185462775
89420.85433031047
103678.91350631209
