80605.1255480185
66548.78369434571
71732.11771681429
65895.40275358318
75254.26345284744
59007.284899709026
75414.45515896387
68450.71462267944
67303.34258122013
68900.00695893628
69872.85022438916
71042.52885999496
69342.81675569394
79489.86355496259
73457.8266522077
68775.0670391335
67330.94037626812
72259.40902572226
65354.382079150695
77207.92570211037
78887.37563360734
67939.09632983542
65050.81997943719
67457.89306027943
70604.12693028821
64210.04322315342
72158.58213490003
66397.3858137938
74733.8773482198
73784.50679628256
84475.48447934711
71714.61741382859
68445.65577699096
67808.87154998435
75194.11901770311
72446.83684712913
79754.65521610505
58568.754266706805
62178.68362875657
61828.64031825046
71448.13719114306
62917.23213237861
72957.89473610507
65540.00367594598
62204.93745598032
67842.64744497089
71300.10261267301
65802.17970075303
72563.23360359948
73842.30030000811
70123.51703224078
68079.1001727289
74149.76580604525
57987.09039438744
79679.95202903834
69344.73846979733
60603.970048828756
78810.23552891742
66059.74620394375
67498.34470978142
69221.30854218696
70386.72278922664
61789.256075197234
63058.00012637918
69372.20789249806
79630.41249398026
75777.55487316028
68569.0826503176
77027.58097166407
78193.26740947901
63452.512720492
58043.10473159849
