120868.24781676235
127601.60281778222
123443.60939990869
135698.86568866827
125369.81299891009
137103.7083261695
120609.23165871511
127325.23853677785
129632.8497255942
127977.39556979407
112608.4252388126
127703.21906617645
121351.40877041749
121172.12513881567
123772.06692411593
128288.3258521418
124624.20357747751
106220.59857211671
113378.23046259544
114833.39334938281
116190.42039421841
122265.7359465515
116520.00586068674
96769.91974555289
115973.57955908004
105826.34320723299
134966.12443926538
99231.96076379821
83452.99662956917
112237.09332976685
127532.37615538912
130770.38930206501
113724.16141596095
121188.04834637938
140959.85185015333
100515.14882113566
126274.21825887225
142192.89252939617
141593.2125738109
104894.56908561388
106230.15544127427
112621.06849265989
145320.75090421032
138585.2785235095
109887.10968930302
122224.99107950836
112183.82946736652
119675.41856677884
119709.68559113723
130512.95351119175
112220.13680844408
136492.2652281783
126115.80654459076
126656.71779304433
114356.54563357237
121994.39340182787
141021.24683714876
127748.7417715946
103438.78631930701
116053.9214032949
123989.17907130234
110016.17199405504
130660.78472531862
135788.30539692723
121274.08994286071
128597.19760426249
102167.45016289527
106250.58977920054
105709.915635374
112974.76100255897
108314.2985342748
116797.91183660107
