62989.29344971436
65415.80224669727
73566.6311177595
61422.58620502578
66733.59542660518
81295.56230551635
68356.67703968054
63664.077454344304
73514.02396853162
82871.62754031783
67105.2235669255
81534.7828099351
60431.540319795684
67965.97210985256
71850.4121392929
60145.99479566809
67583.68715042819
63038.78946047256
74410.07940511205
60461.73012730635
66551.57106621258
61111.299254861726
75061.45846927028
71613.89765573952
75357.8346850102
77318.7638220679
71328.08224354226
79537.07323150322
84992.98094328838
71241.54815226655
71251.17441447408
57526.63537573939
63908.340547238084
73903.09072180466
58857.05901019524
81051.47470982719
76437.77801091755
56740.612583207214
70054.49435452628
80499.01532007995
68980.20109543664
72107.02429769801
77396.15623600293
63071.1024997786
60193.007596926014
75820.98367070113
76425.97291265255
63919.12154044698
77404.33736074016
73251.61383139464
78335.00227907169
70613.04875123732
70883.61343978869
75097.78499253404
68924.64642597947
58133.61024778168
86713.22904691055
73827.25940780524
75452.42339809642
73305.10094245346
78778.97044140182
62695.81583496226
59136.59172333537
64025.70896527778
61951.89380114205
89558.01744801099
63276.66281767562
69534.94951812063
73527.46222475906
70771.75823570117
67159.75601345909
82196.27973711045
