93118.21703982593
110954.71152876841
79050.13493259245
104877.21981854756
106750.52733397852
98466.4821834746
103665.91688029382
84475.59999858895
110359.88033347293
86914.19431489888
111004.64708528844
74598.22017607905
99575.48954597134
114503.49678926461
100980.77770891538
84288.29847711223
79079.60183855856
83209.29311264849
111134.995020855
110161.94136200215
86814.90103725715
111516.53109686397
106908.17892039215
104660.64529501348
87096.33864278674
112277.37825649747
105986.47452229308
105480.58968263176
99115.5739884357
103570.90476951496
114440.89358968486
121619.66905106188
87648.7967163641
105900.81675889702
98072.8694356045
105077.5771116413
88299.27478933081
112609.85315387108
97378.83139930732
104015.62408047714
104377.01312442916
103373.39321759235
98361.58523377554
78764.0357102883
96099.78009995309
92770.2499105573
109101.6831102392
84580.46633478515
106934.79165139275
92586.04549594296
101221.31387611548
104070.75420519242
103623.2152164968
105305.38578407634
98631.85186520863
72534.09012690517
100730.36406647027
117722.17921321184
79256.51882621303
101601.9861297728
93733.80279087498
111743.59773097771
84724.2870455689
99129.14806671494
108386.59886190109
87842.76993547859
99379.45965858822
91580.55122257982
84394.3196743071
110209.47593959147
107983.96943201576
88009.18114884873
