88833.40839148163
68605.47098381468
76886.38226532849
76693.97953181094
78013.94134037913
75654.1261042871
74768.94711849949
73562.68057397606
69062.08317650417
85519.47269366139
84242.5249476631
81533.67127288066
87284.37425564785
80112.85326963554
72252.08814784541
92303.90483576924
80544.26079380434
72154.90537966782
81353.65589735007
72881.11916416258
68496.9987998801
74477.5242111515
75736.31297191443
64784.83076699362
67772.99048362795
89082.42415458828
82994.33915584678
67262.52114912246
65150.61961249341
75306.19209552754
76722.0575754832
80663.62864767178
71803.73300967949
93019.77354925578
79635.20459539535
76777.84324541256
84068.02106676428
77180.00031642102
69854.87721617671
82653.23165639325
77993.25622517813
75433.72038247953
90212.96293749231
76129.56580311857
75156.61398058996
81464.662184091
76437.24101012979
85860.37322239364
81058.30467944268
75719.65851880281
91903.88272775737
70763.59860892066
76056.74085820642
79824.11028075739
84116.3538233265
90612.80820283784
93570.63996237381
73268.82882749737
67060.73281574024
81211.02120404097
82922.70873099755
100866.92089977546
78500.13779619362
71024.87747468615
96920.3076022897
74326.18996452991
79386.86605280028
86713.95836528194
64718.48956096243
83702.29440881149
78775.03616457051
93686.82362517309
