26075.156597739086
32617.236683413386
33522.90588754524
33316.445123257145
37107.61196059273
30934.157121795917
30061.979605014014
24773.615204599133
26485.052079529276
29845.535729149728
31291.0419091229
28936.581293716798
31673.73028022115
26873.695937554538
32583.444080815774
33646.23295604809
28883.138366901952
31873.82170774308
36188.701376640456
33203.16584045067
27360.88675398128
37060.95932726637
27627.46555940332
31941.044930434546
33132.97557649543
33191.30426122917
30419.95334518449
32442.518948195353
30424.010763115653
29744.522084466993
31830.020531131435
29325.70492717063
23412.571703122
32141.046338461725
30063.028477070347
27318.092907814218
30552.10748104584
25856.336812302525
30261.270040693096
27306.491248835075
30057.76866434196
30395.880540881994
33140.8588977287
27516.22768592724
28830.43162753011
34945.91156871736
28776.949202697855
26903.128667907684
28231.525535104338
26040.018760627936
28019.154068425367
29970.11765730314
30609.70347197657
32418.326368778602
26346.142518545603
35436.25878545669
29904.21078036801
34971.40430658691
33318.50594148637
31781.06167184265
25693.367171374226
29855.343276382733
30654.42998504906
31832.380194507256
26966.457500996286
31856.749458989325
27776.41311009651
27826.404026150456
28483.652451120353
31129.36319563458
31981.89258323209
30331.709171338596
