91568.49582121753
102347.67333437092
121490.40193802651
92000.19170464233
97985.63559223282
108941.03620380966
97732.46340872507
107014.1755556566
100769.51218090016
91411.10821671983
85267.0363043981
102049.63860377479
103755.20515530425
96899.982394239
90946.09420149833
100726.78791374994
93226.26242830577
112361.65303227838
89809.03137427763
109002.06279452218
101801.01664489723
101811.04557156659
103192.25456237499
103864.45514114204
103440.66216265007
102516.77360561112
86665.67615577215
113264.3567352245
103367.96646491376
109838.85107857734
99583.73382069447
97787.3902819323
106426.66473665758
115140.81136580063
109668.74006144115
105169.05582642225
98076.77439916861
107972.60284715545
107691.6720589115
91038.5086623679
98985.74059048569
96641.38894488987
79545.37961347272
93070.07786952943
95397.0726221738
99262.44690106969
83765.83536995857
101651.7121675216
100773.903689918
101488.04498707628
101906.20374087484
105795.42006412677
106501.89816934575
108425.78836440278
102711.71112210213
99547.15747391712
101991.64228619082
110532.89199510559
105750.00993375783
98936.27117124449
102475.67601943585
118961.81194955586
97891.63702553346
101224.9258009966
102459.42625917147
122995.41457069249
96680.02160424576
87949.07161879292
81066.37461837174
106569.95947806224
110072.9959684108
108671.59159066624
