74675.59784356898
60002.89835507352
80310.27846183834
69327.15222239982
59452.9974389409
81876.70884904587
78120.5829215553
59096.580291125756
73013.51628637974
68401.5970841818
64610.74339549598
67862.21338565506
73236.18212034991
83249.77954907913
83681.0517482013
75511.91391554155
64150.12040023604
75877.59388949537
65234.45893882318
76194.63437993063
62469.26079450168
74896.45550583121
72393.80744228636
78663.51455352583
54245.90524722386
71811.03761599827
69393.68230787286
68354.55426616034
68995.87415921736
70261.41650204308
60441.00220405517
86481.36282877764
79302.34468314836
73755.42095728332
64957.371223188726
79562.88578218449
72747.2752727617
78187.21883320274
76321.36387761445
61872.85673945308
76710.24563729402
77012.52201523927
72704.7266872396
71122.49611618799
73466.69158438548
63098.08622853251
67039.20846421889
83429.71466048979
59292.71437127568
69211.69085022563
68888.94964619112
70997.17183028313
79367.50963687725
74655.9917904229
56808.11283439628
78801.38790616153
68358.16023269047
72427.33375020004
70757.3007727167
82017.42898593585
76131.67528851403
73771.74752411722
76780.95745500109
64683.43275256591
68888.61307968674
73702.40854746025
62859.493856342095
80707.51412776829
62576.05439997765
74624.76444284679
71912.91365694483
78377.75498847854
