55155.141138511666
54482.23572282762
65998.62592904853
62789.53743409661
64395.38839297348
57151.090109828394
47687.714799932306
57276.983469585706
53637.058287272994
52052.46467361381
58632.94859387345
66765.03229085146
53925.68030565679
59623.5855296802
57075.02988676741
62206.56688825723
61809.2060286978
61713.29233636176
63050.40501748788
74113.88762175232
66713.86193515612
65759.45101576218
69551.01333191403
60628.41374657869
52851.20838718206
56474.90902244245
63647.84890978134
55287.513215759565
52392.78383932482
53975.27448013357
52043.0615711231
57028.30407001078
68749.35982615796
61935.28419336189
65282.41195081332
57749.21864749716
59684.34676014544
64497.677272466804
68276.29398320604
57334.37471434275
54667.28855044746
60179.07637341009
64929.8892966105
61579.487888870615
67885.6888543518
53401.22415233937
60409.71708933786
48612.541208040944
65335.346080923686
75115.77060405002
59491.07709473925
59262.96618913418
52297.15180969439
67209.569490908
62940.121835380356
62194.58369331742
66282.95296289965
54912.60841975991
71036.09521493384
62963.15145982671
63734.182785923906
53463.10563845979
77282.23256880249
61788.60726992639
55326.28460242044
56447.63577585893
60372.03000834253
59502.32416363517
61708.17051114604
64517.0348628742
61724.32922630416
58031.87465802011
