30463.628179288495
27954.90012845611
28603.783453052296
31251.52626287071
26979.35950338156
27261.10759520067
31618.740831950374
28061.14315920489
33930.082845447825
33013.57804296476
30281.19140271203
27139.546599306588
27957.134116292225
32441.52905734243
26786.42907106376
31810.441380432676
28272.885595703174
25337.52916699369
32440.34561283161
26754.447588305855
26997.790013484173
33471.55843587868
29546.706923240454
33534.52841746141
31573.660973241535
33873.283206999695
32886.45184576602
26272.214604411227
29829.96172546086
27278.382446205516
25132.80466626402
35107.16990097836
35376.8574200183
33510.642902180305
32481.31823890502
31784.54140440573
30630.954853616644
26702.275441058064
28589.42324830604
31241.00725624971
30507.985993289367
32079.60324687431
31990.559113008447
30746.379491290165
32046.330907206917
29910.459750517468
30390.98384433637
31207.625278929307
27770.746033804175
31493.154481136586
35916.85856332692
32050.814160941132
30726.976061888494
21756.074673125986
30794.27857237017
30288.863606184917
25826.360741203804
27765.731739289688
29462.62563637561
27528.304432374796
29997.764247382303
34852.250491077015
26798.06266123618
30705.137689617703
34757.0400496577
26401.204628239495
30274.849345320665
31257.979207817058
32498.616173445393
29146.81712536402
28315.607396271767
28579.888542216908
