101022.56350369455
98856.46703486628
98521.26640595708
86293.90294498754
115127.22917966632
100347.65332239968
107469.2899610578
98585.43055365671
117275.67119635409
110093.13408071108
103692.51085906308
80168.36460518537
107776.0224073587
88960.04976503058
99577.99855859742
88627.89560378646
102688.99154335231
114066.95343960666
97872.49757561831
90928.34520835406
105280.42181802599
91327.55621698571
91416.26753598439
94664.11187563966
96583.48971369091
94713.9618572729
100338.30875804373
104783.98193415362
105624.87947627557
88073.13417149564
97648.26895869673
80460.8029793944
98062.23668067831
118992.9075050998
110791.66715908358
93351.10783433425
93168.42310735976
103987.0171802187
94933.74173666627
104263.47450537956
94517.067521386
109873.00570290652
91483.86366860553
82783.86370015105
108736.14364289654
99522.56273860877
100246.18584927263
108842.28448385879
114426.55585503088
90525.83728305055
97088.21742184724
97807.76462463691
108300.16944354195
91142.33382254625
104630.05209065643
105886.70803114155
106894.59334894887
118421.98145070772
100164.77524827405
99598.48400296978
88506.06249078795
109356.57495376225
87730.83160180328
92328.71375070068
86809.05659146816
106120.399156572
108922.79956012225
94967.90402912548
70548.03682968619
103163.80596684651
90664.3497611522
108241.05094424337
