84081.66263178868
79449.24451946473
90382.56798850879
95241.23212221306
86173.49599758297
80444.55668178436
74650.06352979084
69954.71111506579
80581.63765061623
73163.57158735447
87248.76595927116
94383.1607315065
83439.9176866033
82508.30433689352
88258.06506747947
85306.7817477175
80410.02342415477
60755.66669290957
69475.0535274843
70283.24326914392
75415.12608348408
76201.87802892824
91634.88649356592
71542.41910072067
86435.30641349766
66289.58468604302
76858.39466014072
68390.00078734435
82441.11149028722
70231.50445423795
77149.67625249698
96708.84707153452
75678.5729980008
95313.56876336591
79514.67235455704
80215.61438769568
81322.98488307235
82975.33285593227
77801.82407746647
97565.1235173788
79520.35534700385
83220.86206035393
77269.39282331296
84270.90524390053
75791.57280363691
91243.110518293
73560.54839674146
75046.40952426748
82832.19256634511
89352.32571804302
88860.24853056484
77987.68710106907
65846.99182009789
75627.6720341076
91620.55840131704
75856.65573017386
76813.91193047458
79151.46901287016
70612.42735198482
63535.32634020474
86982.95955462816
78402.67899276016
86374.40777832184
73996.81608762947
85592.06763950786
73752.45624899247
88610.32801829663
92444.5062273765
82065.85124130246
79842.98848618337
89356.84868040966
79865.6027403611
