115008.54358126398
102194.19283927385
98044.82790818995
106703.04582197123
98749.45419523562
103556.01661621164
86109.22571326309
95061.17405346189
89865.89778560157
94516.19712948274
94266.69163243799
95647.02555092757
87810.97106206851
108495.45261285703
97510.04580317235
101592.91937178711
92694.47907521756
89298.25458948179
106893.4179233354
101905.87900721628
115643.82784194697
99552.97765744175
87473.98505718309
113533.70628066828
98616.3030369362
119494.24036905752
98011.25686995027
91484.0111150749
109369.15205079319
93449.60254821544
95640.78272289138
99213.41409898501
103703.48467506406
94169.68934626764
100073.15285202929
103585.36550391362
95994.94461171233
86897.84273700867
101092.70635859935
93693.29269120743
117367.39178138247
108702.15605842606
87933.95286829257
107001.8558285267
108700.96019022682
103960.16245466255
105784.76765783921
93999.9406804694
101569.15655947672
91365.74468318399
102107.11020266912
99506.76958065967
87631.03513937962
99888.887679024
106648.95656601274
111841.34854599858
101672.16495725753
108959.93145894067
105435.48937786082
96606.46330799794
90505.90627343311
98202.86377151633
95776.7739989723
109138.12747290941
99042.36914937703
108136.055459814
112006.9753167216
113749.40662183381
97727.79922702999
108973.56281543335
90891.07414148572
110837.9860070647
