97594.74302961613
91781.01836954955
85270.71879706769
85940.24443029637
73154.57633676706
74103.5666398739
83004.98577408414
86074.10132731876
76676.45465507863
78892.51847930254
74225.90291507616
67492.04652403311
81890.34086289024
73181.99327983173
84173.46328684207
76372.53362767109
88247.0111505013
75353.47344420181
76280.14123500572
75268.16734597004
90896.50380991343
81210.87032026736
77601.3388245052
76217.28192218646
76909.95735705778
74571.76963984965
73967.33936512718
78102.8831238258
74798.20217091906
84082.72056844784
93806.34733161425
83490.55549603199
85644.34408386119
74327.29791996184
83405.56486351056
77301.19945355675
75865.5198636431
72402.34772727653
68440.93998732576
70844.57408107816
87904.6214049147
62203.61607540647
89886.27451314975
76528.14824353873
95002.77708383367
71741.86029169898
88713.59427275417
83449.0043816438
85379.90602406477
83564.31044341445
96061.70900390006
76068.7799039053
95463.06951490305
73965.92045400925
71329.3039449478
94077.3168223296
76129.72034279871
84543.64823671298
78552.03195374593
82606.69175502995
85710.9124053173
97771.04419310032
90514.75756931733
71476.17859010071
98928.58444731122
92955.47408422104
83789.91780784812
88019.49546662139
70771.05997391575
72634.39309960078
82137.4360258931
69817.9623926658
