30313.36483420879
31739.698842283484
29847.811854452197
27519.321846018465
30903.83026611344
28086.824511639104
28091.79676827167
30365.503679524183
21522.276382260214
26624.853063329236
28213.905525000944
29578.5623095272
25565.877092224593
29072.60099490911
27307.536469661325
27556.440226357805
32692.912566373285
35207.37464286409
35832.989951398056
27348.51679204908
28884.748721940363
28020.286188169997
30538.663569214437
28576.523101093906
33571.69527236812
31411.210397184892
28321.51272656722
27028.86586329926
32712.3982124754
29146.211521868187
29694.21614122592
26796.643106111947
27527.167439162786
27093.32287449808
34570.518770533774
27286.306024439906
31614.940329704525
24725.808709923687
27000.640890109888
28292.818960845256
33782.07372788186
29528.100577038396
32397.510962720284
34152.13084111464
27163.330415880282
26201.469619353833
26374.60916219189
28615.870723531512
31151.750609879313
33039.86049720773
32711.091952513973
25907.724026199034
26248.944172379808
28747.485110225436
34311.6735652013
24982.151366313443
27889.984030668715
31630.64291853133
29913.44557536714
27729.78911735079
28405.71404425801
27002.066018495225
29591.30252383629
27355.414480022377
32421.76545289704
30031.285375994154
34354.51364995613
26301.603697685063
31600.743643904945
34645.786567483476
31134.13433790811
32988.631361460706
