22562.149056557882
28618.110020123226
31191.20908882687
33016.77271406921
26016.891798918692
28169.204707649915
27675.997303458407
33374.62233674649
31067.00097044644
24771.215830148074
29763.93128326607
31793.864608441007
25907.12493877235
31940.08513808152
29602.20498898255
28676.396110564074
31623.311756644987
27131.166150774636
29762.64590582532
29697.713625903114
25989.51872290764
29384.491586995446
28182.047955153463
33984.18180422288
30664.37601587777
32065.475853429198
32587.407393610134
32766.13862806637
37170.54123237153
25728.969841958075
34785.93682554783
30158.58490863639
31002.16250456434
28605.801597289683
32989.6264760475
29863.072264452236
29595.06651181204
30876.45824604214
28774.55655105369
35496.73202196168
28505.880802742624
31450.462234995568
34124.8019242579
33187.64235293023
26620.996883402408
24475.47041983478
25209.388343293747
27920.37116522728
26472.314491270823
31105.238167200652
35997.41404438447
27033.774142514907
29130.564334470186
31269.230387608502
30318.8287748618
33499.90307168603
27155.179045515742
23170.950044409754
27856.47850640443
22660.59711305032
30670.250220978476
30971.796949113574
28024.037895255442
31223.995599799087
29851.828154208746
31535.026532168988
31305.966481032894
30305.983066918376
31792.497244848673
26498.248966289582
36160.05863961274
33200.02651918064
