105633.1223389035
104694.03138443618
83658.4607065848
100422.0144873762
96471.01487665108
101490.32481778727
96225.66560671484
100979.85989958108
99913.21646498558
88985.95290050772
114488.95700157335
106984.54694724266
92420.87188355712
104540.95327627384
93367.4809007842
88123.8402258218
108202.67174733977
104472.362707749
102747.03065019581
92242.616448622
93337.82091128995
106169.24113884798
90558.72560435277
96307.93685714848
102899.01936239461
96965.46982103016
113126.06347165785
101694.303169521
94442.44695403219
89855.10855992541
113138.81696232327
89603.19048320294
100290.8996031724
96100.38526682023
107408.45085292545
102034.52503965975
115145.23928965839
113946.33655730459
113976.57116487372
96544.72464637746
104326.21282439808
95216.16085749205
107825.1335138216
99058.33667932638
93336.82947129049
109445.61249762223
67676.02159449353
105997.93107696404
89640.52238760416
89647.79794690096
100971.21979164354
90240.63492769665
109553.9875373871
120769.08818946162
90508.59142146197
113358.06912242027
100865.18850195831
95868.2662572727
98315.93280946898
92502.04051240522
112154.90354093502
88239.80773580543
91971.16987582554
92561.17023342893
101585.5117974672
96241.07314056327
90645.77338587855
110662.23165592396
83390.36717005508
95129.24107441731
100907.87205717304
103386.70287313232
