32896.936090799805
28525.920339270986
26068.228145814766
28370.925483732753
27720.632153044335
31227.435554869317
27548.606657166027
28577.6720100023
25908.654084774782
24534.373456734094
29464.73088508969
32908.42928662131
30360.09675382753
33563.91594042275
28243.08766390671
28834.609371110935
31827.265331448656
30683.624270386128
32394.283604325752
23187.95882741494
31564.1383981923
27900.003917925
32126.60591888571
29017.78624034983
34817.67762115935
32895.27595161058
30965.083845785502
33048.91383015615
34013.8470749404
29441.17051567687
33368.87072916291
27922.84675286486
30674.27992368549
32844.89417501153
26019.96711726047
34283.25347200031
28520.47551984618
34244.7443114079
30760.40616959311
31074.51010431894
34164.38827740929
37072.31892445003
35161.46373238145
30034.24173460038
35417.20200510694
29971.130867389347
31700.835470558202
30083.079437157663
28746.785427561696
31173.31409850806
30171.36125301654
31422.24214690182
30639.694300433708
33458.77225882243
30843.607447192946
31883.712665550185
33765.62199298323
26202.23820831495
32254.83014067149
31198.072762164888
25407.57661558672
31655.123459338996
30848.15976998219
27297.277760861198
29548.40018447191
23879.335318424954
29455.62353035096
26254.52617056737
32328.937239152838
29462.321372314993
25069.80208500801
33129.80049660279
