119464.63838959421
107815.04136462428
131797.45184635717
109514.84001296257
129249.64675043276
96849.73384558699
124497.62244243505
124500.29855187131
124871.3301554812
123330.76706285014
120646.95076666764
120749.33832002575
129500.52812995433
109322.52297483338
139236.80771764394
114365.35541713954
111412.33311464124
126341.81886105736
125345.05833808432
100944.66227761244
114561.35295629594
119480.78964886728
124721.5797467984
136981.93144731552
118547.1200524103
126866.05803928767
117895.31691078724
123262.64364693218
133163.90187950386
125370.88653096918
87644.0501187416
124082.16505451933
116901.14684890164
139385.0125056292
124764.3330442979
103771.38015928859
110663.19918988441
111944.96580755673
112862.44522961462
123462.01653597092
111327.8317788142
114439.39914751046
128165.27877703494
131515.47196967647
119259.08681073232
119471.37198518001
126149.68326178064
104554.94424758702
131894.37143817675
109527.2814415776
97468.15528374004
138805.82080143786
127390.72473714544
98483.34163578386
108764.057755323
115574.91888753972
118340.07098239863
105615.46675689101
101647.74334914132
117267.45143671862
155663.44136952297
113531.00211490352
112606.07895153145
113618.84743069221
118909.72282166299
113310.16192537411
123439.63598313401
121013.62684557211
142801.49389986557
131380.00154092765
135033.47232633742
90697.91447654551
