97229.24311303104
99183.10537835992
71102.10569695488
105716.84466859483
92863.42768654805
108398.90913343876
62880.97798913011
102296.1589480575
94428.71610014263
101223.43603201625
92547.62481647942
83006.47470080171
95900.47843627392
110675.95926434308
101234.72153624841
106334.74131144624
96888.347471527
102782.59306177108
102278.76428174747
97916.39954239002
110370.09840204923
109691.48868830124
109364.81112903079
84770.07755868396
98100.14244451225
104938.74314068534
90190.49672946591
87185.22352997435
102175.62899569009
99989.49276294673
91063.58578495533
90126.66029921171
98049.44915078717
96392.68019235552
101118.16835017981
101523.68976956754
93984.70937691505
95259.5092357252
98974.93816233391
104154.34615401864
106131.43401621665
112135.16775066439
109980.58810263869
83166.14535545085
91564.67887598701
109887.45034020946
101960.51912264228
85144.03756546929
94660.45015188966
97722.22349506244
101500.11155946633
107359.60577764132
69190.1957674874
111866.88510529674
87373.82389211925
104644.20365799616
106944.32832432546
120128.60217019035
95566.41615840704
118916.09815321735
109911.40791339066
110114.85426858295
101446.25409590293
106920.60491226199
101397.14715896484
85611.67655632507
109614.57634451374
114147.61188479055
99632.53378080124
104692.98980895185
94734.99923845236
118780.42765858781
