59253.688951880715
50462.27179346978
55584.09545677404
61026.47877627852
55616.56337353317
59541.002813804895
68140.59660964592
62483.96262241306
61591.07213114998
56885.71939277182
62622.72541344346
61016.35366773864
64672.93559639222
47533.92044855581
62486.90875549038
56581.850255827165
61888.310887742155
54745.51494553994
67006.54237507
55115.909761108225
58574.38185644004
66672.9723051788
66400.00429124567
65912.56014764924
63530.411788961064
54190.7452090189
66975.73977623686
62350.565736970915
52417.63597864685
62077.65592123732
58573.210718798335
56153.69379293664
63417.71752173579
73759.96781390456
74334.9377740672
47150.694195929565
56447.916184081274
59215.26787442658
69661.43693722914
53874.72347102811
59790.21365434675
54789.38187968647
66355.25963815262
68787.1198544233
69316.03887271711
59891.65173068651
60609.44425609312
54735.589139278905
65866.74051836882
57093.66629241246
57963.2698830006
66372.45464141828
62131.39130193117
61777.4442685156
61321.26700910217
73462.9698705083
53379.68203053047
60362.19706326805
54900.555329598166
65868.4825497609
58798.522292633155
56555.575400970054
60961.05366425016
62228.16863518233
70946.2070360887
62094.10185108543
65423.427578958115
57765.05243668334
67268.19456945235
56795.414752732344
59594.25068595217
66875.74730462079
