124034.35008267719
108684.09325179073
106874.54920073145
127961.24374552087
116973.81298785964
119516.08752137411
118245.45393227448
119207.71691003034
113457.533107359
131945.5225580101
117777.56843409073
129892.57607916305
95837.28058159341
120435.64018144248
123657.17109890134
114979.21145018833
126684.44291285363
118801.27789275622
122517.4300482257
95570.19485211787
123232.40860657091
105206.52046871399
143507.44700488754
101858.61168481765
137302.96524385895
94400.56883736498
109695.58007345414
103838.05304081136
110869.9563302821
106790.19643208511
120870.04745293534
124194.69749042297
124567.81525743913
125360.20440893405
108645.2683129908
94105.19052273093
113669.556499452
130894.84118251357
150796.88628914882
130197.3794379695
141617.14729884447
94182.9839580602
118252.6759199398
109562.7612548359
130404.51146429275
106306.62430185147
134732.86552360037
117883.18255827154
96350.40839445071
134595.47938663742
109823.22159278656
108967.56585879075
133075.58236916605
110589.9581498371
130747.7944288051
136103.14513207742
119140.80533352897
104249.79047530622
124657.69175588465
115932.90474980607
116224.50222582073
124767.04433023841
119366.59185898864
93428.04207875469
115905.40517333029
131113.32868776523
112638.7156489013
136386.63169693638
119920.27188052128
109539.58841624921
125935.00497123356
111775.69105555021
