70923.29497813169
86891.36436386264
88587.78361544483
71946.5688347715
91830.16997785677
84924.97089500542
82793.87291520557
85965.40462002125
73803.51080618237
89667.55856792186
75413.05459246202
73752.11570801206
75568.21046629347
68139.48440881992
64761.07880995262
76799.50772362015
76216.05660516143
89773.11316444619
66520.4413593649
72414.56629779801
73723.96852310184
67533.45172199448
87257.84693786384
80276.8973315118
78096.12294172846
77460.96428261422
81966.31548294665
68353.68361222013
80223.64247756421
91023.81737910303
71996.441319036
74703.61568129175
86553.38788156107
91469.08690259757
71412.63606178037
76102.0452305928
82246.30947477058
68235.17574511324
66735.73130569716
80289.85774836465
69693.10000110247
90609.71823947586
78215.65330743378
81059.56655789871
79337.58795369748
86561.20220171363
77745.39299205423
83953.48549847824
77225.81089265786
82671.46933634974
82542.49707696303
74306.88902288345
71356.13799274342
79744.21562133891
91232.0169961652
76255.3849844212
86690.79191679927
89951.06951788733
78276.03666275712
54832.34247760462
79099.30213937767
75413.11257844066
90147.90539488914
84626.36316807866
74137.69349963844
80375.02691151458
88355.13110044897
78657.78496508383
86876.08454215543
82494.86123714205
95516.93376726296
78911.41263764098
