75271.9148504556
68695.0943677559
69194.74423608097
61891.64048450669
70656.78975068695
70796.87631877675
59112.17573844708
72620.5752116582
68242.12002243745
69840.13312269398
76725.04132458016
74134.10961918732
68007.02650382151
71097.25071544958
73046.71451178977
72948.62558807597
77772.52464438492
65891.66867025741
64662.41840467672
61133.675460747545
69814.234442949
83130.66644735697
62591.430358282996
66961.07924712989
58551.043219238265
69505.81589093797
57490.462564695765
69710.15447893302
61231.916564690066
67832.92982766072
73316.84087481239
66024.32300363922
78590.06217730108
81078.4469173503
62708.04487500243
71571.93425442807
77315.65601746728
74863.1488132663
65412.98055251093
75556.52775917668
70389.20844120855
69731.51527457083
80941.48756761417
57021.38223387475
63646.10174028839
79857.0481357351
66297.71108576257
64420.22234642557
75187.9397022785
72238.53437188453
65597.67191986056
65383.05224794232
67691.836927399
62693.57591227264
78396.20598424383
66640.21652941265
66093.65848836042
83835.93827206705
75386.16504218621
67853.48699778703
68427.74134355741
75296.7566106928
76616.89218278404
75576.03893878666
74838.7540442338
78926.49150833748
65717.35413579621
73420.87896782065
69564.34740823008
67204.97740954155
70226.67565910914
63821.92781710412
