29138.856129975808
28372.26266333716
30398.487976674736
27511.249371199414
29248.06486879505
31397.441069619596
23756.958300867813
22610.286538512377
29788.672806977684
25229.701998286608
28615.619449558188
31291.58272855604
28557.39922707801
31998.61546057249
29662.463179400376
30470.33770295175
28706.999271694345
29182.07230275856
34762.33614757376
27569.717128599685
33139.294053990496
25801.23540428075
28720.733044807745
25031.864554581272
26912.371965638737
28366.34539477389
27733.573745112382
30620.17857732362
30137.352190946058
24422.161682959162
30760.706927952368
29784.488603298716
34041.571324002405
23333.164251799863
30594.97976598774
30115.97098953287
32569.004886207807
33629.73805472379
35072.86307627315
28433.40145865114
29021.379003881528
32438.053243161925
34517.50691554287
29343.61445357239
28887.402498691292
34172.52934395073
31228.90648464112
34479.787933247455
29424.109750843723
34339.68681993476
28482.56130726353
28106.218927850565
38264.43586359344
29096.767178442176
27590.908713808956
32376.12242839435
24362.759814171077
27013.80242675917
27588.740056627852
32221.220818778143
28072.84546946311
24823.569091644393
28372.87606502623
28540.86530708866
33757.60744282077
39953.081930401786
26595.42095933294
29752.746449495844
28389.720704645442
29453.161921620765
30657.783281996144
30398.59424468275
