113043.8412218005
101100.22234405075
122148.92719259439
139130.09535406542
140998.2870875161
127415.29969838052
138953.74237560798
130751.77462641239
111669.87202409128
125064.90450360719
121577.54188976852
118055.74564462359
131100.2297043315
138671.02862820835
117680.61453791789
129931.96904021584
117690.59243270836
125813.1852190861
111824.03404564054
138398.70463961415
121309.61856574647
107663.29272907504
115912.98048132645
133255.88561203686
125904.8056952589
116535.82931291862
127775.06713768674
131397.14704746913
139973.24735265787
114449.01882863349
123139.81417594351
140735.575212819
145940.81867016846
115326.89135051533
116053.90210207626
118363.26773588073
125711.9617340403
121920.75883415692
116886.48730339331
119490.46427648765
101924.04731217009
91253.2456183284
149142.2818112654
118208.01197282046
101714.31611463422
114958.41281588135
112679.61822212355
119987.06007519485
98420.30010073805
131996.402034384
113612.7449623215
115643.41893145963
123017.93879909739
96312.69455635936
114773.71235967126
122893.63006531444
117278.4621390159
105822.2616689096
120967.544038155
119508.7849370583
141289.90609898453
112758.58534107517
118736.88792629194
121995.59113500826
127672.91399984318
115583.5194167142
119354.24636376441
129651.05042386899
140273.87112661378
125906.30302405058
110963.65502666388
106699.90089112138
