118625.88056665436
93123.31589601735
122076.11928361857
114036.12680879944
128492.15733236281
129190.81156003522
101087.43207426532
128167.87497186496
126558.07472294128
139207.8610859266
114757.52192564987
110404.81047702444
138754.41992393442
112973.38189394797
101977.4904157281
137455.4570801908
135889.50069299858
133996.33417066874
114142.38395628391
114962.12710631426
98629.37429163685
117788.76113441674
115238.83336881842
121030.40252178791
109236.28227226334
108290.14256476282
111408.99549621904
101859.85305723082
129962.76655257402
114369.64466649498
123409.81437775625
122551.14863894718
114518.47702279026
112286.1604623378
105736.70354172908
110956.74125472538
122180.30025832575
113903.22397158235
112343.72421192509
115567.72976088143
116701.19298361568
118443.35140675677
134466.6575988766
136559.85779116387
122149.17545697602
133225.85873529213
114286.68531186205
108814.82680240547
130507.32680397075
115297.94115585847
134841.71939798855
117692.63067666661
95986.30063218203
104875.0956705313
114494.22273248842
112486.93201280493
127151.0685024034
148293.2627993616
125868.14958676833
114414.49763985492
131786.8545320394
128736.4726042926
127264.50504673648
117915.63944900266
105580.777557364
134967.24691670452
127020.06726901127
123492.72218892387
124337.62965943948
104538.04263228447
128565.67780495304
134798.8550511962
