100658.87570655419
110805.04406441336
84629.29636813916
102604.56195721989
95990.99984852168
88298.8701757504
118324.3615956141
102876.58329779934
99813.88346138808
114654.41160364432
99464.51463613089
94162.58165921333
94504.14807475396
100059.84992166134
99242.33051176081
93289.78448479128
103018.28835768368
91261.88103584509
114575.26888794175
88872.26128323509
87190.87975745
101272.74755257035
100468.27236299597
113739.49525968547
101005.85283396023
110808.21842737203
91054.36770865471
113801.05573208368
99669.05326230347
91950.80956858632
95684.94504901966
93469.48697517395
81254.894305391
103431.3890357412
97498.88981991532
88696.12579708532
95514.72965614492
97687.7728377321
89386.70252564059
109383.98965484368
90704.97683203667
84879.52398723608
97229.47416168569
88013.29749520948
123068.38676828545
82346.71558290305
103689.49938970094
114079.41767651621
92564.97897769653
91486.09105148845
99309.39266540925
91111.95937458151
107602.54381249643
102906.33765012202
93364.80424941517
100365.8420138834
91050.87225572116
104155.61183169663
105542.45810808886
104767.35201689624
83135.95671211144
100060.09962963033
95214.34896659973
105238.2776309586
88094.7896821847
113668.12611928723
113165.91862745868
113229.11334741914
89253.25351602718
109010.2970749274
88881.62029049365
96950.95459365589
