63670.93241002548
69878.79769142627
71463.73371797688
60549.24074199931
92104.88710361927
68662.63723485931
78323.95817301844
69136.2649376348
75826.80150227628
67191.65549984192
76288.23953543001
58853.283613909676
71450.51350232697
68196.78371230871
70671.84181062954
69592.0612038315
69888.80602210699
65923.42482598058
66835.7983816977
78644.68522929245
82452.51086468928
68156.0217146406
64807.39669405386
64626.64007013007
67489.70705769883
75409.85227720634
63388.97935548428
66675.73546529599
63674.49636144976
68196.44539402948
84718.2600101433
68310.8299762736
55397.3352496936
69467.650455673
65531.49361373925
73118.36489905602
67482.6029518079
63756.22869845385
62788.63143635878
78142.19009147151
71796.3361704179
71028.56181845718
57986.93049015661
72821.17814453904
73038.4358171915
75498.80503265074
65381.6584643524
77178.4839903688
67705.32527980277
78926.92697543617
74900.80678757494
72637.58625301112
73321.09484592541
77026.1772525196
74770.0568114937
63830.34365286701
75749.49244679397
66441.70445278962
74867.15793216816
69393.2529032184
50548.633889015895
72881.54613859618
71314.76948194021
74829.92794274006
58938.79339299304
79402.24483339048
60470.076347236616
78532.77136224229
73425.16441553476
70328.31605277998
74898.95461558917
75819.75875107125
