49623.48924207947
71400.4623389152
63865.916751185476
58404.1642345182
66418.96518534364
54493.65518291489
53734.78921814261
58228.61596849926
63704.985045826324
65878.59212145359
71829.8170213286
66198.36463598807
49446.32277584481
44332.974747176566
64481.14391014836
58679.6927213465
75598.00695127645
52359.287008938445
65401.882863819126
56440.61779612971
61014.47520123798
61435.70310205351
56231.58290073581
53221.73733190294
66268.31069765796
56307.14781204661
57588.024962902484
60769.38552097862
58051.58156240221
57498.37309706037
62923.09877697632
48699.93304716638
52000.66979392316
61148.932266733056
56403.73433319295
57841.34984981463
57633.81603712085
58089.23055311181
49534.63843084447
60287.82049049163
57283.95736893528
54738.488313003916
59200.90940926603
56670.94258643335
48561.68919820225
48418.51800949256
61466.98211379189
53690.108917069425
55910.38465198294
59196.45576693967
60253.60412881723
62360.303239234316
49229.88225194623
55439.76158220462
57861.3414367783
61806.15283018737
64164.45906535127
63122.017242697206
50634.368137514255
57724.26557032524
67429.87059625659
61620.18885380291
49132.62586043387
53626.248642526654
65821.85468670307
72044.65101780918
58466.80430335284
63037.44275311424
65785.33322091025
61368.76688143832
60346.22674806013
55350.04091487822
