61040.19599715679
55333.01733567827
59001.545564682616
66436.89450652925
65304.847559272835
51433.251901998614
56187.104964780236
58619.23413044944
53954.60868862926
61671.807602787296
65439.14249877844
57234.82569262125
59124.96900077259
66598.28748867987
61199.39366366157
65444.13625436436
62496.466704859406
63695.734014848436
64093.12364676939
61388.14934387069
47361.827816583784
60048.220600469554
59250.45890022135
59651.002349215
57177.526359662115
58041.333411532425
65828.35931420106
58452.87935720914
57509.570344962085
58948.74268093559
62878.88566352604
62777.548803420716
63723.19440612699
63544.72369431079
61299.077185541355
60692.2097003145
58130.66590336936
62098.498636477
48675.74668005985
54102.94830074047
62365.62135220289
60229.83494430709
50697.72569647852
63800.87691107122
54249.05741415409
53487.32663782034
56899.47962641488
56085.79980594898
56686.655326612854
55401.21883354793
56636.03627265491
67803.32111769899
68046.83578473184
63058.517182486845
72040.46322872478
62458.16589879454
69022.81279553077
52919.6089218693
70010.7412370911
56326.526692498635
62678.6685876388
57627.39235750529
60375.78764651391
57070.60440625237
64358.36779201819
53530.379073474316
62681.71582803195
63114.503234069816
61981.161504584015
64805.86077927146
69722.92787050923
68738.72146067357
