56484.45814116979
63843.95540688038
68055.64396183877
73087.86794155157
63971.171091353535
74055.34396658352
49346.62520129235
68906.11712992338
75642.90962578949
91399.79301015487
75008.74967897432
70231.41954638652
82085.47703767133
67808.63657443099
68372.51885287624
69110.88967228588
62040.17849958682
69774.77925699482
79061.7095863232
73391.99174011055
60313.86189478918
74810.96982092447
81827.4063706321
78341.74760639817
72376.46114065441
73159.81160791309
59229.051163460244
73874.81273351381
78024.90532982489
49170.501939065674
71670.30440081593
73851.05405861893
71009.02162610498
73004.20097331132
74907.58151816583
69160.3318672016
84549.93712674169
65871.47790925772
69565.98970348726
70674.61281433573
79955.71744139408
67839.07648664966
72273.47482189439
68974.14547128315
70199.06154053345
70808.66518495514
70260.94635353787
65988.87233992925
74609.63859539128
67946.7523228881
58010.15849268216
65789.07574747308
67605.6402164663
69724.5452878136
72373.98407473086
66648.7613684211
70657.15353959275
60580.274905086175
69477.56856567333
69246.63263748385
66999.65427419968
78538.7986428277
72589.39378057414
68691.12300944923
62331.22514754651
74844.36152178535
70859.00882336058
70012.5442153864
68203.77842144646
71029.61715933212
66080.11888454724
72782.28068024445
