69938.41787382551
82276.24568892641
82447.25216128572
90865.15694381949
74843.75131587345
86107.62168641743
73542.49535133362
67661.57291976099
83086.60086217943
89051.93011808253
79831.57775594496
69063.8320684975
80811.40561160554
83980.83778265798
68339.20216820377
97236.1816584663
84589.88341019604
86949.5797606162
77363.24117945152
61163.97124393177
66055.65589036704
74123.86217223587
79904.1533463401
87930.24746754256
73563.77501983749
88215.44739658758
77088.06528414272
76884.51492576241
96774.4187559774
85970.55423499864
73944.42476154593
69524.14177738575
84277.62769178735
69585.01069919384
68188.56599676772
74220.5965226688
79685.97480149099
66973.76255426789
80111.7987026763
96745.99542651726
71616.053846686
81603.01970283943
78058.16185201348
88801.1527738269
90338.71667800788
87765.62992755571
62782.86604985535
82276.2815170354
81846.90488704828
90080.36288848109
82787.30439764675
75586.90292125565
69079.92801922001
93374.12589457433
78066.08865921224
91834.98575099191
70353.97891995235
84638.85260285587
93050.76867740888
94118.19414480828
89837.509665184
74772.9970258306
81783.15767307467
66557.33257959335
77171.87712751547
85937.37369178222
85677.73016933893
77662.40592018937
77924.92211071373
70953.97698991137
76756.43883242764
89003.38894044003
