60249.86950589725
43899.94546240332
61492.80199890396
55643.73604488086
50004.47991404011
67178.97835703936
63027.29306420629
63249.1633402147
65643.44300334234
59390.14793661946
44687.666311501336
64812.91309752534
61585.565799352145
51660.7231905774
66320.04465566392
65300.128501028405
52733.50984266859
61594.162361347524
60390.100571011346
77873.42131238256
64501.490822018764
63352.15017310426
57431.912833201706
63985.90405866507
60989.80462995876
53721.33795022995
59395.61411383644
53795.89195251515
58832.47762359543
63798.929792924144
55162.87685232191
49025.2726400934
58783.76557684183
61951.35210230219
57250.563994649565
59071.98296010301
52491.09751617473
64048.980188196096
59239.96502098455
65629.05110579019
59712.1418618574
54283.178850713826
62223.413826571064
53873.73690834662
52193.96075885764
64256.59094075393
62162.78616591552
68792.17851763895
55959.25765481659
54727.2299350725
62144.55412256328
61221.626744321286
74954.90194068072
60418.33376041527
62884.67700378133
65592.37055021802
53965.25922711322
61502.81636278902
55394.91260299144
68091.46815755252
53762.58219746988
63635.814532806646
65737.75147667379
52048.264308108475
54666.517032679316
59093.83118507517
57460.06547546586
62343.25740654717
58740.51103730151
53257.79444142781
71891.0232102004
54053.04874842914
