105929.3877969755
71635.52044092893
121296.88320136472
105904.21129786546
92048.87750210888
93558.17296069526
127321.65123544139
91591.07821059678
99028.8787663736
91249.8152307828
97352.7520704354
105167.52339726787
106297.72884974316
92547.94395681837
89233.81522733902
90473.93541618838
109236.4030475566
86090.29150628796
114009.2533271191
82764.82028617938
101523.63361141534
104828.40700559925
112961.21666719037
94302.34706159853
96967.19319830055
122746.94714399586
97878.11712574468
96914.06903428919
83551.91852199967
105785.2591167679
97367.95506287881
78301.97523378575
114206.59691119134
96522.53704404774
100022.63439454477
103202.30093246567
105429.12701470821
115945.1164691248
85554.93769891058
108986.92776715242
118465.7537658922
108411.41126374705
111592.22267195812
118864.38624821964
107960.76268688377
88340.53404993209
89093.21350017654
110680.77207454121
111131.02198324358
94087.06729958384
103450.25484967032
99416.88289315873
111438.00067662966
104127.02973445992
90249.65525880306
115036.82407654135
87180.43691243725
103775.77200520827
108346.24714247989
100177.94345504965
88773.17815412424
112887.48995234452
97945.90893156387
83636.5527497837
118640.22095068311
104383.09726241624
87649.07788431387
86286.50982906249
95509.22883205046
100291.40709663293
101110.59106286096
97212.8392537749
