75438.04172014895
75796.7137127144
62233.85125174034
67230.75940879434
61124.0436489541
69407.00765911517
79379.20255022317
77394.64673821385
66856.58545882457
67761.66215989318
71889.78733255026
72474.41174220924
55413.09730410432
52929.67012054804
74596.76306769947
81202.8873637111
73107.96135995806
77154.94927568575
75148.82603120325
81384.26694051597
76032.53217869854
65728.69396053208
62803.43335580283
64308.474084083784
72227.12805757127
79552.14966836225
76775.25670930897
72784.39675657112
81520.66282951385
61542.62250151513
67254.8361792519
71274.23230774676
74526.84686444786
65221.06677725789
74192.058313997
80089.29054511535
58927.39206737797
65404.11646687096
55960.397149032484
75538.6381902478
62935.10680887139
63037.64627815031
71066.8454365195
72032.53560846808
67522.08077647547
69811.58281641749
62580.611827739434
64548.72363195576
80476.2529170291
76081.72193972502
74138.75865115688
64689.8043151651
63172.546225376456
72515.5354687783
65632.74761815596
76709.16378575917
53697.185943765435
68438.53415243606
60497.78911895424
72893.93409539627
68875.49312763328
75143.00828126441
63674.81716124991
80595.70730806353
70440.88241412092
68046.81449556843
80524.14116016467
74362.14421811086
70563.58646673484
62821.6791606009
68568.97125972764
64442.04701700907
