120365.50197551149
125525.20319672572
105794.67273976211
116459.78435407074
138282.817295325
117848.43218044873
126201.022892305
111860.64264213713
147443.63089116136
121833.70671273427
139335.36971974047
119878.60536630682
111011.09952119514
127012.1876359171
118693.75673178672
109498.44330352919
122917.72553894551
121564.642623646
120442.5400972911
124210.74462366899
136243.28708478622
118057.6698984214
130251.96985383012
102841.89603899044
135110.30490425148
127452.26862387243
113723.48119819855
125697.80408135237
123203.059756545
135874.4619481018
123070.53890998237
109725.39213165156
155040.43820182787
137510.22271239109
112563.03963286248
118276.72076891313
145049.12343754963
113281.70122127305
104185.17667789823
120988.66814878963
131139.09250037535
110452.32351070041
101236.05079241375
108029.41220291404
95238.56035664114
111045.96051950843
113666.14875086841
118691.31513570523
133356.89221977233
130127.6035594462
112695.05092926428
126760.96133001117
103516.77160665818
112192.52364538668
125394.0829194717
119671.58613662866
113659.42842783095
125294.67497830151
120794.14638190807
96235.346835538
137189.72451246745
127263.3697777396
109018.62881029047
122667.31387633347
118765.49257122359
131360.85020705982
120921.47778810051
115567.48700025245
120376.28130104985
122576.82039550977
130661.16511636799
137512.75504255027
