114698.52712951115
89110.12457443395
110488.0908355801
107288.40454711903
108311.81715194343
94868.65676428298
110550.53992526638
100268.02509275991
95109.71577825265
108092.20526579121
114552.00571340014
96963.96405827909
117505.4653322114
89964.44512371243
104822.57277629767
85485.3769641211
102626.9244162799
92999.65732196486
89204.44657774403
97143.35111029014
103012.42019671155
121411.8380847494
90411.05978180112
94177.08339536532
89892.0140269037
112037.10439888896
98616.47838358728
89729.66547922442
110119.20702058959
87263.69676214516
127947.65209337517
87633.78983097411
90813.2876886744
101535.03152474706
102947.38753458278
92442.95788689927
95484.03370064624
118847.48589100869
99685.1722468341
93280.21343434481
104513.35784711433
89979.77838890391
101945.10121677816
115584.6105640225
90519.9889467564
84969.98406193852
83127.24048838578
97343.07052175174
95665.80555453678
97571.4641123748
94068.61776034844
104993.22480441933
92353.0741993679
92995.16325386302
99077.39726583757
91610.81380101104
84181.32518011697
108416.80670968823
106812.32616539935
105529.94117486887
90874.49796909044
82426.16005614115
89126.59919183598
120764.77870482414
103175.44182057011
95412.81816167149
110348.70022993493
117323.21055586825
101326.1015539593
97247.60468449144
98078.22678475062
104440.14067757585
