77365.22814484428
75773.35356071725
69231.50195793636
69488.2924682852
85249.44426220584
75629.9728980933
69849.42100603427
70078.31449326737
55730.67112531904
70379.31735958115
70558.66276019317
68864.47650424622
65732.45141009582
73823.81258137035
77413.41540766878
83791.8786868523
77935.34350443247
73924.75650589188
68980.91969069587
76318.14987734015
59189.6524130437
80560.43315912463
74434.55953771537
57462.23457714897
69918.80701111737
63543.231363263505
68890.51880011417
79295.21637652005
71646.86041851716
65667.85877189058
67534.58488574148
65442.36169603553
62008.65059339103
58813.950170298485
58900.58285290223
63189.17692888972
70509.6877690505
79255.43609213289
70071.99604207015
81350.67237155461
68034.12154633387
73739.09668826555
80678.50833153016
69768.053260268
65610.0042683425
71332.35975833854
72566.23317368956
66091.6730322161
68878.99234725373
70035.88234833986
45877.674154475266
76818.81633418716
63489.77912420651
67371.67465089184
56983.362997904755
75063.43521894302
64629.696912298976
80387.41433321466
73258.46231164827
69594.67779899009
82835.07933659626
76906.53177826206
70800.02324772373
67556.98602325997
89733.53035835085
74119.11524880031
76148.5260698059
74995.65418416364
64931.79976607852
67324.85917666841
64364.52485287594
69620.03435788976
