81637.55458576279
85074.07406669443
79311.61813977775
77723.42651417505
77479.42721854344
71313.31792898361
69252.44340134479
90466.17005188903
74144.68692317967
85008.11358474386
79337.44944279271
86229.75917131318
74427.78145278723
81258.47888269581
91362.84857904167
86783.6496859859
82920.68251761378
77624.29731341245
86082.37140500508
84760.04228522166
79580.08351797807
86885.68140285069
85114.3533988984
76465.32558572204
68866.00619091977
73985.41892096304
70410.17969977915
73697.82482369384
82802.33232739657
88182.04214750415
79856.46738857523
69010.04367430661
85586.1883958193
83194.37343729433
91722.4930772015
66318.56393659112
77369.04523632633
93592.54527703923
70388.18454775303
69482.28262717891
79539.68625223514
85499.2019392017
78946.04040481537
72509.26480306945
73259.97887512845
77254.84910742471
105344.60267867136
83779.2777443566
90018.29265440266
78768.98944045143
92000.38425078861
71539.09210597933
66693.20612156765
79527.20645266965
67944.07289118117
86488.57688757314
90782.15713315886
86724.57154716611
91912.24970694513
66731.96768515182
82888.51034854205
73348.11918864571
84712.87692688202
77120.64674286703
75164.25905189088
84457.17355730702
78255.70337015795
79485.28871675166
75239.08676921067
75972.34435103078
70655.83089866911
79479.34528161585
