97523.24831504308
83284.73971958779
99749.76459845807
109329.14783854657
110197.0462051983
107570.2287892929
98577.06081584911
96731.7037108513
106087.88805758869
108058.59627329092
92550.80831377358
85686.47867380848
89450.24873257629
98512.42742307801
129456.12817254575
82271.07627214373
87166.27333291467
99054.14696977148
108312.93219965279
105589.92943734984
86041.7786815401
111624.26527490596
115917.42510329053
106213.07666611785
105888.17348547377
107915.26013398224
105496.62880924491
103635.53262371878
95691.40941053042
107991.31629345882
93879.00435699294
118404.52845754146
98371.58620233134
90855.87425989471
91490.79609655346
109859.11782083806
108329.56400136671
89054.51753804427
109374.44594703402
104065.17045494041
94311.65264535727
92618.42885805572
99348.47763162192
107900.50161600589
97775.17385777298
97614.21646854607
83913.2114454461
93030.57766959227
112059.8701394316
99234.74361677076
105119.26402862639
99126.1786297052
102266.5744675759
114259.68181661249
98459.44045907402
85328.32681734614
96787.72656030988
86749.35604156769
97810.29370461009
109518.9877487984
99460.13393070902
86279.61860023574
97348.89416738114
98374.3379375847
100545.00915082869
100900.91947031493
93067.05165556783
116447.88962892845
101044.45395444935
104517.9317159389
105848.73632592375
87813.26281728473
