66928.23384737002
78152.40556068775
67913.30359976145
63093.35112862817
60109.422860756764
70888.94836153727
69404.15525011113
75205.29094801642
66955.8664535186
74384.82558240052
75053.91612578052
57889.41737712063
69198.18813494101
64538.550379940134
70864.39555019667
69939.76409912696
67725.15479240712
71639.7396005121
65680.34529038423
72807.65206931793
71802.63266214184
82005.64396393266
64676.89967239927
73762.39407601123
76515.27859678639
78430.59942037442
68926.3410020484
65205.18490676441
73126.91727455887
72031.1759436334
71506.0228927226
62539.88184947692
70732.59015987327
59814.524893935784
50455.594608532905
81600.7002143096
70490.6423917643
69331.9197060463
77392.59243053626
76502.468735578
61441.6614259556
70728.03193800428
71094.02399311768
72447.07597794768
67183.20222557776
49673.70059942172
64501.901841331746
63638.425390332086
67911.00073446607
79720.5693674524
79471.74671033483
91986.3718370155
81964.88341333512
65597.26878067145
65359.4809849942
60240.881385390625
54660.19704739764
79992.50878386841
65208.292511712134
69176.83357718958
68918.76409069104
71564.45272661244
69561.60834538413
77671.7513792046
73564.54207376378
63411.06393967344
76455.17565708318
71091.3092487207
55512.00812691784
65961.73929976352
62019.58524017327
75287.21790947909
