61526.88158681824
59632.030202836744
63359.07665670206
57212.358711168374
72797.03913740288
48585.815608782046
71037.96888579303
71456.47891403631
58529.62202102439
52060.187890523535
44337.782776598324
59050.032307176196
56752.1882012792
57045.83915290696
61647.24470062739
63379.69158514756
67847.6117734896
60154.36641552452
55172.4207625988
70817.68942148951
55810.542040784014
49039.78740864388
60660.61968552647
57316.831702210795
71161.72780070643
61287.82689538151
62155.25201367029
64630.671290632585
66117.60167400647
58093.83946454392
53088.23664886401
51316.964717018855
55163.136991205436
64335.658256022085
60337.47359967226
61862.814560350045
59778.87227764817
69132.92827769413
65443.52032474281
68578.21213650808
61735.34255834075
62424.89386340545
58760.956977545335
57981.985467098224
59982.88226515914
53280.74065729389
62390.81444632701
60124.0476313676
58637.89959954882
57018.02078429129
61911.467186248934
57454.07600958886
59817.24790956211
55511.16109510776
57600.01427089611
57545.126296874565
55683.292054745114
74593.33510919505
56995.78126302695
65547.05949406301
49951.267959892604
58813.64703465002
57274.46321656396
70089.09457159972
56617.668241177125
64228.936651737495
60681.13149199996
56930.96253246852
54745.193612356605
62962.8133547427
55335.50913186681
51630.91178398825
