109678.95995240303
118630.45442320734
129429.16028333786
137597.81709478894
115164.06282633425
102598.36138759663
116148.39394267302
103245.98230968931
107413.73825776354
114172.68581118814
124234.99446289848
106279.16286994697
132445.58626699293
99527.48817933306
120441.00143414586
93441.82750023875
119514.20300465761
125394.39368592904
126576.01515812827
123784.83923892213
98166.06682066704
113861.83984524461
122166.21019701978
110301.59769088503
107633.71934800156
126769.90432956787
125047.04211668056
114647.12336550646
122687.52745388403
103112.64471969836
106257.0864587765
110483.51348831119
120376.70208663928
139302.01181619707
117219.93161110635
108192.9852787549
135277.59879273776
114200.9869090802
123742.93084732884
120391.73483011444
126038.7275790765
126025.48575984017
117945.3443070238
128329.2779955043
135136.450202556
124563.30858342524
103664.66413923437
110116.43065316713
122553.87100751024
94048.40855507214
117457.03623340324
128724.06803238453
124889.84322624907
118912.00828009775
117079.50797934947
125421.18172502799
106341.75905700772
114552.83288576166
112406.75229260733
135200.63749877072
127867.95243965722
109998.47596627899
123178.7734295342
117684.59717220295
122353.1864426026
124367.30827144759
125026.68889895835
129626.34462913575
94490.12323996541
111954.46395272302
118060.05602377257
128402.98552922769
