29365.234251662067
31097.990610345863
27303.694268034018
31451.863596859203
33179.41444481013
25929.953103430147
31087.669379115858
26793.73326069564
32402.80872528723
29584.91926924912
28797.968291965863
27552.73708930401
27890.632619084055
30967.898819808168
35122.38272945203
33570.237476443515
28565.625241628568
25031.070868553794
32188.477873845535
23435.235006079613
29395.13882102721
31122.50006343477
31570.24623465745
24827.796196542364
26552.18942412143
30337.082543461976
34045.82192116161
32812.87386081929
27784.66324426414
25062.986512323747
27755.63285978304
31559.202144259107
32923.20490880178
26738.80723417303
26813.98631322111
30613.641602662665
27135.647472762186
33804.974467343076
28604.70774623324
34875.217406620824
35523.12310596533
29311.702642057833
27982.161858141964
26892.420827918068
29247.111987593536
33026.31459002483
28827.556238758807
30843.14358572822
30897.788531684197
23623.001772725223
28167.272171794033
29253.742134048625
37109.2340993831
28442.557146191204
32072.369626419197
23827.617139042464
33046.584437782774
29701.022803501677
32320.66805998661
30240.254673154777
26610.404249398023
27890.38371046559
27520.09539231299
30684.85571057616
29629.211558834246
28900.22038966987
24491.84592077024
31657.133396000914
30816.353036015298
32759.09565969469
29196.51019689366
31831.87089645465
