70124.41351363022
86390.46339882398
67825.93689438813
70555.73610541053
59900.35573028946
71929.94414676934
67934.49882384273
69936.66389819449
70970.03651942505
62682.593843438335
66155.8127921311
74440.39885753772
75542.10988919584
66551.36961032862
74021.17794812567
63365.3023859279
79537.17321539372
72240.94031749955
69749.99717008814
67434.81497302098
69423.90223588738
77540.83759484354
82943.23116207265
69648.79191156673
76948.111962383
69169.84023872094
67840.47932451237
75361.35225530616
67228.95514407623
70554.67138010223
57744.98899063198
72765.88711938464
64970.11609552926
69455.32902143094
76531.86142870471
72135.64736289963
62681.50982205357
66517.91231424188
66476.61608075089
68791.91365805289
85512.60717571496
74298.84655212499
73174.77859195671
74261.59420834287
67030.59378764295
73757.68329391515
67306.9346267206
70811.50251663904
72514.56140492206
59036.298661291294
81883.36335252039
68332.53017867924
61313.96471609619
75100.08581151569
74925.39476086889
61581.50708665398
64972.14650310233
68132.28008422574
64742.293006241416
62419.79002888804
63080.09059895298
78394.03080264309
72038.78681991139
72916.31720682122
54537.888958423035
63890.35193076563
65042.878740145105
76982.2443087892
68873.94174875741
67223.21829358037
65095.46387348829
59370.81446811098
