79029.9230171236
78747.63715364577
58580.977827055365
93191.32574006377
76751.7551976213
78575.43763696216
75677.31281599506
74722.37992405628
88932.45055027975
85658.51953399502
93831.3441455179
58743.55533619845
86682.64151387585
74896.94494717942
73425.99837377203
80050.07782038317
80903.3083540152
82649.94179884964
72600.01214555667
78726.86335393824
93561.86083095618
84441.95628057988
82988.94093698492
70576.92818386521
77466.88218360663
89821.71528892682
80612.39394211199
90822.8661724554
76647.82666704772
74494.61281621063
79718.88169282697
93683.5914457303
86870.3987149075
79636.11950054082
80429.01259476613
81380.17679180267
75864.95475415075
78762.37322373297
85685.44438416148
73151.30102832355
88440.14075820091
66185.61127780587
75105.07983140745
70810.38161565256
86808.45208239045
73591.30851914603
84167.97567235792
71508.56472836836
88101.69642974317
85639.18237587075
83383.78922700837
86401.153483219
87305.79069086265
69849.74707806364
78935.99916068531
88460.21997440208
75020.2375061936
94458.37429064383
84411.60142706646
83414.93704538222
66688.33480554266
84708.75539407063
61876.086577641625
80134.73024951723
71202.75627498639
83240.99356630072
86199.99139595104
66626.29342510375
88924.2425965824
82311.30744851193
86434.60537278373
78002.82081842299
