135387.98545511533
147582.43883586297
102275.81444938132
117218.87923403693
118835.7195384687
113213.94947826334
133417.27607276777
104864.70505076509
121523.2145568522
116540.86359937287
115057.09895803017
107034.43820823003
124479.18531748312
113390.95713719787
120266.28205577664
110090.84544602856
136271.54792754797
116715.35561300188
115124.90817790951
143770.6448484386
122616.25980432858
107842.14611470209
132056.107654987
122401.67488885415
126359.36864736928
116649.31735718975
116185.90705000845
106461.48755915751
129116.7155877476
114160.22521583404
117236.01777352433
97461.32552282544
125376.2777721352
103214.97137273589
115957.30353903802
115193.35737868786
116433.26135336875
113468.22045756456
129440.79610523123
128170.7494759873
102279.0355792229
112552.88292760462
134375.92221942372
131387.6103405933
126531.56104186425
125181.09101155552
114228.55108257354
117660.66032252333
101334.12265118542
119851.02156224659
136121.7820743787
122476.4947787982
129204.86094688858
131285.29224521836
114140.0480200539
113022.28854265966
94295.86874144177
140309.65243156967
128078.87311365857
129446.95986419231
121383.75354517362
109169.20620026697
101757.8449197221
117918.64637977976
112168.40996060864
149194.05049519986
106514.87943682497
131840.27397614368
118308.99053122361
117244.98533512207
126495.62658006496
116983.3037107662
