127734.42151614482
99726.1113972126
122755.79104349698
122195.8166523815
119130.960424354
124294.97772831577
110137.58972277497
113697.85977333382
133416.32607937153
108381.4289768079
117393.36183800081
135941.79076191445
119211.23511267208
112417.01408247571
103991.61326747821
135538.64763308188
122969.46598181518
111953.92463626621
105268.02194328285
125888.02411103302
118602.9402828874
129590.35038177276
117040.98720476768
112156.73981443005
113103.19804741601
128731.34540493006
125456.25949325133
109156.47585366174
134085.7496137881
132720.37332522013
136841.09595329006
108978.05570268679
110346.96218538277
137517.661007581
125004.38412624628
127229.9409230599
100980.19278292535
150407.93009151003
135116.49395279877
115298.07428355787
110801.30118330447
120121.56100431137
124689.36385378665
124516.95837609106
121168.65213532365
107922.19017075772
105140.72572472063
115457.148287462
121571.48052301192
123325.07952022213
132303.12533721156
115408.58277396463
101063.5492502097
140361.17749428435
119849.60732102505
119715.68043487585
140725.48507729673
123286.33246629873
121882.60114830491
117699.66620021635
132906.05943756545
99585.22772756878
114593.64214933822
124313.58250039596
129083.13687823073
122080.58891660823
123977.47627485462
110215.18651370922
110320.5281045146
132161.59398886588
106232.65708409403
113974.42654879244
