131059.00677532137
109251.97422685694
122029.14070309949
116419.68102765725
125937.99405770819
117861.90870093768
154024.9555989418
118252.45934382753
121668.07546053636
125446.83406171274
132176.44900005803
120549.39954414491
101676.63128403733
104419.04217238401
128053.80800776406
110114.32834581478
127959.7963089463
124416.8036464107
104077.82254595465
152271.48316870915
113503.12389491528
133576.6185018516
128614.50071084057
128952.03138914805
114367.03672743194
140124.54958493324
105563.8894787986
93733.96754978284
146425.11355929397
129068.96269274295
133181.8569970556
103473.47969099182
104698.63778536092
125512.58267208395
116129.21833004522
118711.38191176868
126894.15194549871
114110.28022691402
118346.01293798909
109610.52668698244
124734.56579410458
104901.97399908598
129363.31859614086
135776.4500577632
132803.9722040715
104380.91283269002
130650.04062104718
123617.72895934503
127909.74505009897
112577.20738282565
103755.7324990243
128673.05752756762
124488.0364225314
112211.83683222631
129981.68106068364
115003.86561563237
93464.67957748991
111274.9407835748
116706.68814894899
109704.76329709933
124816.01751270324
138533.37379041343
123014.48150487733
123499.92151438902
126940.61815523048
132811.13097711068
130523.09968771497
113140.19551846848
116700.06150742229
126760.52410237455
118659.86397266704
120491.8147234705
