29838.269250161262
32354.306734669026
26623.469693944706
31447.477623384897
28974.67780208946
29965.723909015014
28310.23364132458
31836.631341879838
26371.902640608456
28345.808361830637
31274.54475932687
25314.913044014444
32988.19079496188
32193.897996074225
36069.70771621126
25462.87771678717
26757.160334819375
30253.307554061423
30758.686027469594
31508.987637563172
34821.29760234121
32761.992442468083
32334.313612475493
29039.69162830909
31543.021176636306
34003.981225726886
33149.6263510212
31079.578267943318
29566.80774970481
33494.54726401493
30881.26978843265
29522.779374627557
30159.575175877857
29592.668187181214
29408.927489198068
32536.671292214323
26862.35035503826
31943.930866585506
29291.737134695853
35527.75761552124
29288.00135830849
30183.19741720017
26728.878097610603
29171.63523777568
24822.60826089312
29781.777691957883
28343.21485253226
29663.7122336922
31055.81730735428
29352.644419962755
30111.632982018607
33361.16317802367
26368.15603536254
29935.98117410019
30875.571892588323
23984.344940516952
26890.962882607317
35725.09424697537
38332.645178634455
20910.688195625917
30559.41375564542
34973.57837451288
30162.452949723724
31141.893882931094
27095.4609018973
28713.760471338377
31447.220034093538
26391.027885388332
27835.719971467504
29978.15567458677
35942.28001867308
26618.64053782755
