31135.75780423764
34048.875905663685
36407.79011460951
29959.30734475584
35440.0231887209
28584.630678650243
30169.742661832726
34624.433599238866
22451.9076495559
34662.96129751519
33236.975365765145
30070.190012515755
24750.32184034542
27355.38928231378
27205.48751676633
33924.10934056792
31607.10487117939
27282.28130198834
30048.11538465594
31691.5042106129
33869.91754436213
32829.336205495674
29695.61781432699
31987.675365952084
27280.250348621215
25785.388950885466
34337.219572189766
29102.86143292166
26821.47397394121
28832.332043950963
30759.841231061047
35154.35217670999
33143.35528820303
32027.764206827316
27620.47853032528
26433.902288136705
34561.714573486046
33663.79831505828
26006.052922956223
32051.4119024671
30903.994958356332
28553.242318076238
33608.284275157406
29957.86640695084
29820.180642496023
24165.011902801187
27782.985669310932
22400.74205690764
27919.729389604785
27574.084651653207
34456.1882404495
30124.04523315145
30859.035084803636
33438.749973333775
29113.274962291438
26177.19730133367
28544.08745659023
27809.64998540646
29831.61675369073
31623.247702985318
27519.727842836346
31421.210864336943
28737.73404350068
34067.769427994426
30603.771144888833
31248.58685011966
25721.822949499263
34233.7475387025
34424.11923996842
32844.51038703444
33286.312483519614
29623.70940473728
