114005.21695571237
107541.40075275842
93696.45230487245
108864.39978097388
92670.72876346119
94237.9035939477
101697.78859316283
103562.22231741552
103193.748849454
121432.415341711
78704.35988873584
97613.43927195207
94961.94702042681
78532.1170308182
101409.22680636094
99758.68405300459
106681.5882727375
104155.79329487652
105478.02266022038
114615.02194260772
96774.10640700758
87319.8690154316
108586.90150716112
95534.7822699225
103963.63990897693
97553.2986094624
88568.40518845936
101463.57348782042
113417.41670643541
105784.1639615017
107100.69471136168
107491.3751285676
97401.6253551387
97083.99526600711
99371.38262864487
110187.48612675323
98805.26787694579
101160.14702867201
107734.76954401824
102458.85276292608
98736.33028086953
104787.81445430807
97427.85967019563
94939.80420517543
94749.53959483476
103100.91916538229
96795.14996548367
98287.78761771142
112701.27192342913
97093.79924095071
81721.61800828089
104749.8772210342
107006.25464669014
102895.75698869427
95016.09734862717
99593.48302944812
120512.88847824508
91324.93403359562
115350.23632639367
117064.48228933137
102854.9663524865
98362.89579042286
106980.52940432128
100508.58448338741
107070.20112970646
87724.904436633
97090.36512726932
93025.27883844319
109559.29672837403
103067.08277827043
90114.45472637055
88311.52631987825
