80916.14595848466
81827.60716124861
74330.78441733598
80582.59980460326
74983.19361539283
93139.80263497547
74840.27811634235
83277.52428002
73462.59262648724
80405.08476349367
84332.32589157758
68767.9932520667
87925.1927229389
99790.93855642396
81299.71091728647
80664.57816122308
94838.40279917604
69744.87021403368
81362.18928181757
76540.75540302224
85888.16298147794
96907.74004814106
78287.51364000575
77826.4646805713
71025.1884403473
75215.79021419142
73111.38325729639
83662.80241804877
73768.3500598686
90468.7053448023
83687.18158831372
82083.66639246693
98410.61640944121
83790.30686567427
87238.69992827626
87191.60515974453
77537.77295727738
88641.96944427199
76482.10699830866
81677.98616535582
87717.15294459627
86126.03184369007
79765.72119245691
67578.81616306158
70700.09134255932
73311.12640229128
91527.555352794
85612.10354244303
81294.0026913612
79750.89890459602
87914.46246980644
82406.29464933125
68878.20314072253
75078.87186059293
86188.00605230017
88984.56286659739
77200.56424771904
70983.53887036745
71062.0306959062
66357.6563509103
74631.73260751988
68509.19945063822
89553.36839243452
87863.52131203614
75604.9242398253
81467.37682028078
76953.48805809692
75680.7891951505
87477.10526317943
78698.93449842358
80714.23713570084
63800.7279395756
