85735.07805483355
92375.41044929868
85580.6858534709
97477.7567554251
74895.05894484682
91266.07142675803
70075.416521491
87858.62978327015
66689.46322168257
83329.90663324152
90929.8476872415
70578.57162186755
81460.83715962792
78077.22875755395
74485.89122808304
78752.18802748849
91608.30712675546
79130.26892743251
81579.4957984207
76975.63628917294
75688.45222607194
78378.98770056294
85210.91609485363
87497.05960786853
70309.51521915592
87655.7720039421
66147.40755351243
77254.58391153807
98926.33161473562
96840.22757150377
75620.21768066807
87754.48639290957
77388.54119472562
95278.353992276
82261.6976342743
82629.16343359841
79470.8307733563
72238.66701781478
83593.53226586516
75801.3666169851
85003.1991396011
78154.78868875452
74302.1737357334
81946.72325319257
79340.30545383159
72725.75192680459
83835.29368969332
79713.61807403892
81501.50274045875
72303.34901307053
78758.95278592533
95787.10327568038
74793.86081110232
89112.17002024774
69123.55665779115
74616.99790134488
75900.07016001415
90665.98001826357
81192.47035889534
84695.11591498848
81983.36168185978
82261.94607126807
93933.81420642999
59574.26374522534
78265.7930903269
70693.73275996606
80411.13330163294
71453.33120213656
77588.04597245489
76996.09668609258
79300.43385508574
85162.52841353806
