23803.11741149629
32920.69284585802
29791.04876842041
30675.822784892738
31289.895117368873
28173.16335611288
29933.905532450346
30418.563396390215
33363.07113973105
28996.091513906973
30622.72934749072
29467.440021076854
33130.051062317514
34079.54834709547
34082.78146682776
27857.4728427414
29182.14149022887
30591.261755317184
31935.35407652606
23800.428953370472
25213.292091945004
27206.283757917354
29218.636952352812
26920.524995781394
22617.92659780587
33963.28496343375
27650.032354785384
25666.415615735114
26372.920620008288
29091.23105130938
28717.935851558275
29343.328794392546
30705.609478213413
28262.666018327604
31301.9744122552
34335.28514699325
29203.32833929694
32221.020641690324
30462.47753259603
39676.92676495988
31316.256362701697
31038.024860728583
28002.222375056055
30657.175347217122
24192.36615792447
29647.483412641483
19020.150759406442
32467.61937785093
30963.704813762793
29449.931793872838
27859.203048173982
28439.547443054642
28210.537883023597
32563.03988479719
27600.768854617934
31327.96867849653
29550.788079085105
29279.602121245203
29453.439145591063
30214.311100367675
30950.95464707476
29262.852115957605
30244.995564418605
30228.041891826797
32062.102694804747
30680.35863182994
28492.262120063508
29685.20356814896
27184.538841725782
25211.85460405965
29364.748585708756
33001.98096633506
