31665.825535560853
29311.360344075878
31076.952726766365
28729.85897276721
32755.569400333505
31974.722142741473
29654.699860595032
28447.917651258256
28549.42430926617
32420.49164985432
32851.204955156274
29392.614182387195
31436.83248849412
29044.39832313764
38055.87903083506
23962.14354248583
31953.306911657288
29406.829925388112
31247.685388012815
31373.870011923525
25894.11300240233
32414.900941416265
31671.263389261338
32443.805545305506
28462.420727441953
32593.47100950415
35109.844725269795
29994.716092007224
26599.201693676387
36574.60904432882
30439.46798144618
29593.195489443016
35149.686446852254
31990.089217141507
26494.34586884855
35594.57449971713
28072.661707003208
33201.3000213442
24976.567200836216
29579.027835404915
28806.603760082726
32774.091619533174
28517.29461256513
31968.696864193407
33397.59731045633
27003.719653177333
28562.80109990879
33790.23916321802
31500.15444685639
27637.037644457003
29797.633396262838
30512.47335155198
31517.871305779907
28955.33817443851
27771.526824592835
34626.76901994709
28671.661644778673
29968.389723112945
32883.28513963676
29892.336417929553
33388.0212959895
27303.748376391504
30349.713130194777
28812.035194806955
29049.422645042232
35402.85240281137
32293.629889697295
24744.796394966965
23979.706875226813
30009.87259026809
33456.654118616774
27995.645547416556
