81117.6605622809
81851.75010502496
70240.7020876177
63836.810777013736
76269.56232816684
88498.63531750973
91828.77112035277
88998.60036781458
79591.72184918728
71603.49477622504
81542.44318044424
82331.64360024012
97421.64272821485
89766.59407209119
74295.93631305813
87188.6723540646
79045.44058985144
92659.99133557874
87720.74936183798
87991.07191745228
75528.82430332285
70891.11851493905
83060.77214395764
86971.13225256077
68507.9168238016
73185.4335070568
85228.02933845745
87161.52319460189
73015.90308383662
66125.86277699635
89578.91769033633
84753.25155718352
85000.39605078081
67295.04958790935
65508.21174426137
76699.05238432699
65669.72965391408
80599.58819777268
69426.20484097395
91723.15279241571
80848.21123398542
79852.12777235896
86622.21271829943
77581.06051391794
93655.89925243029
83403.62660060827
83222.48007586235
74181.93346495392
80401.31338940363
82235.56137442839
73687.32263531857
90124.76530111166
69891.66625995605
88906.86258977745
73682.57165216765
71110.86712008477
82248.52702738417
80283.67834619492
91581.60767579945
85070.91694331386
71687.9274273533
73026.26023768073
80264.34558271634
72796.71681244383
65880.50493162367
70381.7646109087
88453.61157132302
75021.65116282685
76360.82867782183
79168.27594407806
74058.10997437136
72990.4408570073
