98523.14050559096
109121.02726914785
113980.24051039622
126112.64551140585
90243.81551694147
120200.77423014163
114094.06541721991
127482.62652181282
111445.86302188595
113973.11791180597
117983.72064698565
127208.70383127878
130305.46243702456
110350.68540699847
118578.72532804425
138817.796875652
126130.33207060167
136023.94713013608
115743.57182511831
113768.31521891974
128281.67158326588
131667.53596422498
140519.92699363045
126151.66134624764
107292.00351151971
135467.989258193
129724.7012487055
108054.01285281296
112386.97814064092
130835.89265239818
87830.0975802564
118367.00674610301
123056.91796681847
108684.17590436818
116950.84797907672
122495.01315700467
115061.20712242693
116211.94359820771
150807.0566751685
105022.08035572126
114560.96907332435
142692.30726899253
113173.69208775097
121109.56730204266
114525.9294798729
119933.67033243389
132824.3484594994
110549.26651631905
111858.35838464559
115611.49219690938
119530.52500705793
135601.19219095795
101778.57551188554
154632.114714049
146101.87236942764
105382.53978406466
104853.05662436732
111864.51208013148
105491.24831847876
130404.81401413599
115815.40604699346
110697.33453902596
120782.44685496595
128124.34721590838
104261.67036161413
113500.58658772857
137293.3310946221
125275.79568818928
136670.58538615477
142505.1373137023
131281.34504607177
135887.1058548821
