65587.66697397993
72896.62296717253
77000.40749138487
70196.32036156606
59268.51492757715
76041.86479095343
66167.23249798623
64556.51304207293
70003.57664280318
53447.79926437848
71378.5006615022
71684.62120492283
59254.872629354344
77827.6718762035
68820.32564543307
84944.62128288661
61403.43392516792
80678.5621587782
70621.24273122515
57212.665045972
67166.63061774189
70444.10479098094
63543.835152023516
72515.65302002782
73662.24366693417
74972.12458118737
73902.22400564027
75998.6499292122
76669.94834443102
67426.12285594217
70286.64968998705
67840.65160194716
68966.50101205235
66148.4852543133
79531.17348060591
70184.43794687574
74555.09238836764
69452.65292446691
65692.25140246941
71133.14808356746
77509.67865642767
60720.70156746464
74224.76142892832
63117.56418837553
74371.93139065418
71762.98015827882
79424.07811728127
59903.64717809544
64013.462940210615
70269.50689338769
75957.71401424821
78279.62706207542
66442.86063997827
79103.5173911185
59985.86669783184
68350.52550689397
70336.79053854609
67937.19205537144
74170.2164353294
59155.747710388736
60091.71622146148
55700.13264390132
68183.88223662485
64231.378829668756
67332.86893034229
68130.36129634596
70306.72167443724
63725.12418917059
74712.78884981698
56881.53019833537
76013.0937360105
72962.44509473705
