29780.416102750954
30666.110167858737
27413.03400098433
33175.52711735152
31637.995664632082
28955.796016212273
29612.273414767627
33144.78338415398
27379.1978432093
33414.35893128865
27774.597854424195
29121.390192656472
28677.533197069584
30548.59030494653
25772.810583325034
26311.12540487797
30302.070254894075
26469.184018686567
28781.146711433837
31971.027671571876
30474.4413390932
29946.4505456248
27707.69114209349
31085.65373380147
37729.37075128679
28777.65661798204
29005.545019882935
31843.92421647526
27109.90449530323
26371.244632411614
29571.038022480585
32406.988979764024
37220.10365362433
23257.538318908344
27421.835392562072
24408.621236682782
26926.060686576035
27296.87894119947
29243.082703006727
29381.819797089676
33863.75855718493
28517.613832726696
31953.57362639146
34737.03871344222
32560.837294575133
25478.18489489491
27608.46624378164
29789.247484136056
29703.578952636675
25251.868277532372
31755.46633133977
33019.990060559976
23488.921672867546
32371.32454303517
34792.669184798084
29254.371752981653
29293.787229877078
29513.986067990932
29846.418807894155
30273.157810995843
25096.760534432662
30902.32859973744
29361.27299535422
29538.14460847167
30795.34780034038
27359.214252313417
27631.647375232464
24300.66970555641
26928.787475875244
30404.05838990657
28896.311320044926
29121.781104208654
