28657.620045665055
30854.38684730598
28430.540892888086
30282.27760332585
25717.255718520923
30858.26600095967
29280.45931824924
29254.616752327278
27869.49529474748
28595.089987098287
28011.314018620607
24795.00770609248
28254.66642309612
33324.44909761022
31541.113093711032
35953.359383640076
25571.76269795084
29289.214901188658
28896.99352613779
30053.461861239753
27346.4687960877
29252.055557678552
26838.800029372964
28738.602000710915
34985.34948896301
30710.480739887094
35721.05414629147
32238.603521626355
23122.615940794974
31052.865099606028
32059.740279559133
31204.125473992724
31827.645526413155
27619.91915353556
31847.97484573737
32042.63611253303
25546.469759146323
29720.356786407927
27838.70262916164
33580.257167577525
31674.48980482357
27828.1576156051
34851.95814749912
29773.326789357452
32309.050240139968
28159.751143913545
33322.46119162246
33144.02341904914
27517.527461350943
28184.875181378327
30092.700436270636
29054.05991565857
31738.039094247393
22935.766241016656
33416.79471546896
34083.00914447101
30836.908274038648
30658.228178543322
31522.61551321493
35493.30618139405
27022.83839808811
25733.035417786028
28686.441723862197
27761.97231605645
30218.451135877483
33436.621011585696
31028.69700083772
27506.09727040335
27627.545086397135
29715.693586873214
28666.70098140375
32493.56829824332
