116024.8380169443
115177.69066480448
91854.04000373803
121653.6229298945
111312.03698364069
99614.26882427433
88517.73484282424
106580.3031099353
117401.04745468385
95033.81720378913
108079.95520787455
96425.39169533961
102387.09053326196
111840.0530034775
95356.97084291438
97254.20443476744
104475.00105851499
93070.05312942494
103389.21606919524
108557.54588857795
97331.19290661687
105146.90550955654
92557.17396969849
86132.21692932303
98495.69859002484
94455.05813830649
89518.30085124924
96979.42064698429
110904.49071004317
93644.57411963292
99592.67195928191
112473.31778937655
105594.26322916771
95568.51674374568
95806.94414216952
90982.41228934214
94646.58252275863
104455.04421189615
111305.25722558353
121233.75210448686
98608.16502615147
118029.35824746605
113436.94786148872
114949.00721958006
101334.61688202352
90537.48813405533
98337.80329324299
102831.38459323967
105102.06194091878
110728.09978813623
79212.80513284357
93841.65734622219
112825.38642093085
117670.67449634432
105546.63492075291
91001.69449034885
83982.007264583
92173.31693740057
117365.1283145817
110258.1011702501
90164.0658993553
111323.76466858767
92655.56887635084
99152.82646885757
103169.86970605903
99474.77473749357
103914.96724881977
92012.45834611663
120918.92431537923
97551.19633129655
91952.39079152953
108678.07096774307
