103369.23894252197
125172.9107761705
116744.20095475433
122868.57325208226
122018.33011239274
130164.56500877609
124476.55647100852
116275.94547962089
103613.33605796035
134718.78430208785
130527.89097188001
116729.71749732089
119743.96406348339
128874.42245991589
113486.17397185898
135696.42760411216
116384.85387699734
126462.32657604119
123938.20607761735
116131.94632731352
145852.14139967324
116907.60679432069
109453.76787266908
103127.76914303638
90539.38082939647
96424.61971031924
138172.3609579333
123627.65798895326
122948.86132375423
142087.2031916231
133167.7810441635
112434.588379003
116084.85989858919
104331.36597886549
115191.64768744566
116021.07882940781
106002.54425531471
101977.18618271033
99255.53607776911
109237.09242012954
129234.98419881573
132681.62455165066
122419.5785415383
98208.98241799115
125127.95800128493
107787.36481358515
132984.36842725927
132823.74607729143
100768.87452100779
119953.33597646446
105960.54471642044
132758.15543400298
140530.6938221419
133196.57496199303
127135.55224394964
125046.49823842752
125382.93955927281
139747.16568023464
115953.71400054586
127023.45442601867
109483.3322765005
109762.04659237326
105283.2876210659
116909.87939748511
115449.5217850943
98172.4701529046
120486.0372641462
121036.81724931298
134768.91533530693
112301.79687416131
128995.65790902323
129680.30708458256
