63105.26593434626
54976.437235505386
64182.057174403526
57834.22429479911
54583.63587852244
59368.18964643398
57495.7639149857
58241.43357750072
58808.74985161586
56307.254077498575
53690.62999382726
60847.502367863104
62855.46011109267
58803.07948907897
55553.05949907237
48257.79092184973
61050.80165501017
54933.12601824009
63762.01473875443
52198.40467484117
57254.10102476191
63405.78829993147
66270.70201755667
59867.49459167513
57257.666726585434
68833.15917381093
53416.280538100946
61559.795220549684
60516.112899443855
56296.59994374322
59202.97722979414
56930.0623602591
55254.50003059734
63586.978298672104
63258.77241427196
59231.919321240144
63292.000726596045
50114.75146532925
58103.05244068201
53427.687236048936
65721.48841279435
49013.494780236186
69354.60783241334
64927.88625349307
65859.5613042147
66217.27457718061
65411.9522909106
57805.75455232537
61335.88284951214
53243.44729498175
64671.46083629821
55991.759698618254
54579.083868591384
63622.49906744228
64110.17080503223
60142.05707586651
64275.70273238786
60382.12745248134
67632.81427335863
61144.04555339207
62623.29782099414
51621.163454528134
61090.66085682047
65912.90012487661
63446.05303061713
61604.62795388244
68542.10052250445
67495.7824502448
72052.48510780082
74353.81027586463
54723.73834070118
53324.11613035029
