79980.38137825624
78977.9403413304
77921.47181782368
77305.09499356204
79704.23151149463
71983.07274270424
76754.59179739776
78352.6346892575
87129.03569681836
75759.302104538
72357.39942084634
80764.0437552672
67992.52260507095
82561.1385952934
65760.43051610731
75564.18702803884
72327.95721544437
78737.78991114601
86138.86778174077
70747.16327342251
80920.35353072901
85258.03757538431
76574.94818162384
82535.15826832363
76274.66269293384
74858.06742792885
86406.11672373924
83012.0316215429
60927.80417334896
71568.00192443893
77748.59379257422
87790.37766414558
78729.63806382102
84001.45119671083
73408.06441007809
78976.34220777276
83139.9434772885
85670.50562424441
84096.6890466991
86602.84185492662
76447.03960742656
79864.685414329
84316.50754229352
78360.60221018673
64738.385344559196
89042.98202208166
79591.14266421853
79330.60561362882
79919.51641311699
77185.07434665864
90211.47735946096
70672.4059829763
84021.61380791722
73862.30310865575
76521.72047478169
79934.639773263
79689.81903306431
87949.61393754013
78064.79786927906
71556.354772492
87538.81076687713
76256.77270749534
88983.78567758625
84766.32395259259
78789.16316555029
68235.94743983312
88086.66953225493
82939.20733943186
77469.97654186873
78072.11573205443
88264.75373580572
79230.55353222312
