32337.16834163599
34132.42052670895
34802.63353712886
28883.540440298297
31916.99771175149
24498.985780500167
32224.986239315822
30088.906857481918
36206.87840225875
38487.41937335467
30337.52751008052
30040.889633684055
25054.133755327373
29350.94911260887
26887.436776284012
32601.213603672415
28322.40497822606
32468.861102413583
32139.005006934152
31211.331163762305
32854.53620523344
28974.652120155402
31922.679908832502
25018.17963054398
35294.486904145124
29796.210237911855
26774.255904003763
30126.138761902035
28068.88209105182
30936.664895005524
33177.69073035816
29567.749394523107
30368.330255651857
31406.28597275679
30428.90733120165
28224.813710545197
28745.958570306317
29277.472332964393
30116.125413975245
30423.364316875453
27103.25158247934
25688.026432097107
30954.698148937438
33441.93420297689
25763.517562813133
25249.649323984664
30927.722232800064
29975.982640480895
31783.152396220765
30364.498486999346
31168.383120175255
30897.524824872384
27835.199037874194
32288.36935208771
29391.627000205535
28090.188753757157
29471.218997920914
28746.738827095116
31176.800274401437
32170.899128552814
32201.888427522546
31427.951841693513
31723.94205665394
34710.41938472001
34415.60522646913
28486.627408019573
29929.478690778542
28073.341019487863
28588.53805993546
29290.47540582903
31221.779411774758
27005.212254121903
