100570.91616072098
106077.1745895164
107271.8541732359
100999.11739136686
106262.21854295212
113003.22991498031
123898.31862325397
89912.13641903723
116890.215710391
94148.07154644786
97076.74587107859
102903.82932325431
87600.95154343649
96376.4364444077
126741.0314283941
96128.56738210558
88872.91085081064
117189.32546034308
102395.18301231532
109875.72277615056
105835.69312398575
110324.45771282706
88396.10818238684
114178.27469397208
119232.2119404642
90073.22984514837
93113.15618264652
88339.26599531998
117699.92246085676
102519.38574633573
112834.33606563891
93407.28820309571
99948.20152388935
88974.85048020545
97595.70360085247
106220.13364192074
110244.87868313855
104648.65475238128
118999.72487443495
107693.84830766855
93258.65677186023
104967.19634055436
86656.36255070301
97139.62280883084
103588.51679232434
116568.0391083739
95377.35368938325
108670.26131504851
108354.75633666465
94175.5546987595
110273.91669237292
85628.09412459742
121311.38279952398
88635.46939481345
84618.7935238087
81058.37410504823
84459.46266449205
124842.04712748223
105750.41306911688
109884.99932483795
91061.26726644252
96710.52444702417
95029.36066362125
95336.01691308116
95502.54181876124
98802.9922103637
97859.30361839086
87572.55209242381
97309.85777777225
97278.7805539266
78494.03155466991
79962.39089471432
