68499.91930159421
70438.43130313641
76132.18868077412
69641.05231648676
78493.03435666929
67808.25935246436
72151.5007394921
71072.70730047622
72488.81883040452
72539.68105123364
61918.6640997698
70507.37650442387
72809.5953193931
57549.34099885358
67496.94796099969
80662.00828113196
70700.04258461851
63720.51691818394
70572.05185877864
72544.00537368798
56959.44696809703
79648.0546954388
81355.76041747932
67373.12856324721
81379.44025409703
77786.62969730326
75410.82860635384
62936.00979850277
76327.38209418113
79944.53362340156
61692.88463985997
78752.48005860287
71671.23514579001
65274.80743381146
74941.77884425232
72264.29240484332
78493.19904801935
54909.784170470426
83647.37396982669
63498.00975434213
74188.68323893152
69874.2484722622
62935.29675095515
76246.13593969261
67528.97371795464
82391.52011537601
68163.08422001742
67694.50889372239
91524.17000714494
68704.59779382618
69242.61963669414
70462.67965686163
72999.909439413
69524.42576158309
72470.83932006652
73810.17913724112
66649.03625129325
59029.48650820152
77214.83036363493
72058.04831178988
66294.71294070424
75439.04771204483
60036.65849329613
62065.608485885314
67097.80380646935
72878.74481566461
71445.66560219495
63892.778469151
64955.416310459805
61717.03406988462
60548.03237888852
72255.7030673305
