64981.521220029135
80051.0876330674
72514.85453817842
82551.54588866734
63984.469026203704
93672.9931410571
86705.18512039685
77862.2118338877
75589.01125874567
79025.0960186033
63346.322269117125
72997.76362345432
75884.34972315596
82681.27862879238
78888.1118404108
77521.39049206986
75119.14655537101
75676.17475059064
78531.17295041357
70616.1216750368
82379.66439007536
76930.97579486115
83771.13094668742
82710.04628559586
74218.563002722
91022.03728660573
88468.45116362222
95789.25767658342
81580.53595291475
84559.33497425537
78115.06562959733
94385.78881639641
83958.3533659789
80146.90146771134
83674.83096465755
68615.98315694495
82680.81218791702
78407.67477347469
78887.6475861519
75653.86148801986
87386.79142596932
78158.6501441316
85342.73841983396
65597.8195301017
72707.13245406859
67320.20496380825
72659.91792255903
81971.94923058928
78798.50873080952
88972.34769097462
83485.30643655697
73687.57640810269
84618.03601831802
69469.69827238435
69845.68499783525
83224.01506921202
74048.47027868396
77216.69195762114
72825.27915123162
69679.5199803248
84001.38443988102
79563.80478557563
72681.18209280774
77925.1985511744
72816.28512337923
89083.08232412164
84221.0538773539
79720.9282875334
76994.63148393115
76927.35623830916
81448.04541199948
82870.09045583467
