27828.327343548553
30851.952474614132
35387.478311393395
23364.325023496487
30042.462491094317
32861.82877591903
31954.122592377727
30546.605288963972
31618.094136294087
33301.60646194858
26320.239749673343
30504.75403218521
28395.16962077869
21772.427270962984
29519.95897198723
31505.877201557272
35495.15897084375
29649.766116035004
32832.784081265585
30142.085767924287
33177.193342411694
28664.871759203124
30994.482523102586
26841.235367185633
26450.009796898285
33249.884737979046
30622.055573025133
26890.088087684737
28056.718293331705
29803.379349877607
29824.574537106935
31424.63806359677
32057.236386946635
30417.4228926912
30255.59870966263
27577.933871333225
29673.378796781642
25041.39522964118
34218.62778221648
26407.535671922815
24004.61933438557
30639.040051122527
30222.78143992455
33053.10321019116
33165.83445010198
29677.72446687736
29991.980456276444
29341.308904365796
28907.00919628804
34443.70108320885
30725.066572615346
29789.285220014986
33161.64690962353
31235.8380536335
26714.976654923626
30792.501647089775
34610.092242815095
31599.380603761132
31555.250968202563
32070.61800300941
30511.217680347298
33175.17494124568
22034.333278432445
26705.933077592148
31832.231960582445
33811.73883103714
31497.829471664103
28947.962704276084
25857.68751815928
29079.46297476357
29740.154600417394
33147.37221195595
