96934.08689342318
84313.07165402187
108688.27239805396
80007.14083234941
100313.97755624492
81669.64016343867
99399.65030470186
103543.68360955242
85821.8905279074
90711.07357111157
100208.26689606938
99257.67716661429
107005.04576966558
101340.34193342742
121852.04609600193
104147.91714643226
99567.68562157809
85673.83393309092
109282.66973675438
105944.26317086935
113928.84658622924
89736.0454816798
112974.1210013258
94292.70221301763
97498.54795683463
105319.5230963539
89658.26960194498
105587.75110549878
110092.94703673938
96407.20922249652
99817.5485004371
104675.60930244504
120442.765623651
100995.20789929823
96097.00327524841
91615.52280837369
93057.94046532348
108598.88081205114
90428.14052077074
115795.83906228011
102933.43964539627
108253.13626721596
86749.97781269523
102179.65927857868
84272.54417683351
89650.95596618067
97652.77831533899
105926.61117130262
97404.08456990898
101515.21753321186
87614.46148173895
86902.81323824152
96483.22606105011
78448.0518063843
105272.41144757511
108915.14449011804
117987.46622620744
91384.38294914002
102958.0517527451
98573.26955708906
96963.21474883094
110403.22759986472
103273.22379412244
91566.18462314045
100770.47564063878
98033.33399103515
88931.4970776425
99619.44741142169
101118.40991933693
95770.00806817182
94310.11480252512
99875.90182869753
