72428.39141231398
77832.19050440995
80516.92143659382
82373.14642555574
59255.11887034511
58093.64969161935
59531.73827498826
72137.62086919133
56566.877213104584
69466.19100315886
72340.71000056046
68616.770660973
72649.85395080596
73210.86203973078
69633.76752404751
59895.678069166024
75099.01333746649
66597.95053291094
74735.5765735197
66785.8162128305
87227.58442527772
67693.4910197828
80702.13607914693
73201.23003703491
69895.42627179278
61644.89933064221
64571.09329493362
72978.30373470919
74378.94320320983
77756.05318723511
60812.60666900868
58130.5183996295
73558.61712324472
67772.61678246368
75134.16884240744
68712.71649402226
69947.95715432682
60548.17977668889
68052.85303010463
60222.0062059105
62295.28054257111
73591.01316690314
65195.438585229545
64778.3316928211
62383.331690454375
72509.13580721154
67956.0310651801
70980.62116635773
84054.9354402525
70113.8548116952
70319.8781491043
78537.41946455542
73481.00609090399
77317.34074631296
62378.06028059086
72298.53488194471
61488.12764234851
76299.44942111026
65301.70738264176
75593.61330007052
70986.45065904854
67256.56926229686
71876.76824906039
84821.01796263175
75805.87244636523
80851.49927905157
71588.09751702705
77463.98744404408
74477.7425306736
58964.55267836212
74155.49041511232
73765.36189108422
