107347.91618529176
85831.35303025914
111392.38908632386
119198.97233960735
135876.78169008403
84866.64425996215
118990.24484475236
117225.73646364622
108265.69763639303
104575.78148993525
151859.00925943785
124269.39539231767
128592.06844338396
128751.17000646777
118011.59933472583
109543.45085339848
152866.9191959061
118014.12458789532
130980.50098007065
113669.79947700923
128697.26413656322
110041.65024848629
121162.98018829698
116605.21490170437
132922.49840329296
101372.74532575137
135367.5489386586
126366.91337469938
119176.20082940022
121421.5860313387
111086.87172637698
123064.3077560866
123669.89100034788
114912.84745484989
116538.764628237
137298.70455840483
127218.56126984843
109210.03430415066
122999.98997258728
136195.54739240347
111607.08016213028
87771.2894945491
107578.58122685089
112616.6155827122
104368.48533991934
144384.7796665137
114883.84841003321
134226.19576967641
109917.37186712468
128088.45797610993
115952.15438275218
119825.74892576103
118245.37333419893
138226.25371359958
116744.28315252006
115443.9265295796
137667.12580642835
120322.17070542119
123181.66584496653
122543.25553112346
88268.49185516164
132137.40473818086
125233.5581693722
114516.68257704515
131097.51028396274
112251.6609731451
109031.46033270292
129799.33941363597
114945.88899245739
105787.50960291983
128904.83098570879
131034.04028518681
