91165.70909676488
101557.20478747351
85224.31748416933
116417.62178129262
102426.0017299023
82229.69230567863
93718.88578501488
96249.81146910696
102763.56592462427
101454.88810532846
113473.03708370986
90401.3624835734
96146.54749431174
99202.8687184943
112046.89455082346
92713.92677306508
87844.72691904739
102771.4332331513
124759.77884976835
102600.87383639753
97199.93417791335
87405.42380847786
102553.96481334462
102115.87713783783
85826.81572390483
97458.90638935986
107421.57380912283
85180.80869442059
105950.77853916129
88813.44595066796
105187.30766586648
113761.61894072063
108573.93903799778
92233.05438159224
116756.47038291082
104819.66087512083
95960.3502994886
121145.83871465352
96209.60666829208
117206.75588621195
99690.14190026154
87266.65875625139
99709.91087794845
99270.0597605918
82810.71562174581
119092.3675545238
101110.9497424573
87804.72512373014
106718.16578759816
97802.29227877928
99096.880384326
98077.38937015446
112264.77128274283
111193.5715081332
98067.69303316591
93914.31531898139
96636.48226136185
91120.1692430992
99716.05675743388
87961.45051679757
89845.31567946057
91888.50173184047
101934.39850567403
110850.87010038117
96749.36413232163
88568.13096962421
92865.18211856043
87907.04865239855
126532.04505590985
99495.62248395804
89254.00766422776
91459.22341664496
