108885.80934919896
105281.97130686468
106606.34771374764
98951.69381443504
87874.56560631913
98267.44897063484
95365.92927740196
104491.03100109729
106651.59414429104
87161.97482660988
107903.5391052835
95534.2877531981
89376.2445417403
91550.04167090684
105691.39102249366
109777.91740015717
112910.15286065517
84919.50149249115
119757.95084109233
93164.75101603675
103826.42049495256
107863.83783217323
103585.02424859256
93147.39456153027
109666.97996987913
89549.17497852398
89212.89138024536
90397.95661835185
104623.97760508426
108502.10140181611
108841.55304859052
103124.48100572868
109239.15525109558
105232.79491123841
78833.16484660452
104322.75624581857
94618.18597508845
74781.74746846616
102521.88992605629
94881.25199855944
105210.22190960676
79620.22193094924
105673.99220737112
98377.84095477991
116094.54243072816
114983.82213567945
100281.37661929327
99419.10702667464
112610.4985299261
113349.96774541057
112570.52156789973
117258.8654498532
106421.20107207418
97572.53349916254
88074.26094999972
100158.27469865144
109188.2819206432
94673.38665512697
88716.12297033642
106975.35222353721
92741.40653950696
94974.54940192198
121180.01530466898
105841.9551187503
104608.31208183056
105445.42103479111
74357.38357266484
113885.35352964506
83187.99990902566
98433.22936272644
109922.14768698862
91051.81643224227
