113778.93469782376
123663.0401228529
104612.96174492467
129987.6606573818
126517.84228789168
119714.86984348217
114896.28424536523
104766.40614692557
122451.12553427755
98993.99876421923
123423.79319972498
112722.85822679145
129459.96160792456
99099.66914985148
118200.64541896098
100637.02862394581
138592.99521689626
143403.91626850137
138080.79554087474
120471.07494084726
107671.71708714108
132874.10529030763
136900.53922809896
113659.21143264967
125064.16351682536
119000.33585841626
122741.36648947887
120800.22010662679
115794.07165864715
101152.22358485982
120723.21983258195
135366.18719525632
131184.64840226874
107428.7174016504
112070.94957713458
103525.33072497456
112670.38359849922
107182.37508411627
109266.52437785857
114774.6391758488
126846.28537762687
114955.52243438896
134428.45785564993
134539.58990648805
126908.81046418514
123682.56313278183
93023.99169081259
113593.14730827426
134558.51197647772
121500.158745389
118705.96064128152
124382.65672216799
114715.91204614456
121654.51306449043
118728.62897509578
121560.08754688133
101209.7286944812
139227.47457470797
118450.94205192066
129415.38403603593
109611.51654367518
98054.72380339993
105877.6230429824
129790.55411860418
119371.91949304301
109863.19778995206
131962.3298410296
132451.78641117917
121735.49465025426
118785.5965715927
113114.35750579652
137244.0991567558
