77024.47466558458
86087.74575403253
78650.75250933152
71455.82232180049
71970.73573289515
69022.3198282402
75323.96629726612
84345.57709095735
66010.65590937369
65068.965448871364
68157.39086631479
73344.1168952613
56082.91239198101
70835.38949031418
67647.83122916783
75104.59887302415
82472.165670264
66934.15715348099
55011.72846091234
86116.50686308548
76720.656874186
73251.96394950507
71472.75471536486
72242.83669246412
74255.2093701396
75680.43789324963
71516.26038820563
73169.87510800385
75555.04073223667
69113.54002202174
75057.7882682253
60034.447869651
70733.72247120983
66676.67186050367
70033.00101610884
59250.80167650681
74226.23705423043
63526.451227360994
66141.2180126218
63943.95576713493
61096.75709713967
69067.50156562627
65937.83467278023
71019.208428398
60996.652307263364
72900.39343788014
74448.88793667006
68653.44989392994
72969.17733976484
73747.83280600139
88203.25054850445
71253.30070484786
73546.14675802323
69269.87796128575
61111.141847104
68657.86074099013
65518.457645195784
76520.13800764768
67074.0846314426
64611.49611331745
70273.72651329571
73190.90176784623
71925.44995469731
65780.86032403696
92417.28738210199
77913.44974286998
79530.17506432686
65307.01651531172
71786.98129780471
71383.17708709043
64177.54708555818
72233.44076150391
