70706.61704963999
70591.93090303845
69435.13124707215
63193.92303661781
71108.4043821928
73145.1419084948
66591.91832191119
70607.850984224
89366.45027964035
63846.995570570536
68903.44289495145
71003.27127206043
70432.1632984177
73124.03112452966
64393.123336676006
80698.84652930677
75869.47115516041
70607.34034603728
74777.892287954
70023.1895701911
92877.29139320244
71962.84189217353
69005.68224586266
65039.3205148203
67176.03633054567
69867.62118657654
64881.25571955357
86047.25248515536
65527.17553505294
64260.84959819814
73230.98183835355
68085.36458351924
64881.561999095975
61606.85023491658
91882.87096950105
76428.72331039504
80693.39175742067
66692.60684577377
66378.88499132959
68464.91908611877
86787.42160854065
76675.26110308747
75136.73889955331
78167.46165479049
73803.46712059327
64473.040311554665
72090.23581416767
68946.22967705576
71259.10758203708
57722.74455680493
69120.17014304448
78579.25162105494
58488.08416991028
62589.56207034464
57084.715667781165
61634.459750418115
61449.92669638298
65413.35537821423
74837.37734684738
62142.438968858536
75437.35854871849
75867.52211508671
80180.16799942795
83318.8685572011
63833.57659551998
68455.38059965806
67474.4065350472
73505.26275206279
73792.25925058873
66109.87254442622
77652.75112045245
67694.01349302143
