32432.319174876702
25325.807857325955
36628.170075416194
31322.934292054357
27704.07710393979
22694.78284157486
25362.947983338294
21913.031071775604
22054.876424838127
33866.744785021045
25437.690900071797
30798.10399057762
33445.43228539294
24725.400475259372
32732.399512802884
26341.55564488287
28984.44378565906
31427.902594968247
32271.153389517676
29189.081648238407
31503.235559258712
31876.16968830632
29530.52353781448
27790.47447991837
26722.39544775833
31055.38794289863
29410.75559824799
22562.210357982472
30031.463116641567
28209.306608840066
33203.27336021106
30931.771836063206
26915.47175358828
29321.440073570953
26936.00882059126
26368.793589817113
29433.13583536045
25176.334171991704
31854.04295185281
28116.14852711767
30720.703231596268
30064.120876826742
36147.580973140284
29445.37114175315
27664.95312283603
27590.741916263036
32638.597950211868
28394.751394083516
27703.298872820284
27859.172716837023
26648.371694053923
23790.114658804625
29433.546157894605
28793.824637574053
29831.461371389658
32192.571344010074
32650.890853707937
28407.024983234485
30712.509608580454
31513.31122271041
32812.27120181175
35713.82890273225
26925.593053168286
33054.46171745946
29477.064292369952
29751.47489595581
27734.3862462833
30235.056376324643
25988.240539892915
31098.438842980526
28888.867391851403
30910.617928599007
