29195.444459625825
28354.33432481647
32179.464487170007
27366.674082624624
27684.443274388555
29634.027414069853
33325.19481872511
31038.201497210648
29022.95877038817
29880.799293032705
25295.919120924336
24786.889977282546
31788.670572518324
30578.183373395805
30147.859490182196
31022.237996552773
31900.224392010958
35234.909733226414
27786.431941237846
28059.33265800626
30898.280484532606
33230.99946640673
31169.83989843396
32556.07971905717
28622.284994946178
33120.0866895879
28704.476699728464
29047.326937263602
30673.310924964342
29377.19275369315
24804.743603073526
34792.39736839667
24675.32530468173
27526.560467013864
31303.171764987783
33743.27077951326
30455.876091455426
30420.401050616303
22251.08707010897
31868.387203803995
34419.88193612763
30355.848520498414
29969.88280387156
31508.980238153315
27726.706093158
29499.428146793485
31927.721271342387
27083.26506534956
23369.267016163485
29437.961130954263
36508.05407878529
31889.82072484826
29922.380880585915
32454.685951034888
28826.387329376103
26350.106647539415
26846.380594049977
24878.961677875715
30436.141188807098
28686.091742877314
31599.991874133437
32143.965282176414
27240.24933558644
26058.774684842094
29944.91061400112
30954.38070005018
22465.986575879502
29438.972371045224
30922.608623211087
26745.47540624117
25869.247897852547
29314.678140224383
