117276.04334901467
110300.93689101888
107120.91843178873
122636.28649948862
108101.45912690651
132595.35333311648
101617.0704462295
141828.34173174968
115179.30268197665
136292.3768425508
134551.2449089922
119307.81611933703
122181.9756161969
114574.25673217446
128187.00167798527
105655.89819257428
133133.13663398352
130259.05128727846
131056.99007561924
138369.61225943395
133349.3851343215
125907.18318516723
110897.2760049716
109107.81417602983
121211.65007035287
125211.27692898751
101698.06170355072
122517.65876671496
119330.93839427459
121652.69894839516
127401.17932147886
130312.048408383
126760.46247020939
124022.20494104248
128257.0938680735
120593.83870805764
113244.81412231029
124185.43143819482
118821.35595196881
122543.50258974293
102647.2344605029
114106.50126749657
126339.42511606897
118882.86072840894
122618.66218104622
105366.28852252086
118075.01983447686
132041.4871341066
126082.74408902955
141948.15797930924
123150.44424527412
121548.69719265391
114454.75560473697
112975.23713332924
136010.72940783564
121825.01102001143
118571.06144661817
132435.59299819873
138141.3829745494
96875.29959159181
121107.5312664695
142565.7510783942
116048.109603276
132962.0689213919
104620.54959060234
139296.37603970125
132952.4421579448
143225.1858411619
143806.4249862127
114786.03057740555
115931.57765259634
128775.10438548717
