84708.61493237142
95299.31337365546
106787.55157545304
100377.2863897091
107041.000366041
87937.71521092362
101760.94735942349
110066.49846981642
84459.14519059662
97006.13140752334
99717.25930446967
129509.23734976337
94324.01052889763
99902.11573382333
90975.85784593932
99629.91038909505
101785.44546116232
86236.88278057509
95805.37048845665
85694.74944553581
114584.73676515414
95957.5426246887
97043.03260324377
113263.53798612936
89500.0559294596
121319.55037118589
81845.2230477853
111124.89032398822
95720.45264736387
101994.48601891045
89316.48304409458
97297.6035100789
94629.01329678127
89750.91798902645
91748.00760885101
90026.0241798781
97633.49117730545
80176.76618269512
119218.8509021804
115909.97570675766
84027.7619741324
105481.57559004739
105379.34168986755
96259.58506029123
103267.65827710622
79473.73423998026
87398.12459227136
98514.15841959091
88062.95020124098
97697.07330799343
104721.06858070736
94024.15008729722
98840.92036781227
112218.39307807757
93258.64132898496
109464.99019794689
110172.26198541264
88002.61572222188
109736.90932161892
91460.32394157827
92630.44464128892
85744.13647141683
99302.50774918486
93120.45039449215
104794.0237499497
107900.15708776712
106462.00320753525
81108.59796183747
101138.27699079544
104001.27455766259
92718.76278469917
101870.12065746008
