78829.8983475243
76558.89436554808
76377.37860247637
88354.813120834
97811.65613347372
68295.19301142056
87337.37173778929
80506.61739581657
83617.23372689573
78888.46786694837
99162.065488368
77704.62545938278
76869.07196054944
76555.06947061284
90627.09516937502
79413.00740469935
83123.85023246105
76611.09812204738
76314.12552530247
99379.64973830829
69347.00158444987
87560.61276674706
82501.60038511697
77770.47821646565
85985.59341900628
72626.61269871161
94355.2031276419
73347.8011823341
86531.13390342318
68798.15935659554
77438.18449375333
84718.8922580712
87159.30712018111
82935.55702528742
95612.21128916561
72525.0909534862
77636.6110559453
89355.31075642603
98873.11880984953
79097.02042762794
71956.45586846299
76487.15119002313
69903.1306877931
61901.62294551859
77556.93939987867
84216.72534036318
71306.62039669736
80872.85837660635
73851.91322578449
80669.92791776908
84186.36673038245
63960.29823084277
71049.27145252422
92276.82270889186
93436.68279390183
75735.88643112434
67255.60209508264
81975.88318959167
80091.0677869262
81938.34142004875
80846.12200401495
83169.66666877177
81585.69337312372
70695.36546995923
90518.9625380274
79331.69538312989
76316.94092532573
89228.74780173844
86150.50286525318
94007.79935947168
73759.54386896573
86921.7818313939
