61413.49753263169
80788.27022807776
65642.06907381011
82008.29163641874
67747.40269320713
80066.16803844478
71994.04017422732
73078.73791045716
79562.86237647271
72186.4986303238
57021.42893052286
66548.24275549508
58753.38347444034
72520.64498266275
72695.13043449425
61617.709780333345
71439.48771468388
54465.36558767118
60089.55629354153
74858.58947598477
75539.3393544974
68230.53732010875
62894.533244388505
62934.92224744789
78030.95382962526
75143.96042232617
80071.95949428095
72940.68338013979
73944.75086182742
66477.77910911157
79731.77009853371
75478.68935414164
70352.1148571444
69138.03856162015
78386.21489936324
76967.63138707406
71056.49558906075
69497.15272012554
62458.583511257246
66679.80065029518
57018.48721474911
73955.3660947099
78888.69329426055
72907.82152212996
68664.60305388599
80830.39112640047
68218.52790424883
62355.101009607315
72683.29731340935
71039.06258132108
76488.11012802529
71624.65608879915
71146.47989261115
65742.56901569899
76718.07967393147
72540.9456035245
70793.17660889614
67132.53394185354
72352.8679514502
65704.00638340927
72606.39066729201
72602.0382682374
78733.6099476159
83127.01891410023
76542.57616167677
70860.22946930204
59226.92844044763
69301.2416080705
65237.567299372546
66763.7534642956
63411.53762950458
74363.57499464175
