80174.85752973039
67744.27675928718
62693.58748726659
72555.46323248695
67013.41880936516
60205.84053409966
69868.95209550753
64931.910012407694
73995.84608417662
66231.41609358472
62473.87806584079
73098.65965252162
78990.45384564498
66138.02804575993
73434.62117038046
84264.75818903645
73974.71349514261
61801.84446384134
78173.8435385137
64655.895511520335
71513.5207402409
60173.656384676615
69127.73839941612
80141.26060564429
69685.39022408232
68135.92748980144
75355.97962303365
69522.92794578968
62800.36623895132
66833.46296091346
80581.8096788749
54199.87853623666
74896.09233144297
74919.63447867306
70207.20490082719
79093.26398212979
81640.52149782186
56416.647266299326
70028.6629668581
72624.06431163702
87975.18118682744
68528.17888261194
68637.95341237853
66171.00537353691
76701.32110989006
74931.90071105538
53376.78389106966
70473.3094510376
71061.80745118383
76995.41029512715
79978.99700274631
63870.16000887401
64807.747216203206
69504.88037497087
75229.86096086542
69554.39734782824
73717.55417916941
70420.92410247754
65234.863781274056
73378.02011219159
60576.57266608794
65187.48983183584
67118.22932465837
79633.42692197156
73712.71376421695
64369.672043310944
73810.04427782238
68989.38900384051
81692.42612767938
72641.22015160168
72122.95463353804
72187.60217631051
