30412.94947693485
30124.084332417668
28569.85549746629
29703.901596371103
30195.828223980996
28202.065879752583
32339.37519165548
31207.875453161312
25778.65794693077
37740.02229734968
32251.991712845655
24417.8670554502
36424.87571247637
26643.477637422875
31463.150161901638
29391.1609217758
32061.540261635088
32140.796066867235
28303.243023061827
35756.16398533737
27547.180954956795
30790.662346557434
27244.939911980106
32696.650265957316
32819.55436052742
32346.235582293568
29243.242767314838
28824.182898907817
35388.48498573346
26194.313652349047
31481.24283831205
27919.733279610442
36050.06116289985
26571.555245535077
25329.220205038906
26754.54525046945
28371.61377942545
28527.428870316748
27142.525136455308
25477.0044756035
31865.93103713371
33155.40495277764
30002.326510143048
31995.975257968417
27730.8977304344
28142.782260544645
32725.566301071874
29249.815764384795
24397.340361364924
30813.91868922247
25707.672897198143
32154.43734877288
26989.071566311683
28316.206853324635
26782.729032269566
30266.83388130348
23834.367475378625
26014.917438817192
32364.41086629621
21736.02051257191
31598.903404737554
26698.100166633565
30856.082718395926
32761.384983625972
31473.190188409644
24847.236375653527
31816.088332615196
28065.288713276088
25350.348649250063
33872.9586035201
27949.192766635508
34499.62370081372
