95935.8988560436
72589.40703267927
78818.07065432747
86342.31105413387
74846.46169398195
94218.7996518226
90639.11270468823
80709.28276647828
81245.78786786649
73969.10241817549
78896.96032128292
72991.98598510146
84110.0426542067
94501.91274801103
79938.82264677822
73546.51656956988
85678.4370754735
81593.10996220668
84958.7734774828
84350.28567455139
91755.89819682074
69784.40703559283
72338.00000966307
81392.22199972549
81514.8134603113
68799.69556263322
94052.26415066166
92030.52221431582
76899.08372733963
73223.46164210672
80646.24374924066
84844.02931887697
81102.74877536438
70641.00192039274
78973.83281787492
89296.74273068753
61190.18072237557
64566.64608942204
72887.31287413278
71808.70263501772
80326.9211820814
79706.40043972117
87806.92920230993
68334.44048866526
81892.01653207088
67916.56502839633
84390.42217404467
89636.66755876153
63003.75380093192
88701.14617437933
60761.814336437485
81366.47292018264
76603.26521816674
83112.039060849
75029.61742768523
77808.06867743214
74689.09750635244
78675.85277921343
78595.35456255874
84166.15096820192
74654.31900204215
82640.7399787574
83959.83810732658
84230.35606046463
95471.89735954489
94834.21907125198
82738.7051070508
81138.6958253601
69068.43071372581
74681.24303813561
80726.11918308017
73689.25367131509
