78939.1495987992
76746.25331344552
92094.28749943264
62032.910388734315
88035.29429740454
77656.26565601607
79652.69487877714
81706.88518643576
84762.6277521546
71862.72242292749
83465.02226341885
90216.85885415401
75615.86905216864
68149.20277421724
91364.64154820942
86935.41303522595
85709.19864106164
81802.30306755163
69238.59660393703
91412.88364052156
68475.90182960269
74402.22170857043
75526.30170472307
76536.38641775917
67023.70883522568
84386.36448845781
86983.10583527919
70355.61927100156
72653.64500629531
77803.8158687444
82701.8639761749
76965.81731963318
90837.59709466535
69993.40868677842
76395.87160685306
70087.58563410466
93885.82648943181
80464.56982803703
75204.70058730965
71349.79597880693
88377.49863348888
83323.99056414506
76457.30704091898
96655.82216114645
67896.39681147723
85478.77628427238
72612.04075351922
96625.38561196641
78682.45720102242
95437.5620479521
90362.99635306047
76797.02926141863
85536.8921830695
82459.74982352779
86192.57474379227
85756.06098163252
104595.51273327514
65363.10270786931
77100.32789967742
79803.9781007604
73743.07288091107
80881.54709466724
85513.99520069749
78351.22500825944
86525.71164049796
82940.72530318968
78453.64406871087
74580.98737384904
70476.4954892264
78351.29281081862
95852.4242348838
84391.67590691824
