86588.57776318786
105260.85764647757
113316.39152665948
98369.19686406516
75368.02135846572
111525.78454190263
91939.88376771298
120010.1770069524
103924.6806509824
95676.806110892
97622.58640099304
90249.50605899433
97685.8819431467
97592.96728504206
99505.30834423864
117398.58452566325
107833.34902732422
85610.46757064492
100156.28991879906
88298.81738203659
111400.72607214547
94061.61355066192
109630.28561707678
77989.66262684378
92516.73301094158
107702.62349092175
95161.39110590961
86461.64949850527
107780.25506338675
108163.40952439513
114215.55593347434
105480.43146349341
109980.52003161228
104176.73644810574
108968.50910367187
96810.67526168238
109864.66092848459
111357.02845688982
120647.68187230479
87932.82223729056
103515.10413821237
105032.99981673674
80217.44364196097
107066.8655081368
95970.10766485607
102256.02545812738
95164.14865872743
106301.82743546972
79051.23322533414
102035.78621589302
112260.22205062727
100199.17557397035
100238.24249741252
105115.66038105753
94300.64196035525
119472.90785360891
115047.91687800955
89988.75348984032
103899.30937056044
104769.34270601081
104458.65621853356
94842.80556393912
92626.40313420484
107491.86392368872
76747.23634382186
95704.80667437156
88147.6565123895
82655.17655392808
98581.78765587046
95680.89986854167
93875.44744364975
100209.3191190708
