96335.16168488344
96980.62469996179
99851.0924056692
109277.26593625345
99062.077888997
99586.59732603769
108544.61648635691
104527.761157143
107781.99920726204
97402.97070936712
101021.37799588904
111795.67188162531
106988.15073846564
100988.50497639645
109286.82585911673
99869.01599562817
86012.92109900434
105590.7711940484
83059.56188921568
93193.58590502483
94948.80176843607
103874.50135118612
99888.12157341711
102485.02465055636
101844.22946634701
104203.69327156422
95697.70711861023
103612.58295580557
99636.05636708828
88059.62331398291
85894.00452837946
98054.0543570385
106375.9018557655
98346.10334715567
88066.94043566176
96484.65337671581
93704.32555960113
103073.51555638635
108026.55148090383
93046.71558637844
92585.75585311584
101903.80628443658
108700.43509341565
109679.86421028273
99435.75962328567
86466.4476544785
74951.40408265512
98921.46216875904
107434.08977572981
110773.75060097585
102018.36328311257
112224.7723575804
94902.78213456119
113151.90985773798
99232.17239474315
100145.51677646779
102826.7156950045
87936.23959215569
78743.91061822977
95646.52118290466
88902.62806753135
106098.06795811986
104292.64262673922
111344.9406920434
102305.83906795073
100999.28456346768
90077.35202011677
88926.1988206066
100992.36374362244
103532.22191904357
107435.40861639443
106168.31061869922
