114671.10996049624
106465.69716795327
110084.21213550984
82448.08305274969
94617.91919256226
91683.03814248803
104616.00838291235
93477.24838886605
85959.13870146466
104281.74174601545
86237.27352154958
80897.93072730889
114864.21210595279
113754.0731157615
82195.19015248431
95139.80955745664
105733.18064375763
93206.55732906114
109365.88909442701
79540.20186944328
99082.98600203333
104134.86783135473
101341.62015783759
95885.75946318026
99589.39589128806
96343.18348654278
86319.1173706926
126770.04877937699
99658.01186819024
91045.08585314361
100973.34906249974
92575.2215688831
81161.86297185942
91440.71663484423
104742.6206002044
77437.84738130566
97969.4671897815
102796.68897193737
92964.13471522879
106147.4052351418
91694.48971336865
107730.14518929824
99808.8223794215
99962.98380017365
87871.0281461217
90277.38573194538
94992.93712028541
101282.9726823
118786.67067970028
105722.21718473874
99898.33267141806
114429.09019652751
108136.11195525936
110077.80918765621
120347.68088343722
83526.09853726508
102784.616076154
100421.78118522352
101406.55910706302
88520.41722568551
101034.45749474136
99031.56540931195
105494.8882436939
95416.15421524085
106872.26616904854
97556.01680950452
118500.88527852405
93201.69620790807
80972.37791348858
92805.98142380007
91974.63579948116
104346.0367427585
