63120.87637538141
76191.73322569228
81647.31705226847
92983.2800791397
75092.38312197514
90771.65545236747
69233.76728094005
76697.06608175214
65127.14917360627
89448.03078507648
79998.7149755842
85544.13323248111
76198.41914327351
71657.5530038309
77804.70460802142
71475.57845942423
62929.20323202955
76976.97967905093
77675.9668144218
83378.26169591911
83325.24362463369
80828.72664042498
80479.59436393768
76534.84907179009
83385.5100861112
66062.33411509744
91780.3190419871
75170.98285911874
87215.68698790258
81167.07897577324
73931.49510624255
79208.70056187321
91829.69075455696
81661.05711911147
80764.14829541396
80811.86287666911
94193.50409400323
73724.00096853256
89523.55880826426
83409.87285290849
74353.05822174285
75828.49007877908
72745.5234263632
85834.10376692691
78366.56759327385
92906.23863926232
74398.21291831041
86239.80973352976
69961.4043403121
75453.06179161294
70838.146265958
88154.42975330593
76014.39532959889
86459.32795432699
95471.77682119221
88347.52704044846
79766.50193424655
82937.11454443276
66371.31423674295
89654.60158668064
80800.44136513918
83527.34505496819
71570.39092094405
81341.1358116263
82796.71019974357
69695.85918112686
90816.8336859594
71726.56930055891
83120.11077241882
83803.20717625777
90365.29604169569
74994.31912011314
