27739.61794183741
31910.418425060125
30016.703033505997
30796.899434407893
34659.873387900676
29614.54091347343
34718.22391017084
34418.35784203447
32685.51659827912
26077.34408392444
29122.77957776387
23597.5789923641
27770.8099645866
32026.29823886355
31810.549917704448
26467.336202661027
29113.296390459724
32597.201114707248
27676.348406427023
36470.784872170574
30686.10689360619
29680.791281416452
28799.611114029845
29178.96968577319
28450.18704138006
30992.185615494047
31665.89626450307
30013.745434960576
28742.443321375773
31172.8386416941
34223.599546758356
23868.533537352967
29512.396665216515
31975.450660869432
30572.932890233125
25690.723893703693
34007.21788323538
26857.048037939352
32676.623136667884
34117.13560189039
32911.02237423984
27477.52241958366
25524.803136561048
26368.415291868812
27369.958362911293
29049.95721265297
28813.088298070772
29843.03372927437
30870.600700924475
25161.69782807744
29404.228659855406
25400.30035443962
29659.85580207294
30884.921584992277
31936.7716058917
26453.4972708648
28235.072506846223
29438.56823303393
29136.55981267787
30458.708757971035
31247.819022241536
30854.35464599741
25280.897905513666
23637.509039401746
33199.30107064715
26573.616649508695
35381.91952536083
28853.67156092878
26998.54231037635
27302.084325527096
34977.53888452615
28988.78341818246
