56689.27510376318
54411.80854551679
47651.72935064102
60766.282798196444
50172.724289000675
60539.73564357132
61393.771370039496
60487.15904387293
53846.55410561294
63841.22627292419
64600.80304643314
75360.0441461154
69044.34418584403
68365.40109232502
58611.191612347575
62355.59093973195
45046.72872239674
56475.41498744301
49946.85313362727
61316.66189220686
64939.63374941681
57090.5542765191
59981.53896139119
58460.05141736923
67675.82845578024
55669.87707812196
63093.27346612669
58205.35514958881
65969.31518990707
62446.20843029755
71355.80411309216
51584.870913374005
59933.04761423829
81596.29151811423
58705.11329724572
57025.26520928742
55789.51652203728
60231.77329072509
59522.35426116736
60252.341842786744
58528.5833895209
64879.84732363237
52315.41284761924
51621.52177441759
71575.97553575365
41737.541834691394
54081.87420491512
55737.82098191789
54692.6627168265
58767.48136120439
70877.66844498065
63377.75202760329
59539.85299999735
67211.1214741449
56959.77009942831
69332.6310007463
74293.04497778177
57490.70391543148
59663.02166946994
69146.06091477645
60447.83679864677
46901.31395303774
66344.29281226924
64050.531481052785
67734.247283274
67552.89679976835
45777.469382884614
65070.01872672874
70314.37547963994
54837.455694984215
56166.76294480195
67639.86973980056
