104143.72222262585
113045.67423471612
104949.09340022267
90781.81629660807
79386.26023203517
102171.74329117472
86142.4984090173
115552.58883959967
96390.29679492826
102973.63855869808
101669.30266892178
104791.82427503155
106664.554834794
95647.54701709829
96931.79196643767
134823.8901690873
77846.22771057939
99932.0498500803
99833.11864122438
101979.80457184305
87776.13916399212
101327.22091168627
85756.17487417761
91770.53284347478
106464.02794622461
93060.24332604253
94046.54443744257
110040.72515160062
102170.80225483088
93998.21572181703
102126.06129306184
102264.24568381347
92252.01523887705
108601.6930295647
91970.86408106003
103152.91588988496
103317.91446526062
106662.83401472098
102745.85137184036
113286.1778605034
95182.4467611717
112288.42532051526
118850.00167122149
100904.73996416101
77660.05585120418
90894.36245572563
108172.49232424758
113905.88118753751
85976.15513280222
105348.98585716133
102007.77739961795
96234.25836134919
96584.86238593595
93176.060991144
80313.40024195168
89472.96787065237
100073.0405980685
105291.9029413975
101720.39972933207
127200.10816129298
94779.62171372848
106633.67713478673
88259.83166072311
101709.34148382168
94874.7837816185
92352.77838469621
109697.18726038578
100370.66594965059
110967.86027446059
80542.951013601
89303.86675639385
104411.00632377598
