27957.264037714063
26946.439856127523
22439.04644243016
33228.608224177384
26041.463755138862
32614.589300054828
31915.05696325252
23818.581303040446
27919.50513962605
27216.791238647682
29378.43617406097
26763.521922697124
29363.71034400702
30324.543290860132
26018.562272797524
28315.991987641934
32025.17874172915
27838.169091624706
31665.168416112807
29851.4488133989
31408.015220821155
34047.73289420992
25899.778598719182
27201.82352797559
25971.516212657843
29382.870706555503
28514.36214070137
33818.48537124828
29505.151830254155
31985.841876139577
29154.63496428914
28019.35316615789
26669.83111103758
26309.469491360145
31667.97469622058
31539.79003871486
31697.17901073191
29783.677698345193
29241.524715234813
36456.98185017418
34705.794824785145
32889.11468383644
32479.456569623973
35574.12091899256
30996.34038453504
30237.511207943982
28449.61918460815
28742.56996601269
25942.51641744164
31088.8736439576
29828.358148923046
26003.982067151115
26556.44760950034
31751.152335847335
31610.485434986316
27497.900984076157
28200.667577354176
27907.493117416718
31527.77001601589
33123.64434331477
29897.02862531741
28215.569918697634
33910.02978069183
33774.2503731084
29446.92133071971
28853.434794121782
27838.431034692054
20859.19067205539
33567.77226911295
33096.142141903816
31569.428732691194
24571.365341288212
