62697.11436845203
68356.715091105
72317.64142470174
70616.69029299737
80552.17697484375
78078.38492867295
76229.56953289665
59580.289972446415
63654.215384046336
73059.61349381894
67663.94993647182
71944.73882028148
73088.90098966655
65995.65712099319
71045.87794413436
68261.8331708399
71311.46400020819
69589.59590519899
71728.6351174649
64778.404348299235
73101.37250101837
68946.78426665012
76309.48166834428
67156.89278420713
62362.357227900866
69752.56546460572
84750.04542852844
66111.32942515523
71706.17798023293
60211.36228841728
75189.6810559048
78760.45225608804
60305.762858924645
61569.108059076716
70585.33770468914
65898.15432708737
75465.11812187984
72015.14484178604
62254.33519107144
71213.97077782259
73775.6483980314
80073.09193488809
73128.96512816462
61041.6735143249
72214.8303544695
72518.59744296683
77484.11258608084
71876.54896275801
75032.41299154432
65469.66280669988
82915.70516541271
70494.45480968301
82682.58945571673
66340.6698942968
70507.97039271273
78370.88241379388
56100.57162518403
73118.46581361064
70113.70500554875
63360.89406648158
51605.91207915516
67650.23597385976
83280.1589703238
65444.456379118325
74628.2386267718
62206.01132682177
71145.61246609456
80908.97331025351
72385.41627357308
57484.08051960588
77506.96297683936
74909.6037699922
