106831.05658514536
90436.2319210312
105761.52747805705
106527.48048111056
102397.53069309398
100537.87397489922
108931.78057113013
105698.46499394074
99701.12454236767
115791.58950327284
105766.67600650509
91095.4488168834
97448.21393758482
103249.80814558857
97880.5440076052
79062.10570727108
88052.3024119484
87220.23479683898
89278.82735198984
98083.83220977138
107229.94836767335
97460.96597100663
86717.08333147208
106280.48408199813
84851.75582224094
100631.76175523971
104931.21218251422
113077.35022397696
97685.86971280139
91766.93032978343
99595.69634445176
90024.93033477788
87996.76090460987
105347.37941273698
93203.7692736318
84253.66856951836
96373.21209514613
108217.32056777722
87084.03352302374
100442.81106784858
94575.84917995709
104255.42406715524
105948.7715763271
85525.00241700183
106878.41956853485
88175.12210157698
94823.2164929402
110719.05930544634
91623.25388182129
98242.79234232502
93266.52768069218
99566.50655263611
105359.02560595023
95002.47010426987
105443.24469341428
94728.52619876707
113984.5833920042
96980.89859425639
90197.80564366389
83902.39757207598
96688.2939305558
96382.97232370106
91556.91414906376
110828.19986267092
107855.82015630428
112987.3626605193
118323.79328508239
93587.061236651
109936.2848777838
91448.53323840261
98398.13259490454
101918.24588152964
