90445.6726180172
97911.6773676811
113179.58808090292
103688.00516714201
108420.5408106049
118319.46743080928
98180.08536523205
106979.3368598179
103785.90988355908
116078.4561693843
96214.3566417352
109158.24044514936
105607.346326644
84829.14518810411
97926.16100898638
114653.18996159782
105128.48699199784
106076.17264149296
106594.08649056677
94469.88601658067
104303.3788150916
80341.43820665647
113634.34937532783
116913.07716993024
126927.95807446458
115980.62904376994
106700.82548280426
98873.9212786482
101246.91680527975
86385.40665754295
97844.05365578042
96467.85172941884
101605.3847887477
117563.10318339
90968.5333327438
106576.89713651082
116016.07938833804
112799.76002077476
105479.68282937397
80400.36135278565
105204.33622244558
101390.21011068512
92689.6065078082
86861.61484334231
86505.33354507574
91429.28636739509
93034.65632871707
116828.99734636283
99201.51278935559
101442.07187202308
110880.9301168645
87797.38057894053
104285.8810476624
88928.69394238676
95836.76120514833
101031.8386299373
104679.49179809265
85560.40190486997
93309.70760062344
87127.6725051356
106107.89478028566
95861.83854571934
100473.28364578099
100745.00730260012
103042.79122266377
105327.62759426884
100821.00219031895
101603.30444381529
111998.80958613822
102176.13678207851
105301.80418511466
91074.9233597803
