29485.017669615765
31714.95565934361
29850.466606780217
29032.643943895637
31329.260172332157
29509.396361265128
26407.220239005037
27288.847533871838
30383.510553759228
29772.609059380284
26828.700798119917
28084.229932680224
27774.123279490555
26808.372329048645
29165.81394778748
31578.88359103872
27739.78539028155
32993.870683683046
32402.791468798823
29317.17988164821
29147.21137767737
29008.2325138128
32130.68789364087
28540.32495786002
27871.600141754618
26243.868294971297
27620.808959043596
28825.419745010186
31966.151446381406
23968.34521261275
34858.45514500335
27875.364644136334
29236.062868735462
32574.9799681548
31683.596326496998
26385.75738374673
34522.583239972875
30365.66763465804
27681.79889337304
29805.192384989794
27547.948540786016
26015.76729459903
29983.243461401227
27853.116466942593
29994.199456826478
34259.15904393723
30848.54884274501
32259.115941760938
29953.00903307918
34260.403788429074
28733.133378830473
34153.679234854644
29748.937919908218
31792.097173574362
32839.36621544642
26955.803833756032
35249.80820040232
29178.927347338948
24695.52600146959
36281.41823712738
28580.234377391524
28745.247543688056
34146.249732024444
31387.858179557497
26039.92151704704
29688.480956638625
32168.80641567649
30193.639131611406
27072.995778963268
34390.61278569512
28369.423426561778
32034.253602027133
