28483.61396297592
28021.730615412773
27250.130755050042
30303.533163158118
31432.906478180692
37542.56105433501
28545.437676929447
27268.91370526163
28638.579518928615
27717.165439119035
36732.750464577315
36930.40029420893
27947.30020612109
32223.290902019042
28939.87446237538
30930.44091878478
34006.85965881399
29972.41280082718
26240.199585849583
28678.174129733405
32673.370959603726
25943.863935638503
29320.714837676947
31537.383098382554
29854.72709153341
31733.45799817039
28294.585763033472
33351.90624748177
33889.600907361804
29278.137640138793
32091.52532683337
32060.76009094152
27820.07607698845
31506.23158132395
32843.72536190399
28854.73317165843
30678.61376629947
39038.89537759753
33019.81514337312
28355.233833228125
30250.201303577793
29827.683558313238
27107.977911438233
33654.739033409256
27370.412775982193
32289.021412261118
31630.961723048145
29594.154664115373
30477.23889433545
33853.91902809012
27464.361944436783
34305.17467596867
31337.107153960464
29319.597972087267
28511.131085667646
25123.170620410507
24399.903232442357
32114.74671444193
25582.700946783032
30499.846674993056
29589.158193458243
29412.6652766867
30202.455724456944
30030.54509314141
33670.48273851753
31524.08799353794
29468.209585382105
29654.161152790206
30675.67403470789
24772.486188198593
33849.732466257024
28365.326287817243
