62678.35800147495
52211.53641416163
68362.3531584767
70407.80757573928
70889.77896303362
56640.74830139202
50168.06972557597
63742.00656650404
63450.98653515452
67495.74196169541
58410.1317873317
64192.860526754805
61191.86576954552
62090.83166917202
60639.957469232264
60259.45705429992
55539.92944970178
56663.611871831294
61496.48576591465
65323.808332520355
67060.71752681374
56790.298040868656
56066.31360702583
48159.87605838746
60994.95430285406
68132.1608240588
71353.5298413918
56210.55583961155
64668.63775163815
68271.12142356469
57780.60683559225
58293.49643684915
45185.36374955098
61099.043572626884
62716.14192276612
58801.520197014754
50458.26613677423
61751.198022925135
49029.715810644746
68258.98560073886
59691.90747017485
60071.95179678597
56320.73205927306
65057.49188870491
61459.490008489774
56570.37262376163
71075.38249668584
57128.906031885635
66443.10206932233
60755.4248194251
67629.58399470877
54265.766476669894
61737.38422457765
55970.89831253282
58012.50266770055
58531.713463059015
58623.85440170857
69026.67052957509
57905.25898555881
52196.24539461962
63206.76629615864
55627.30806553228
52555.971159499204
67057.67817382583
63388.70049055174
64571.4715996248
62507.12979467278
41827.74879072644
67190.33386579546
64162.00508583026
63803.10728624703
62465.51649007635
