63871.83596434225
72511.10651228538
76715.92413896509
73131.48789355294
74068.77846119084
66231.59280573946
70572.70726163143
51353.637438592035
55587.98728264655
74100.39352799911
66614.10151759129
69864.81401039091
80387.80181367467
62901.200675005624
69729.10817853919
59349.02537313379
58679.098934083726
63033.67149071401
78071.67348848024
70330.7187215789
58314.55902333901
66576.79610820148
61163.3258708645
70092.82617482521
71673.4124771492
80007.68953052926
71621.71882071735
84498.3978768234
67405.52396935505
89585.30285757661
71411.71706758878
67585.49753725462
72990.94084195801
78450.30597356438
77228.6870234379
67326.47604246537
69798.24810817909
64892.27163692767
71146.76727986116
65235.4755663564
66153.20640621125
69398.48360721716
69792.53531742637
70535.16680291023
63838.152694640325
82134.50156289327
74501.99045394313
67683.37290831821
64838.573381540635
73533.72665827847
66037.66938698545
66927.88689243006
77566.9612320193
70498.96355624657
63639.559161917125
69132.05496604677
75098.65243616817
74821.70337600545
72240.36032709734
78275.78709089202
61084.78710853936
70032.11047518834
62700.30477324766
70552.41200472205
56888.28598744159
58669.352912251175
66672.72399163511
62359.886228070645
74927.3501010746
62958.995824822116
80045.1011152516
70832.43202993504
