76453.07359745883
67646.26449004916
71068.9114602916
71589.9765864108
74867.66758250314
73766.40783778508
66854.66753423185
76416.04371801534
71165.20584512672
66613.15184223378
65221.485343005224
70876.04930490581
66846.41797258683
70995.83836844977
77969.62713815384
66809.22284657367
71259.08341250836
71768.24616831283
59918.90959412955
93609.06624251077
65582.28802055804
72457.01191031457
71286.56723105555
59238.244485131756
76375.71060811248
57339.898279724155
86973.83734553427
67257.19148541839
80806.67757165946
72391.40047635692
72802.2836582855
68813.74613218564
78742.12761586848
73835.14575626935
77684.76505003271
77923.5939295501
68100.62937933225
68508.88728621705
70287.10718813686
79052.79448142071
69985.89489141986
62718.75207741865
79313.61129691222
63100.32685840854
82714.95815119443
65276.85676517917
72627.5429641319
58280.7560571988
60891.34162685634
68973.40550673025
80064.32507969176
66835.34889051037
71103.082625179
67299.54651215556
71223.01802632431
68433.84252494015
63433.705471040135
76714.85750320087
80700.983681725
63631.134630285094
66805.00830302018
80650.17625832604
69638.33645381707
70054.00546654523
69500.87870818631
73345.85038220706
49466.83830858537
74658.83938579459
59725.98020227868
72248.99112021462
77367.76757874442
72517.1478771145
