32693.97469947918
36535.481894629265
28471.549755685053
30716.543045376915
31176.36775037967
26474.278325827083
29437.464096315824
33525.84819748113
29464.937248609895
33373.02425872683
28205.788739647767
31292.536816844433
34389.22126811935
29194.858858169835
30060.669548708684
30625.743313347757
32275.5236808924
29842.90585570813
30397.912463214714
32503.714809331817
35566.228724155044
33195.96487762218
32145.486803735967
28164.074025229504
28275.42945763897
35333.96455687549
29586.27145131139
32082.263032489747
28142.481982255427
35647.92386634721
29939.97199165039
33303.66425774009
30607.354769315298
26370.752074191445
24801.520145065744
29683.218925741574
28356.208110640808
29971.391582491684
34344.57714774735
30143.404741454502
26682.407333815718
28109.96231987863
29863.05444261561
28672.234920607465
28365.031616004115
28027.195218305045
28666.37360413564
36206.46038186581
29506.286381410344
31683.142002762997
31918.94382817156
33066.62207149927
27731.68260611496
30253.16646548662
28385.46556557471
31452.914651337695
31810.08250058246
26825.43801709281
29140.385533596454
30444.15534877237
24499.95849835385
32144.665226855945
30460.822710554592
33378.89736814351
23730.769088238976
27721.96882386257
34009.53614155834
29856.121323891915
35606.78449685072
31180.12831097003
28501.701775631776
29287.66788029183
