101936.43431665227
103298.80514755101
105988.54811971096
104259.39303087248
107990.1347428845
106176.76070762587
91407.23001866821
123786.76792284286
82660.01593139893
103941.71907650618
94280.40557568675
114675.47084387402
100007.03039524116
94447.9306897049
111953.34275359448
97633.53905679924
108493.01030075016
100664.02998584267
98734.02055700212
94916.84225291105
110182.72292689256
105155.12035488799
121444.43321395277
99296.95530382828
97862.44534129047
98061.87140568506
108640.94495563305
107489.81267100674
92388.19877288991
96198.3696125448
101668.25554509096
102235.62793593438
109486.9238392649
96808.62699416032
102082.70539913715
91750.75155383408
85425.8210947578
116375.76070010944
98198.71197257393
109285.27998883462
97035.79843765766
114382.2819588282
98084.19064790598
106020.26875299928
95080.2727799276
88687.05126611018
98466.68441345601
116527.0883943627
102529.36928351138
92560.62344083327
97486.36682633757
107267.04812614522
98211.35129781283
101483.4976967393
103424.0645338361
88047.427523486
98271.45266511737
96044.52205813833
99719.9790202875
103365.21845915973
94224.91632414475
92710.49831079136
105330.922784247
93277.10019097073
100431.98532917435
99421.09643547969
108304.2633886326
103600.23124370085
97030.05667640908
111981.06601878873
110930.98888195904
90673.35936791108
