85973.66522697253
97016.01712720675
59747.179115437866
91771.43676251247
85368.91912828779
77817.88421492417
73142.12475094628
69283.02389871526
85052.15191794885
70521.9958258072
81971.56075201361
82695.81020448795
87758.03804667547
91350.75200478415
92723.45417685332
89556.13961163569
75800.89823210216
77180.45332781045
81043.89660113267
63503.06088200252
85941.23576401862
70420.0152223822
88455.99323788486
82785.27331296307
83929.1598458514
76630.14088709553
78142.90525297578
81219.80227074634
85030.96335954989
72700.87565763212
76272.79326554608
67673.07102267482
92666.4686335616
81048.7644612912
80044.68417468018
85437.0023853277
70691.50326478553
76507.67455461249
72094.4818686705
70425.6927093428
77835.3877025902
70786.29069040022
77930.82799808882
82958.99653526442
68811.52162378782
84563.19736679511
86466.76219963629
79936.93307827003
86550.3510741944
77575.18875444945
70100.41710426137
73522.17283026534
79363.76347453115
76000.49182544494
77359.34563767606
84096.41370355127
87123.54301401625
85635.36740488946
77837.13274243931
80314.34203150227
71089.15401837802
79881.35950530575
86414.2773287909
70382.11057470864
79905.35314155425
80100.33253504006
88382.94057506564
83088.11744962772
89039.0253763045
77211.45166812658
78844.19701100777
75219.54083061258
