103999
104236
104171
104228
104185
104372
104100
104272
104358
104055
104262
104077
125056
125064
124731
124867
124902
125098
125133
124909
124913
124767
125019
124934
124921
125010
124884
124977
125032
124774
124979
124984
124972
124811
125023
125050
104241
104192
104196
104253
104146
104299
104028
104401
104166
104162
104087
104210
124982
125012
124968
124868
125027
124829
125040
125071
124827
124947
125037
125082
120281
120401
120437
120308
120279
120289
120364
120268
120276
120339
120340
120476
