104072
104257
104246
104144
104073
104192
104165
104202
104092
104201
104260
104393
124786
124742
124889
124938
124887
124957
124998
124767
124872
124986
124928
125055
124993
124982
125096
124906
125020
125138
124843
124978
125062
124876
124917
124952
104187
104083
104067
104172
104153
104316
104189
104159
104273
104132
104144
104174
124970
124813
125119
124949
124841
124918
124911
124951
124940
125048
124943
124842
120312
120384
120455
120285
120460
120311
120326
120380
120412
120493
120254
120227
