104173
104057
104135
104312
104138
104312
104176
104329
104160
104201
104170
104195
125040
125068
125106
124858
124926
124810
125208
124910
124893
124945
124966
124865
124882
125034
124803
124924
124995
124997
125040
124987
124935
124893
125063
124927
104236
104183
104258
104093
104157
104242
104080
104234
104145
104133
104159
104018
124795
124916
124948
124833
125004
124825
124943
124896
125023
124911
124954
124969
120369
120524
120428
120204
120452
120365
120387
120395
120426
120388
120462
120611
