81243.29903096728
72366.46176061168
76422.70089408288
74152.66375340274
78650.95659919344
83643.5929031794
94760.00381666583
76790.73995602498
89216.13759098519
80938.75823116708
79531.8460285996
81569.72748258834
56763.57354540958
75573.84558462398
87620.7634547783
73050.97638584289
76304.91572120234
79481.31375167266
89197.77854942824
83531.20584681835
90681.71038951716
70987.23765491828
72099.63212748684
75805.00382278739
99571.6758671846
90379.51530831467
62806.97357269383
83976.45525105584
82277.70916108965
87139.07029032768
76388.74953426348
57164.81804457767
76599.88196990754
71253.34780199445
86639.39863526614
83843.08352195939
76843.3125630576
85009.14462211872
86904.07551813159
79080.56044788506
68410.32455637916
93649.88595027037
82089.86081992746
98505.55903667095
74754.5259820963
81540.84998138293
81439.1011036023
90973.57998010231
63204.38772359256
84622.60491068805
76101.33392029646
70782.85004347462
70243.57730651865
73091.41092712189
71518.25860735752
89051.70483950197
81001.54801646722
78438.98631047536
82727.34050652196
90458.95453342392
88737.63761587213
74439.37058927273
83996.28930490669
75479.57978476414
72100.08479358362
93767.10213503642
75550.5552936622
75487.28778532018
89367.53287050035
81365.65962990488
76167.67573058934
65683.36577117437
