111433.0779045156
90636.77442010558
95584.25127483286
115465.21573388283
85446.17236381833
86288.29845357081
96118.91175391535
98996.30697114703
87186.25502525539
106702.00800047253
110519.07904873765
107060.65049138553
105086.43960402653
102798.39206459794
95479.560760538
91136.12867725163
104045.96739331562
121823.69465699545
118422.30308887784
106832.8180525479
96792.08520011425
91654.09676368546
97307.92075157813
109959.1682948329
124913.13706171526
101890.17866114769
107651.45143388674
97681.52984191291
103047.72926106644
102820.17400399674
117150.11125956618
97884.29269647883
98462.4400629021
91446.69647847411
114135.5584948485
104317.1694152248
102522.41295942012
116020.09309034252
80748.14861193087
108489.10314911157
101628.0260415759
98085.99744123011
93582.9820210424
83164.94769728596
119666.50697811581
110825.01866217391
101513.97074373433
107652.4975799414
104574.96172915057
109096.12199868224
80471.14214811768
111209.50667115072
110514.2929035093
113235.27623946419
89989.69271570515
89414.89940638056
103892.7387128816
98716.24285294658
105912.20671535308
110188.89596874733
98726.89796962409
111726.34793831284
87802.40943316385
92205.84311097159
94803.84075439905
115218.40060219853
93801.1261618311
107676.52098075108
115049.479809099
94895.10302557885
90942.3491164522
96617.99295367108
