122414.44348515102
121114.68211540728
108997.3018156575
125327.89827156124
98233.01975256429
108361.33094370268
109548.14332397272
118478.6137753122
119970.2821131151
129761.99557247659
119782.93031935043
144681.64693933527
116899.66870100531
114787.6994514155
131317.19963584852
115815.46063834528
120378.37671187431
132122.65730714967
119812.07564203079
125119.4525967206
101197.23329131915
136073.79491812998
89081.90679657513
126385.06254371173
137426.65790696425
133120.38509797546
119683.59474538195
108596.49241609524
127939.85486648824
117541.06134640152
121603.74363831746
111341.38617732935
93394.44628611233
123215.51887578065
111151.37822212493
109127.56279678691
139703.07782383557
116347.2410629622
102671.34186301906
114134.18599186206
131496.05948325057
114168.62807749452
98069.25081341414
121852.90106699996
104594.00252523075
107048.89617380532
115898.04082995492
139943.82503538983
114011.2979435875
134936.6961753472
141501.22527603313
123988.51428993388
111581.89493317204
111992.61728098255
136898.58701494837
129913.01825975302
105513.14306936791
127128.81670017622
131785.1672028885
131504.10273583716
118881.47223212909
109150.03018883246
116433.27453266547
135044.85761539935
129425.96695889696
131114.18067032652
134044.52251928544
110132.59206190481
123867.34502978697
104706.84590866888
111601.45489413865
113949.46515980532
