108267.271074142
106609.8424350941
112597.39293089384
126161.04552284576
109063.88944337975
110130.29771123399
87106.63836241857
120119.85095930146
133560.90287971194
120951.13352600009
121997.08590415229
113886.98674823
134063.14986489632
122873.09565957838
130778.48618055883
124145.1607282142
122171.39482941905
134851.31335637387
111714.05485287504
124513.2428589165
117990.50263578004
120796.87066598644
128277.46500139264
108610.67043303147
111290.72806444726
113979.79315142226
125862.91326785297
119869.38589628872
124156.65886837202
121702.80877050309
133680.0053782482
123193.16703229424
129857.00594407613
99554.72982946866
122060.41614976522
114340.19651088741
106582.44743642485
116197.5610958459
112835.04651837176
147572.17353989222
126704.4716928122
119312.38381873582
134449.7357125003
121733.26292152703
126922.33481240574
103547.42650997126
119169.15864622596
101165.76452884237
106570.8040576009
125050.51958862795
110542.7061215308
109424.11724782595
116333.05664376059
110395.79644879201
106333.45763811503
119157.63520186207
118254.0590389335
124008.97967113707
126882.20428465397
135016.00047822137
137493.57151285073
130986.31368690032
132394.79468009088
134262.62406953753
108221.47931559567
124520.53876306399
111509.2612311075
134781.633252745
89461.39856371577
128017.21897667978
124273.68956682118
107674.12336794278
