29049.115344593178
27056.62557995254
29276.47966162809
23971.93159243843
28807.619046265296
34612.5433027133
24989.656580607483
31049.35201988999
36646.59339613206
30791.595284032475
28067.98208022813
28093.091415130446
30572.506138760426
27748.009692669963
32525.005814390086
26758.756950257615
30090.21345489487
33736.540423121514
33055.89204236945
27597.141508362347
31413.58799747426
35655.72459928672
28522.519040432555
27365.884786389855
26896.5376688701
34636.633036580264
28500.220619037547
26469.42784038287
33634.32279340255
30951.978712911645
35084.82182928904
33742.22779394624
33017.96114454552
31179.42483851707
28945.375654507272
28934.406087850504
29213.908088336317
33514.13728368511
33977.90541231842
26500.39267886819
26580.032663556995
25875.369075769308
32983.70240392637
27989.162827869925
26805.78771714261
30880.984198501665
26733.025256200104
31856.105780351605
35072.79826171852
30679.06043381724
34348.30794336432
28268.300397462353
29721.74752555884
30076.944585753594
28173.759798512754
31787.499209954625
33443.83043954879
29824.76703969977
23677.90278483957
25700.057119036126
26656.317624660136
33756.663213367916
28625.329706889115
35497.02567409116
32199.137635941348
28687.473444613708
34629.836896078144
34003.13432749173
33043.792622672656
30863.953252215015
33315.72086924986
28757.474963468867
