115200.68336342304
118794.59843254
123908.8634198284
125716.61664717984
139726.91429798922
117612.57836040537
112176.83676844725
116422.30454308746
133439.28109755515
113547.10169010365
87668.75722330839
124798.98713893014
132734.80270113563
114789.22411291368
112994.07493021495
133223.97027091397
110756.36642382875
137292.04283870463
124995.06971446937
132834.77250170734
121192.6033659022
124001.32262161744
123581.44846610283
105587.64049508472
108839.8818210859
121048.59678060666
133185.155811624
116704.41779990352
101195.41712041084
128760.60225547079
138775.80303789984
100018.39958886232
102090.3624985629
126031.39907292929
108759.69360782976
106887.24430749305
140344.95728002908
119708.13952300753
124255.4206488201
120873.84811613649
102141.98923868158
117671.89338778185
125798.1557480808
126876.04922726665
149283.91779459457
92425.50418310256
139602.64364089858
106304.61934167225
117205.91190271819
133290.58289203022
133142.1665925099
83565.95669597913
113046.39497439616
136039.95061858237
106931.80712098783
113407.22987813495
110567.18800334168
108909.25943667047
127228.05149388548
124663.61288476759
98663.96585837564
126963.73400675559
129736.20675121625
101694.76897992768
118909.42812657267
120577.22369139177
127882.05063316206
127576.70867970446
120306.11094807506
135402.49707778174
109779.01993972446
122464.4220372222
