127196.71498955447
141946.33201291272
123964.13996789303
145171.01138923003
135749.71446427648
144164.5907105032
120820.91475274053
129103.36828524375
101724.47284134453
133081.72964671606
130647.69094899537
112736.35798081709
119187.07277552458
83063.52918507105
119905.7875520458
114963.25276544967
141756.96627138974
138150.44171483253
130341.707094266
94196.48015825155
114098.77958713
131519.1288203995
122209.71241795186
117202.1050789923
130425.76933624757
125485.7378703519
104003.22209760197
134668.09165114007
122910.69625662429
105473.74295195872
120942.77353416348
113579.72024930143
106655.60063591748
132199.34120390576
133488.23180379893
138410.68639530978
103762.03974078414
125671.33744235252
102575.40157953347
109492.43220458004
141943.15909521884
136114.34707516152
130007.30972028684
146516.65022734486
120683.0901393155
120587.67832353352
127319.20202034878
136380.47414024748
122210.35526486364
115202.95640532867
118375.16137564521
118530.15104022696
120713.4512320633
114465.11939823504
115756.29420055864
115545.79008746898
119151.56291789364
120704.5895610426
112579.1161081826
126664.15966407544
129956.3848933736
114829.76388914017
100034.77230460406
120227.69545556545
104050.38868305576
82008.68445502472
104266.97255370923
147308.39752170985
127703.2781917427
96972.76056179813
115962.85443851569
112456.6132105011
