92173.8598806209
95239.88293678747
91184.70627520181
102733.66418121186
102840.55994239818
114730.76778919107
108497.89565447764
108501.01027229482
103764.20960606306
100796.02104279684
86248.73614764708
100577.3178032184
84222.10584680738
101948.6994641563
95424.72520369229
99216.1003808677
75285.69699434517
98366.64459255038
120389.17651073152
105650.66162134138
97319.52945409322
104659.17813427842
106313.53857101197
110940.3747440703
85638.07487008949
114997.30169854099
102949.57355519746
101830.60061540332
107489.10144667723
105346.87095208761
107044.64202794957
82953.11030310244
94204.40923966013
106456.56206593724
82043.51168009137
94467.39163042174
105722.36345012063
107068.53380721892
108708.06494430442
104165.89632963904
112275.3081519864
96012.68115217665
81962.82745851504
116281.32292274533
100449.70260555082
99244.24837024468
104318.8077131489
102703.30589210264
93286.89555361023
80831.93745926274
101463.27857698858
103894.48801060814
111586.37461378415
121393.53266562267
92125.59568782742
89985.0332635183
92306.84039622273
102552.310619166
102311.44481933583
85866.85052133564
97004.52948738377
115658.58297919059
90253.82456441307
99605.22243818318
115900.6070286501
107327.32122403228
106111.1978158366
97312.1776714335
84548.86701293252
89493.31649834542
91098.79252236271
88900.60648814614
