28619.051157988153
25980.185860951955
27459.247033080497
34936.90509139374
28431.063681051826
36726.83824714335
32817.9756186893
32933.78747251121
28976.571747965612
28333.36036639742
28725.029389019393
28639.200705651463
28081.993768244265
31499.525240600513
28410.9665452713
26127.168409172995
36228.54226804853
30357.977416573525
25004.92714215361
33715.67723442935
30181.893893946057
30573.524419311434
26904.414450580807
30176.193283428955
29160.29526210938
27522.53316425978
26176.732055747576
27826.993885231856
28821.064638416075
30576.291511333875
31113.926755779747
28067.73122077101
34266.88143324966
28903.18359260646
30869.101671437485
28094.687086511207
32344.65145915904
33007.45271028037
31564.185771573837
26871.935455883002
23626.2101121532
26951.42738316122
28146.092104162857
33334.749031674924
28066.473032869242
23725.507400548726
28768.366739335048
30497.146881656696
32156.56057497558
33122.97191773746
29789.325370571154
27570.874292754554
27692.599800439115
26110.326118375022
27536.80654653991
28720.659790723697
32768.435029122615
27890.436670818533
33949.25375797815
26585.025203748857
32602.452636459948
27510.51178547625
33069.56154637764
32933.160008487626
25256.803692770216
34067.60151783661
30889.915308004976
31049.113628226973
27010.091939256214
23603.213532640493
29217.04718069153
29448.158788021734
