88572.9864479047
104045.72539389794
92727.60772217777
109376.82495932149
99554.99132936288
97514.60794109279
108816.55570669046
98228.0607794327
113819.56640673059
95520.30073906622
106230.69849060054
99681.32991693742
95066.43618103417
100415.58289268453
109887.13322862794
94384.30482526074
84630.39291930228
90991.94080403783
121557.92124073437
107033.01350271504
97081.38325729304
101487.12108087551
118267.07608390875
78680.57202856116
86374.42311278838
105067.57556580265
92236.40196217372
89695.8143494662
117888.52267801632
99626.35624146742
89430.77734625306
93653.21186893558
112759.70562743107
93575.63527091018
107272.34945798565
102272.22869225916
80478.64860288943
82540.11396907952
87676.12754561321
108855.67072024631
105400.85930889352
118704.62177442432
110699.1419280549
98360.35777591825
106608.69702188225
103175.65663940602
115867.04200238454
82712.15574536109
109615.08671969411
95156.22835223678
90981.30710715987
100988.04432475971
99964.79160142265
104924.84975191658
105264.4601198191
108102.49624469425
107862.42317260384
93344.02319590448
98167.45151029872
95422.58974396672
119303.19992981784
106022.80732593602
95883.41707787408
97835.87862250769
109143.48350619081
98704.39155922811
116097.99053316645
95463.73427989965
86656.18647506366
105399.3831328485
97510.66022176317
112796.99881316411
