86503.11275411311
80663.76818121017
71040.52920312468
75709.99023602385
80251.5060718264
75948.17070352125
84686.83372029733
72085.09602634955
86091.9710117777
86751.4757586766
74925.08227935343
81553.11265833411
83164.5219931793
74016.87067097006
62133.55822686775
77936.0473247361
76179.65052083615
84872.06654752973
79497.18194394845
78469.34770566798
74853.12922411528
73398.58094477192
78053.8368198636
75280.78510765983
84213.06881663164
86784.01131542794
63253.40760964908
78185.23271587565
77817.70006929345
86042.43758972871
76498.62955651
75495.56088774366
75081.68844718992
84294.35815091766
82096.487004342
80325.98158940402
99049.13140944907
75418.53197756966
68979.2124753888
74956.80900875307
85598.87656673485
90010.16043433317
83726.9933017794
72980.45823721071
82844.30684542947
88029.37775498335
75989.80780086455
75882.63196107492
76446.44318476428
78559.68799380239
78214.9264556386
88334.8306917026
77108.73612517478
83632.30009263789
83298.86179336571
82947.20636796525
78920.8927639699
76137.44676158296
67984.95118067757
76852.7029878177
80807.55829438532
80044.83391400012
74786.6348723548
76896.89551074035
86527.15931535116
79888.04857626885
68933.50161835129
77470.7349574359
75745.34095384236
96834.21845871375
86624.96583881656
89289.47300525183
