107155.43526594088
140765.4425092445
114615.3235869838
121488.86487699786
126422.94698483447
119803.21865144686
118351.89000124372
109135.56563044936
108635.40575048068
123260.59820729065
133385.23677270152
128638.10320986652
114312.00048749507
134922.6124576989
115879.29833794228
113954.71492707984
105227.45020766673
121985.00774339371
122831.98115003378
137078.06777303858
120655.97637366853
132962.62153613896
103362.3950356947
123986.01534383674
92597.74270801696
127706.07148889785
129605.25781578626
116662.58238270324
113514.06263357443
120007.69754472197
132894.32192948821
102440.64360938033
138560.06291645623
141487.37731510357
106134.94070903282
118143.52087211217
91986.70493442591
129934.8823760841
95857.89902139956
114747.07494384881
118571.73669371307
95185.93529445944
113973.85762864497
111358.3135893477
119171.13411725851
113045.23654350801
102340.67163798286
91489.43203464976
110753.61249921826
129553.04402406825
119758.01492093448
130541.82933998803
129661.0661707933
113963.18059713377
128784.71083123275
140858.04281984267
111364.13050532843
126496.04339458903
111082.30979242775
92998.28420949099
127122.92707628984
118736.51555129974
146059.0208780758
122144.83867783209
131572.4086876983
119170.89553024675
127997.18290961227
105973.33665141453
127776.67876067366
125992.73594938166
105295.82288211961
114702.99169511929
