101740.08319012447
98705.92241497182
110096.83847591467
85433.07126377881
117456.99545106705
84074.72800263745
91904.26148322459
91370.33273074083
97601.66030262488
103053.55881305774
77109.5029540791
99561.70678525131
109245.21842123651
102619.5003712264
102541.22492945002
96928.25767829161
89616.42979538061
82883.61341972585
91251.54636297071
97040.93235066422
91102.04367900967
95805.27757378861
94035.87608110467
97844.57674774576
97514.65140094329
95080.09702794653
109920.91368034494
103879.88094876756
99326.16447217324
76373.62335104105
109266.08497647815
98764.44721800328
96307.02999277296
100276.11190910431
99310.13660648651
83713.99454415742
104889.6843898203
99378.25857781983
108687.22779658779
96568.78718324234
105815.1689798764
112382.8135030547
100325.93696397096
94127.82759645855
104799.61287163886
98399.58098400585
115198.770146573
113438.14792594609
99095.89797148929
98936.16863645568
101664.58269473117
90832.83268356351
85068.30257810182
98105.46347357167
96405.70109531944
105397.2683534965
96533.18171161468
90216.75536234672
90515.25303601645
94980.81629588977
76256.55148998256
99416.44801481563
93038.81421180157
106330.12927306535
114202.55349619084
88182.9719996681
97679.90204065548
90186.41976163514
102381.89061250858
101818.4148678798
92108.32667493794
107818.76010134787
