77575.13076858174
73721.93809252075
60051.974070461234
72284.70545315735
58888.953595258834
76567.12987519811
68968.98669193448
75293.5893892827
74416.83764987011
67797.33390501051
69081.8521175927
64056.68725102216
77304.5131355503
73887.14523408221
87491.87715863039
72054.62136985382
76149.76400194108
70576.59945086637
69522.06587501662
72910.52946543701
72179.64576416653
78065.45340671748
70517.84549860832
68903.08510513193
68859.64874219257
75499.59876321876
71140.14900310404
60860.070419255986
73815.6603243253
74533.46096453162
71797.62933312895
75444.51009598012
65635.2965465919
74712.18507150095
68584.6839021621
60777.55660793719
58793.451383394815
68193.47081774577
83965.17460396193
73330.36069126919
84031.80503033983
69247.88518298318
67837.61132336322
74210.6567608328
80886.98583954535
69211.03230659115
73643.55565285278
69682.77576021153
75012.20392001439
72752.96983933095
68252.56843108257
68584.07856365027
80942.34286705244
67327.34932638762
82190.21315348423
70317.7256694268
59174.75285941265
61741.5019323487
69688.62529573539
78103.23191754079
78023.56572784604
66335.85585047338
86337.21148213095
66515.93789247156
72762.20863384496
62176.39718208453
76046.35414893061
68478.08128990477
72145.25828524047
64490.210551647855
73929.20988711934
61601.61535169411
