92752.54674319857
105523.49626311213
83212.99313857593
118987.9946102879
93965.90812315683
108817.81094471563
124005.30900923781
104244.8693968983
107933.85988743838
94473.48053617339
98300.78389191472
112166.84970776299
102452.9086038101
104847.58657417848
109506.69064753484
114984.73914753404
107378.24352934043
105835.50766910984
105298.40909171417
120818.08519566097
99707.45695728922
117214.46563979678
98331.69962840587
111811.92072455118
103400.41653600756
89457.48686837575
97784.79461342623
115722.98140828556
90386.25219689634
126764.77679413867
94212.65999236211
101850.65407728394
97429.31834916006
78823.88446298361
113262.26627627265
88206.95151604348
109411.72070831727
88099.55985569369
108863.57345639457
109691.98844527564
107410.40400293615
96125.62875724006
100962.04314376815
97797.78821417641
113342.39535011981
80627.33729571191
118710.53995209438
88080.60070799521
86042.49033209661
90837.44857287832
109551.93944356516
106036.9074555704
93820.85292986059
94497.11165806757
77856.12274008467
91576.67749412783
102674.60247073679
110149.8628253186
97382.70280408356
103657.20626076129
91159.75911524116
98893.57569165679
101254.27027820793
106288.27060310781
113356.24856955983
90620.65132959659
105108.05319086825
98244.69816023918
103790.48306775316
98957.98363490404
91164.52408601536
105905.21178916714
