61548.15627735445
63602.80786046222
60203.10026815577
56162.554703150214
69392.14714870781
66843.27690507521
59308.42155024533
73056.02117582422
59168.18996439067
59944.74948699835
50590.562039868586
56663.62852469866
72927.46234404463
61684.773169969994
63769.20515417312
61240.97945329809
67194.47884603559
61310.63295145775
50138.94954263651
54128.619917294025
68246.21865654823
57638.46395426507
52076.32890055151
55382.51090982139
57068.6823798214
60484.639481527345
56128.0366339279
61808.225788764204
61529.53886562384
63665.7110224298
58685.6726252077
49522.66471256702
55707.4337114413
71168.97060531384
47476.34179847548
49874.00921610753
53990.854853253106
53667.817501294056
65258.640970424014
59569.82489169249
60455.5516433466
68084.07828330826
49418.83002271903
59253.41358312586
67355.13583342239
55832.28650319847
60497.00561992697
59962.06391587043
51172.008765042614
62920.929009046195
53980.85805258595
54646.32282709199
51721.44726227331
51017.3173141873
63543.7451581029
54489.77015164459
67316.95410764261
59495.05878384238
53526.74023135047
64012.029608696015
52167.98562965125
65387.65732853582
59571.74989649486
58268.22331778089
58100.461316092566
56646.19529233245
61233.87371426738
59109.254465749975
51464.12168629846
64732.07187591755
63649.87556168721
51270.79229165267
