104937.63412302716
109561.65606386452
97341.16536269258
119652.85248201854
122759.03215686142
124644.00422163616
98418.33242412403
120158.14439892082
111637.85886466192
125828.04721291448
125334.27863604199
116685.24265665968
125521.29526934821
117840.38257238753
95436.84264521324
137870.95089864905
130045.98002355435
117877.37197780127
118130.19951823834
107185.95438803855
110780.50593631898
124499.11965867359
112888.65100833334
124953.14552144491
121546.16767567908
124489.2980421955
143252.3050567917
113687.72470930198
88097.95836720304
114488.19163551187
109518.06345969395
109069.38941375198
107958.69370541499
115220.8289235133
108453.96723245205
97610.83965792005
115012.3368798848
144455.19566631998
109489.17923155976
116154.61121747695
122031.45366146408
117434.03464562997
132568.31517283327
130853.87877745391
114880.11400212426
117206.9655701591
121285.61166092003
121508.40479575272
128236.17918500368
111991.49203969227
101737.1859859278
120515.96760715266
128366.8004049081
123056.39611617278
114134.70261472279
105397.08432837231
129142.58714176294
123003.44904297996
104872.74848601325
144042.90001883567
108982.2262162441
135777.40724873176
100820.72692731177
107340.41714039276
145878.2725799444
113483.87613572842
137245.07210802217
100281.8139336778
93114.7502886684
111420.79848416541
104910.28600660835
116650.9300845769
