66785.80334216086
51594.43611624328
69141.10629712809
66884.56301181999
70434.408430146
71062.97297167969
74425.75062883578
81047.1359161068
85683.5256277927
77837.68104058846
73228.78657820786
76855.28527078642
72114.08551348423
73700.35252629881
79302.0128705752
71243.87188280524
67937.11084969269
60972.13732969744
79533.63947849776
66797.35344694575
63612.10888664818
77330.37602088995
72982.67144550876
61706.03582889796
66170.55913213259
58063.18575262575
69105.13703438404
67507.78055265945
72899.53785459987
62707.95641766441
78143.88482057823
79059.3667228499
63949.028673264394
72580.35017508792
74802.97270863815
67020.96647798893
62109.52039982906
61060.40834732703
72815.85205990213
83446.15932309211
66553.57803469742
70756.2634305448
65642.78040264694
78488.8820304223
73113.13824000285
79118.06357388276
71428.79548121669
75486.71360038951
71525.95715805831
60338.06632789261
87252.16286481815
63313.542090122224
70803.2258448932
65438.55184150794
70506.86194350729
56686.68661927162
72799.75408389262
70052.10673740882
73359.57576225241
64690.71066609236
71236.66551321585
68157.45515697682
80598.65731680761
54756.70004497065
70247.30455278007
64232.63863806048
89846.92390639507
77435.30125642598
76374.9143413651
61707.28234741385
71566.25149800487
77667.53927881984
