66891.1693002587
61470.68670105604
69308.41657753345
67550.6909223301
61032.171844815726
76067.54856374339
57478.93084915816
75756.49683856225
78054.73096808919
74798.04289040389
70911.75012984712
75888.35302087457
88091.02426150843
68372.33088224143
76705.9569433474
68532.45201962025
67099.92306679024
70048.20468106607
77051.29568576715
73004.6514357024
64680.43215965833
71936.57578141648
71063.13539965883
74345.41062521923
64818.85432739082
67176.39787364606
75516.49990074005
69293.33926897218
64011.33271935932
72572.06538400093
77350.02003341525
69057.22766508277
66323.13747097511
77257.13972983601
70465.0515953505
56828.03103947102
75341.85363872604
70616.37510798601
65524.19128157109
68260.6132614921
85429.39292133646
87223.37179583762
82048.02763132054
81345.01381371226
75471.31448571113
68501.11316494603
79443.16814807395
68104.82783682532
67122.45341951396
74663.1059250474
71993.84750234972
59350.0766598692
59913.667110764385
59565.02851797097
77498.39988179586
71933.3522733528
67377.16480208827
66826.04877450081
62837.072533301834
61289.982175872545
68943.23758409849
70123.21247026675
62913.80327143874
67187.46172010814
78277.30225458601
58702.63170987911
69123.42990834362
70689.15036065166
65594.07207270806
92160.81233791176
71912.94789040447
73660.19577935456
