70555.90254424878
59938.206411873434
63394.73641446458
58352.43524526638
51428.95046236305
60170.79981169199
56656.17137481947
58753.60185030318
60997.55332011315
67546.23429330226
58234.41154720334
52218.64634115033
59639.82223151196
66389.00167579645
67511.73712732313
61750.962367578526
66446.45019989395
61140.65273099385
58227.50542732034
49869.83500533675
53746.52368227893
49967.47124439882
62635.399614816204
59236.700937403126
69235.99029986619
58205.41765323477
53242.97136199414
55815.01272623346
58054.1643697558
56140.70965343124
60337.156971556215
66321.97796908618
71927.88372362267
75637.91888500346
71206.28577540854
54795.60948096901
57322.02757513548
51535.12507738799
53216.88583370562
57110.26715530714
62561.13080380398
57283.97070937502
63409.39570641315
54561.32028800967
55196.511480739515
52380.49833042829
68964.82395861909
59342.83122096226
53241.132007200824
50942.508773097434
58636.452028277985
56407.2848105874
61072.645770148345
62951.885597484186
67809.76765352447
60319.98227184379
63933.75520933496
50340.042323922666
62603.0027658998
61194.08382363116
63978.558417556786
61218.7792469224
63699.02835891094
57407.006345271344
64969.078392354626
50463.36977064616
53591.468628393624
58181.599523981335
58903.74691660032
59161.47028562717
64376.63612206162
63473.17313839458
