74028.79431627976
62815.54462243929
67709.01861583054
58278.23921367966
72495.56760802488
71094.34373499562
79296.40015822093
61605.26431100223
71702.61490534106
77494.93992770548
65365.64820674137
76800.17942632199
56956.4639041455
73206.49507468203
74287.34194039661
66386.17669611532
61411.803359630874
51105.85308036859
70839.57471355908
79438.00649050808
60046.91418901385
67081.59775985221
83882.1468583294
67943.49382539604
67909.94415243104
70913.6481987414
67838.57262918854
66370.9170212849
80151.4586320775
68623.0851323079
77726.98118971777
67884.21795438619
68993.04924395368
66209.72168594348
86525.55225109911
85678.03584199623
76253.40504598283
76580.62541618297
57690.787388464174
69081.1808632401
67876.36318617388
66293.30258145888
68219.94980815215
63345.34930402907
67255.20586202765
65460.04462628069
72784.77045448114
70978.1277049024
61518.273003159775
81028.02563282388
67853.23304093303
66261.90617083632
74604.90566559172
77735.16826562656
69461.46946636906
64591.52979618039
65039.72342960297
86069.6760286822
72877.44660423955
76831.79914036645
83611.41261397071
70472.4179257571
70389.0363810999
61916.035569365624
78069.31959226685
61775.78457043222
66051.34846247738
72213.90842946492
78207.7663030579
77007.27423965342
67983.03824067816
71029.72340650819
