61359.56412193206
63443.90639710587
64650.85931041866
58463.830053882186
65927.57016677188
69829.20491508856
74226.34735414345
70989.43608492894
68749.18197474796
79301.32731298571
58028.0414110028
72947.1018981107
63660.144814624255
76361.13129158085
73341.85332090232
56496.51443121305
73660.74560336118
72686.60822806688
73407.99118281642
70615.35554998345
78232.19919269555
59341.44446949431
73974.6993596459
78266.6796242608
73638.10737373012
65704.50063513954
50096.88379876754
71556.95720647353
66928.39081980023
73461.28164954961
64988.46692912198
65088.33649201899
65836.93275242935
82122.89311630018
68359.16554713617
68553.5591536611
72718.10547430137
62766.38570489011
73324.87600950758
72156.25698117063
73394.61129715228
71669.11160568242
72533.47593662806
67381.12226286525
80873.45606383607
64334.93456023368
68541.62179567697
72836.8475121057
75390.54381425487
70828.13047762057
65615.4271094578
65269.337907800174
59682.20452624727
81951.5649266077
79771.08418663417
70825.03682411801
62542.44893998316
67018.21501069698
70500.98337579328
62361.543517498285
83343.24724520657
77200.58402057189
67623.4954394056
69667.90663789154
72828.75430316868
72816.0859858253
65534.62526922928
61438.20847703452
70816.07335862874
59550.17450371892
67809.98758329642
57387.74768426206
