129301.53288889962
134070.02160775347
134857.91613986564
114613.02571337092
107761.04331578276
133277.67472363083
123132.96418172699
108802.80327091234
138535.718229568
128757.03672046209
127771.46760398222
114318.11529440824
122718.27143772496
112562.21069899197
121563.90518286421
133983.1376127868
132310.68967413335
123620.20894613572
124462.76070535561
108117.49122254881
110425.93377335215
131271.17891300085
138445.0139426946
117174.43304283463
109875.26018233126
131630.76072560728
118527.41716867394
123941.60707710816
133617.7543875129
125575.29073604206
115109.33059147226
123329.3871340006
136533.89046593194
118947.52935728317
118119.57558780913
139818.35870962855
121671.85049692787
116944.40934965474
109416.13834554442
136102.87280052077
104809.39108419936
113645.49288336224
112344.55925980961
107993.16832429545
115446.24025611032
117481.52842985943
100255.9331297219
122979.83999130804
115326.11398077318
114372.91266911346
124880.59470042122
119726.78633249932
92203.48637716149
112331.49160914932
101362.34231716002
135532.900908407
114925.48121136345
122059.96687007924
126940.72734997781
114669.73379681578
133890.57807051568
98147.27739177039
104391.8721445057
148319.56985768213
119904.9567402389
126892.43184275863
138254.5792435153
109315.68044455303
110165.555152462
97696.18893281349
111036.04399063812
114178.76646769857
