36815.08923476507
26476.669813819306
30831.384899418485
31385.852762919858
32336.42341027835
31532.29222657397
28344.428293587156
32405.950926940517
33323.95184313921
28874.74506868703
35314.15556556619
29077.102597927398
23883.734034887017
29297.949512702682
34866.059172507754
27603.917359022907
31210.19367782726
31395.675924236733
28128.33353338474
28570.191795706352
31612.09931554633
34378.90799367459
27254.56866314922
29840.685983187686
37419.888487252094
28999.78574529382
24261.897182960016
24924.937657301227
24681.781239262793
34299.766419776206
25817.2833872072
31470.373923733587
25681.294736660588
30953.724932422858
32445.516736163816
28378.043598286113
26717.220462117188
30973.021876868836
24655.243278119753
31635.077401744635
32049.591293679016
30753.259796701634
27622.92165036919
30018.082515335922
30697.89370528679
29352.516166697234
27383.39988397316
28086.635876052304
34573.364232527536
28752.05772140516
27194.023834979314
27719.195935726555
28029.876563821887
32819.29172525956
19789.464546102725
24690.88270320746
33071.900106914574
30992.031989397143
26693.832037884873
28900.605010755877
29164.209410267424
26933.585594591157
30238.445458047157
30379.76891725063
29618.65942512657
25686.009995054308
32086.730365423937
30586.617861971423
28013.185821124443
26305.786180030464
31496.899027507247
28083.484698035143
