70946.84149777879
62524.0862916565
53854.697095269315
63210.94233889439
58356.39762076998
65893.43478017091
68035.7167675824
51405.780209251956
62249.84825123217
65319.589879862906
67906.09229429103
52474.42362149258
51858.573050111365
60329.123363901876
44656.50564060059
61736.45077726968
54667.03301894553
46896.14755063685
58288.31023705504
60502.669474263676
52393.33245021523
68372.65798068202
59408.2796373963
64414.299471521124
47892.710196426626
58650.74444412042
54664.355092510734
51149.23491919411
71418.32512364269
60222.49312534199
58992.436661631604
65649.27457321627
55945.02037145317
56061.8350399946
60042.08732031191
55990.625204857104
53109.284661268
59775.862435953706
63414.08158890113
58342.78846486332
58775.418395446395
58947.83251712364
60018.23345366068
48460.707439072234
49331.62702631795
50634.78277846822
56944.97712048981
69076.25417404382
59707.90542180318
58561.694479891856
60217.20511518258
63400.02699749476
55678.21040944315
59259.35847048823
59731.15536478109
66463.85262274696
70847.76462231105
54732.29361046706
50604.74548608847
48761.22046782216
69697.57385156333
59377.44492039631
57584.09185920064
58471.60137136079
54351.896604656125
58972.791692353065
70810.27925453453
53170.13722340475
64144.9273304727
54410.945239753855
63801.5429370393
58117.23007459463
