129812.97871776762
124636.85706737901
130672.4420476102
108036.9499383801
126487.75724852455
121671.89643786964
119006.34544987029
127401.78590177532
119570.12442362461
119235.57232344865
116991.80640761714
122740.52670840212
103713.04003946371
106967.92907375953
100846.65782060163
148713.13553858214
113063.64171828348
135331.56745790428
102154.8005727655
114240.51223920843
136107.82747842907
112893.36030087026
129116.62854093885
106836.02377533566
95603.24134084968
128771.22190544859
125056.40184148993
120361.34915090876
94511.39106522799
117848.65279791327
129552.09169834296
127549.9315071929
95534.52622344485
115258.07670004222
133560.44185702276
133147.78812618935
113790.5115283306
120562.85362267875
118336.81125618103
111815.9853128628
128453.04920824314
120071.51810013196
127457.77093076777
121698.72250392084
114049.47859426937
101719.71333864673
123991.03533338262
141062.08845529257
123365.69315369682
116458.62685945319
141529.11305104385
112415.9761057219
99968.2567237212
105517.10988139072
99531.38010583908
104129.81118935738
129274.25426129234
123466.22992534291
111057.9174955894
118170.34075276967
110727.03466816079
142246.67340770763
116600.10906372627
124011.6172681112
118327.59499384173
108222.55605095727
131140.87625060312
130432.8888911243
102652.56961908494
131476.43760820513
106375.38012913354
150344.59043903273
