86487.57248200756
68838.43690035676
72547.96187958398
84875.83979553639
71526.66725637788
74831.95338391181
69315.47073437611
91959.34034022427
78740.5037804823
79417.77687998633
82767.14855942555
92638.92605066812
84166.96892976204
78620.1021726097
85188.24199140474
70547.83856115588
79651.71170229293
86883.08820072183
79487.7434243863
75780.64113181338
53397.32038053669
87571.02916959983
86106.75004364416
82627.70862873438
80567.32672637682
81016.83490082213
87916.59737191963
84974.6212876226
83315.77402758894
75522.18025136457
90620.2527332459
63334.87956741202
76337.38950885265
71437.0991533832
87490.02331773969
71694.68573254526
70778.10972355654
63545.738673219974
71737.49477579529
80450.25879404278
86928.93178982787
90506.67481965624
92504.59081338633
74878.784443783
78902.97869252489
81921.1984110094
59002.22153228088
69762.22296521836
80166.21744664946
85348.7000730382
83301.51147253804
74794.04469080779
79575.6277093757
90789.9602755858
80195.51235299271
86105.86145089944
73919.29922131202
76298.61160812617
64882.38533979617
92817.18961203906
59069.51316177439
92507.6161071166
76938.78216614974
71402.41636035626
93958.2983663549
76443.5766616105
71323.59063566485
84530.48337755245
90433.62120151195
89589.20308089347
80691.64302177505
76419.1085288273
