79251.72973935005
88388.86778792852
88296.82437207912
89992.13226755314
71437.68321696321
83513.97003455152
88793.01595746752
73926.3429046158
75437.33665230386
73285.17502907683
73901.63922663197
73992.75235109394
83154.66240120798
65637.60423073627
86090.51405018939
66548.73300809994
68341.25734349484
62166.68414221453
82026.66151283964
76540.60491259569
86022.97710508843
90473.28022505502
79362.74517174676
66985.64276141278
80192.48319135423
79638.84829351057
79069.65117995991
81772.9195351451
74218.13545988433
79347.35304085087
81634.30147943537
87694.95032269154
86024.08489520084
80088.000685218
77065.94594668136
79356.07219937329
79743.28237671334
78544.41014604787
81128.04528965702
74631.39745829397
87090.50337895539
74217.43364609807
82848.28180482546
83063.08720608203
79376.51374915447
89130.65708784571
78949.75074346109
83942.42277388813
78257.54682743025
92310.1252325821
82083.70916742389
65438.33657906093
71794.08718221684
84257.25224501622
73045.46535106584
83753.85698396109
65347.84480735842
82277.66446205755
82675.09644338672
67715.61600050647
73822.24018760363
71089.5227085002
83031.01846640228
72507.28443912009
83061.23987568
79340.33709238778
69930.12119718925
72774.11135024346
68631.69776193012
70195.07945946083
75635.98749126098
90968.55526328385
