77795.12270556977
68934.47230289706
78724.32769833897
77147.84068776376
76412.52991912795
77223.43292694619
84049.38414021509
87018.75771039557
61830.90694705021
76051.99003843562
77264.00074890377
90205.09466178296
78305.18951561427
58305.24319375608
78717.55376986884
74730.7594436284
74108.1993131703
72543.84154517042
86910.73071326093
77823.7305916492
73988.53056872476
62478.034665774045
64164.94614699767
91531.11037072803
76021.59142444233
85554.60648764795
70110.08942135505
82754.90230604997
70771.26783231249
69247.24754982821
84001.80560437911
79569.37624559924
74045.67267562117
94656.98888227278
75501.72088593603
75071.44070682144
91295.48361467448
86656.64714275133
83054.15093849764
70311.40610109843
79420.07351735698
84740.0839485856
82850.58045492509
75824.63499801204
73051.00087131484
92714.81263735596
82331.52280665447
96758.79966658236
81431.08475091541
65212.08423659095
77870.41485052215
76135.91652845139
90761.89980410766
89489.87330052866
63253.878826959226
72557.48614839208
79892.98481048328
89066.33878343466
73071.64643696758
80807.3347898041
89267.4352012565
82377.15477513353
83838.94790387945
87469.16868187638
88432.78028794566
84711.41145304275
91008.10202804349
81767.68708295123
80635.37464181481
88316.80533896707
70913.148945525
77666.97971957296
