116076.09874835945
84198.34585982322
83273.3819576201
98532.81525709579
103384.22919452714
115309.82062780377
116002.45902693644
107534.48377206565
106270.4724292161
89183.88969717477
103554.63496664279
88804.98232609006
108010.50884953952
90556.84492352443
84185.17313016817
93455.99157482928
91733.08614504478
84698.19977687122
83437.67149121074
90126.53449627823
75346.21761334247
96343.03581068183
109232.62105552964
92803.09519067933
104415.27129741895
88968.31641946554
96377.06888948943
108186.8724645346
112685.40712661434
91591.4399043341
106941.23332808545
108599.35361955425
84319.74940711402
102094.56660270346
98254.75626254363
89574.23497811996
102347.38311699651
109687.65139111469
99162.81565659938
88219.8392745539
93131.5760987024
100151.33771760642
108520.71081900243
91658.98008463313
104109.27902006663
106412.95228421106
110172.76238831495
112949.67953259515
101407.15163407337
117427.7730251045
91238.19049077974
106441.90161200849
98176.73976850274
82182.59938153544
93859.75732791478
87516.7072125159
114387.86840403378
96489.97483836701
104598.79394220268
90160.43052578579
97817.76344083877
96624.49543891898
123221.13971196224
104906.21546860228
109221.27380899775
103620.27022356397
91183.46976646346
99008.62633822174
99665.78547005716
95176.16880684337
124754.21096403323
113735.90787934455
