69048.71356048787
76879.68561292833
67967.66438476853
78294.29961046079
82459.54873352879
59585.911629478636
64126.148511144915
69046.62852135574
71151.61416889021
61764.048701362124
74728.20039587968
76567.49983847653
70792.60197364664
60894.25078039612
69913.87716041817
78619.31722044619
73644.70342699776
82950.2292122011
59091.09155244117
64119.543243499356
66416.00157314859
73779.33561134459
71637.96201827901
72538.73258522595
65882.29577920341
51832.10163848817
68912.04322205651
74380.2973797819
58710.5003842552
73963.96847162375
68698.09167012828
67008.53179091732
71896.25944979595
62401.85604236736
59928.558809774564
67804.96774906624
73017.56707184562
67468.16652122399
71623.58650326807
87436.34956304409
82521.421014262
67648.46326491822
69561.0003829967
78088.32215141579
74991.5440004363
80217.51719640024
66174.68465341812
77989.86883848692
74336.72539562431
72404.90281306705
63229.4833306829
61724.01063933824
75020.19464949016
71987.81430650603
65176.032088989436
70934.68329802615
75918.289698599
66723.86928046559
67482.27441614334
73687.08772440415
69971.53026745217
84744.72281031593
73202.65571722151
78492.06251224293
65434.23411513484
100672.22704450152
70493.15886289737
61836.36521275893
64414.29665026246
70824.5631411514
72788.66533498032
56992.973220176915
