70063.39332382087
65652.68806281607
55332.51613139051
58847.090633015956
67820.14875783389
62398.62151504683
69580.96104305457
68311.90908712693
52994.52464299695
57208.85606451776
62424.39572184717
59520.19186947976
60363.45880985919
42299.535296749804
56497.65404371181
60920.60094045748
63323.34538935642
64140.65385390885
62502.48589818615
61976.97760256777
70288.50489843986
71483.9207522657
58676.762107626426
61158.457653994
56156.81713568988
60980.21413290268
51340.06252484244
62837.55987459871
46152.16489529433
57409.65469243961
61127.81346707064
57594.88714957944
51799.84022531832
65566.45523282532
56710.588923685
55123.57672319239
57954.26495968446
53734.74711467559
62477.458526742084
65491.44388679476
58017.84176057922
60714.023762118086
69792.80680087947
51403.56341309828
59262.266491151415
73812.18574650383
56391.67986338616
55307.50619956115
54188.36890993035
57363.352539245454
58765.80776804078
62064.23122477567
67945.69186465627
57486.33274134497
58523.92637086272
56961.56568088175
68191.7023984859
57409.31539745806
54254.77299468156
61295.67357435288
57484.97825751588
65327.2129815155
61577.57850282761
59120.81113621091
62563.521068185124
63920.85835033519
63063.38129985056
57931.01837985018
72978.77993731826
62846.5928643586
54836.07928438803
74098.1391485453
