68154.35709639956
60497.716819362126
56742.21016199889
61122.64369657119
62566.9776564359
56536.28168912738
56951.40956400572
63438.12884985815
53335.38671213948
58461.99226643874
48977.765724445715
62062.875007024995
65597.83076444875
57418.548298475696
64149.865168467455
65509.10697782826
58016.11312465015
59324.140103641315
66603.50737057194
61747.13798392622
57424.23074974838
65181.8290481368
55243.943771243976
52070.09293109835
55604.4204890735
50187.41201249134
60933.14365452146
57168.72766624409
60975.99243265169
56806.69112209531
57565.981259641725
69862.07675522086
63438.00812161059
63383.06903890824
50678.75877114405
57200.68335567049
58095.430922311934
61959.59834532717
58412.754135369636
46349.94939881397
57075.66701891603
58284.03604499988
57021.96155184144
54579.76393802975
50884.88739887067
57604.300870129264
51761.83603905221
60467.19536370934
46427.583825330476
57454.91650344189
70860.68673546716
65345.44542577204
61873.4629373091
59032.03747577144
58619.78137623382
52330.56854746691
68510.11115377005
50809.9673039591
50734.263123073266
66013.32217166839
68374.88232807252
56113.45789980376
65840.71707931049
58268.81846256115
54220.371723375494
68383.588612336
58011.90643133519
70064.48130811937
58069.803351744216
51253.66785932342
54103.1802760302
45615.09610217994
