75166.63809378367
77384.94363701633
85234.91654244115
77899.44250204055
81129.66788246497
80558.81675140146
78228.90068881934
69272.63826159055
85876.36291729468
78916.07422779502
76675.00684789523
77473.39832072666
86374.8912911316
77474.87729903148
78575.7227346992
76380.05266435088
92037.36861364284
82067.75074721483
82615.7135555175
93960.46284178944
81882.14472553942
83447.33913539919
77894.75072813839
85524.7642535703
96099.55880760668
82148.63691446805
94632.205046879
88486.610752853
86541.35147051583
85806.13217809543
76858.80839576732
85857.71569571571
75558.32234502728
79718.72931898758
86777.35430848901
81944.68969452805
83759.30868516429
91083.45372383507
81439.42115165279
82286.62387214505
85393.54532609059
76489.1384857683
99627.24463191692
66307.04772242556
95397.41358090015
83408.41161938668
75341.25495290068
83441.0997112211
83476.93530769176
82901.53897121659
71631.13828245059
81509.01004533074
80595.52520916729
76804.29833128244
80518.96705448462
78161.7684470808
76552.66582202046
70799.14161480175
65571.79464084517
91678.48230114403
78946.31954727136
92883.75579482666
88059.26233540683
90997.69727518862
83275.63362754164
99949.18165518236
81325.64270176843
68451.67882814567
86034.53239668958
70769.11018427995
71077.68195845319
75011.01507170965
