59655.8052354791
90109.58891818799
83923.23495090792
82689.19577744864
75093.84768988621
74645.93956777189
82613.14536977177
71710.98658047209
75896.87676376267
79500.4845110718
94548.86474988754
91454.32355401224
76438.77127769613
101307.29916772494
70710.5332667956
75035.14902700402
86720.57671519846
81525.35524757065
80137.12912353087
78307.99857842604
76392.7228954324
86278.92448181204
69433.69114420132
77714.97594416277
75971.6235470847
85371.3662168228
92733.12745312943
65841.55836936152
80282.89788031841
83827.4605444852
79667.55197011936
83037.84566449813
69775.50563591531
64872.53216238482
84703.5734033536
71096.39468472126
75957.5760820972
72017.03853779925
77073.8604808692
85875.6418448562
93342.72126024553
81371.4732290286
87325.37269729686
75472.04756127587
87158.09839024242
101327.51578469005
70589.3293731
88487.79752293458
67286.71178017935
92524.20707319521
88199.58973350948
80061.32307462727
63018.06184813231
78550.33329538454
83298.55654713012
84319.55125404679
78520.31565009076
67819.86029566244
78236.3641091364
74068.04612516215
77088.31183971578
80426.48696564836
74946.37443695942
85094.00609097345
89828.3746051026
92987.8482934746
85206.00157826726
82801.5751848357
80902.69848442862
58654.01389048382
82594.00364433574
81158.8109928882
