75636.65623277679
51762.560854604504
61745.97778221849
64484.668258180085
85025.98328855263
75099.14245294039
68658.52218224341
76616.1968177393
70545.37537849379
70179.09080174663
71368.66029937698
79748.63338523777
75296.35500594122
72674.2353370598
88364.04092242876
60892.163310200114
64224.45620746936
67697.75784717436
67534.9355296362
72451.65891401898
74778.02368968922
73688.108938226
61449.93043239578
55641.92538704141
66059.81566728484
72548.37246683959
63071.91657534713
78411.87617174952
67678.27960696675
72002.52775183614
78863.4097317224
68160.9481635619
75731.12070910908
66016.93503220374
81664.29344236717
62565.30422872436
75227.44893770301
70628.71550862439
76750.32395202229
75106.9152401745
66981.83892084705
72071.92318310023
63234.32310373726
58095.47342993753
61463.39833005273
70773.72824783482
73982.58223039897
65252.90736574865
69889.95658057882
75565.50558123447
63645.334852065134
67523.39130366538
76217.0808986702
76755.65101756639
79822.43086609145
63156.45300073031
61084.138619799385
79738.8770741841
76985.4745104583
63986.351871160645
69037.33308079896
72119.67312283066
62779.43542707825
70613.69140546078
71939.06879800538
70196.3687770533
71954.74810944432
71175.58645321349
72729.2595407495
69209.74286540326
77345.81066441229
72676.17675555569
