33864.533154679964
32292.058669912727
26850.031223393416
26605.787780477236
30304.58033169263
29272.338153115295
29331.372927273846
27966.83756847014
28733.02280922559
29936.987124631363
27275.20779349922
27934.893497669662
32261.336324847303
19960.89560734493
28062.565103130997
29255.84331127305
32515.525073620047
28791.362741228942
33402.40017752582
36303.65519399547
31347.805993967086
21701.121331488393
26148.60419148734
31730.00214446468
31953.190378890336
33914.88930861942
34768.68414016939
32467.096579415447
29228.885068321077
30693.579992483898
28485.865298765955
33909.44770704978
30797.74808033485
26744.93918076436
27515.884505293117
25982.211035414606
32383.02860356768
29364.26637682436
33162.283453738
33594.12298094098
30624.41591931492
25897.97629720476
32435.747844546928
31044.46886350679
34231.76325054781
28569.852136403057
22971.70307786742
28768.416718188764
36148.5924166044
32341.063385508598
28729.518844182137
28286.45916893499
32094.03807840363
31372.979523911505
29534.057167786927
33515.812603912615
34118.15877690313
25385.916551796356
31151.450665879067
30228.956416658133
25302.25477271443
31977.5227339946
28539.684178854233
26739.426059608446
30137.693822230554
32733.431589137046
26330.01394451479
36424.07790130266
29463.444973139067
27705.325174638914
22369.119661108125
37361.666725726136
