79994.3253147374
82273.2847361888
86604.11269159774
77282.8084800617
71285.8944465981
83185.86763812944
75246.77944263865
68059.61978439211
82314.876255916
89364.89419842185
66574.23974695295
77144.73011362893
89625.42152719841
79250.77287024094
82434.53361813416
81315.1139754611
84791.06092269417
75309.82393682245
90077.18586377724
81639.58886867447
73199.19904937358
82847.33512984417
76112.90033621292
74720.46618984756
71084.6869764425
83401.33350268261
82715.75633156447
73610.77729266217
80276.92392061697
93044.56598627639
81716.34208410546
81752.98032622745
77848.2668264609
74613.86170461518
69658.5581282047
81263.58617879887
61665.07717847153
91065.73000412346
86042.16742680012
74033.96082282542
84386.99911717224
77281.32449999473
81504.07079093531
80775.39776187063
84573.81977887139
73303.00907928431
66121.00450988306
75004.85260737425
67523.61927030882
73575.9807817063
77307.39956887324
87941.44076526853
72578.95157404705
66917.5384944033
80447.20935539246
74015.25622369674
72460.97745522074
87937.94572955197
87733.74369667468
76700.51688816112
76844.75792006309
77973.94889135484
90856.72285197167
86929.55510696724
83795.62015321707
103190.19165112454
76986.43905942811
78074.03707585511
73172.31298581552
80769.49335925463
78055.30408348021
76380.2676207363
