60000.14337503792
63068.15482210733
63772.64993527708
59199.79801356612
42044.461849558335
62060.08213360715
64212.100045783474
62957.5538463378
64110.42151514395
61945.213353727275
63140.77571655105
57134.46448603656
57139.296570029095
56937.26938490028
60962.42411434563
70443.87754888303
58584.154896533815
53455.12910181682
56821.50318580439
49508.36268827223
64878.797109331375
65101.93748959812
66308.86428360296
60905.74740305759
67460.28530581108
58239.67824064871
59271.867479036955
57433.97879324072
62225.713209297304
50413.92430777373
58702.15677113675
66864.54991600016
61592.82288871627
56242.37467149163
59393.6182985064
76750.597344887
49831.85574089859
59425.57031235007
59687.16865759142
56303.79198398865
58149.70194848669
54814.319135442194
45343.57450549488
58814.918057512885
59460.75784424986
55484.65650826911
59086.78489342401
58312.91272330944
50430.23462064945
62424.049093442736
54750.51418059878
51670.9686435044
57701.30656850349
71417.25275622886
58319.4312656875
59479.010934677
62273.01728028099
56127.706726054996
66706.98600288358
56274.758304983545
59426.019139570446
56641.046181052654
54034.38001671309
61116.11389837614
51699.5361850318
62191.674427030535
57597.43295437622
62655.477902440776
51778.43691053605
54729.34072618141
57504.06612346909
57575.16561149843
