105627.29587333855
97892.9028005887
90858.93044000653
100450.7123724456
99601.32827189732
107932.1339446344
92294.31470663451
102144.01380108402
94162.36435861
107421.23221646427
91153.715991605
108859.29944231783
95466.9183133621
108083.19000939894
106737.24685818939
105944.24388922138
92781.96568763525
82840.78097926071
102534.13183836498
102594.70459935891
103999.17004426113
108452.28649588661
97657.76097324204
96864.89224658186
91469.5925814937
91130.96998406386
96154.1293649217
94341.1998491234
120306.43039946734
110921.1300966132
105235.15753982724
102908.23980647912
108868.34327432622
97666.31510252123
98851.76134692799
98914.97126628838
111126.9095111435
65406.07174929989
108139.63406989048
97680.04169336197
78632.21229250866
95288.65028090995
104157.08256597228
99804.43537899507
99456.40600280372
105863.0298009664
92670.51787007881
105868.70004437461
93384.61206971768
113481.3676996307
89534.48392613763
90308.22846400544
98171.59387769377
89193.10044865022
107224.63704210483
98437.6636639615
102407.28354185249
90711.04701238112
108124.01344762143
113691.3279676271
83612.65164782845
87216.162433315
79609.461044084
97491.02064155901
97015.43152980763
110021.54816713062
88775.01320813954
113391.77062330379
105692.62882933188
105742.08778972723
86800.24710110402
99957.50642860339
