59190.34219400348
65875.9975958913
65510.04981605266
55807.801874332035
53490.07574675157
58784.6524634717
56743.103252805246
63612.88640990128
66215.65781783545
64809.478161303865
67232.22357440981
54021.92745779576
54201.84746912564
58244.45810254681
59574.98566812695
65954.46822994137
69507.63737821097
47764.90642413747
63382.67492155073
58386.45421472331
63759.84882426785
55454.04183262914
62393.9520076136
66553.15678757145
59574.724736477336
66901.20187234707
59447.22836780875
58161.497397655585
58387.29017631254
63843.02284876382
66234.8794219923
69190.4398456883
52413.845768324
66889.77896666697
52779.38807348156
72936.99431352077
61661.242422629926
63289.26183890491
69678.09634899454
62073.72060242454
54232.13402089718
67137.53696444091
65864.06262353888
58373.855603979624
57434.97112911357
55813.150400510356
50438.45837816656
55765.16486405222
57224.868724980595
63694.218099134574
67272.12634150092
68691.73366513193
53116.6226498714
61152.17908008693
81055.67649205413
54745.43872112643
67352.18112869933
60497.356388311855
54102.609547294065
63982.2949087831
60997.79521021327
48383.75738822637
59921.84479413707
53374.88019563183
64628.282144578974
59693.933269978035
64349.17923102435
55929.72499850821
61105.851606791104
53200.95792821091
55351.95634955603
63449.63691269563
