129060.85002306454
147676.68207937488
124320.1712483976
108809.22565360671
109299.49349729453
142528.5641706994
113950.34240617309
126727.30573964451
121616.77004616804
113086.97808509867
113343.67021637558
114304.32716019318
124251.22279184578
120659.54939180304
125936.74918740397
122012.01989387975
119558.75597548668
111994.12841384644
120357.0421149225
127084.8711359364
128489.60225184102
107992.56596048309
115394.0550735862
109922.83027366611
124145.21188440107
106858.81174024704
107802.12574693527
126864.61252765312
108605.20872682804
118502.3538173402
137819.33008932308
126816.71557198073
118033.01899674769
126963.30453795457
115645.68319515827
112199.9970263714
142533.35852041972
103003.25580914177
145816.92805807947
110450.96786037256
110353.69646201585
90690.21899829252
127911.59960402931
118394.87685261789
128819.87997561524
100577.15232815268
109389.08099308524
99271.4858350598
129775.66618822768
126256.30833125512
108922.37447404955
135108.23563469583
97974.01740471281
143306.5064491103
102080.85996440033
101905.08729844473
119773.08004151369
121781.4898537643
101030.69792869859
122545.02575502792
135551.9740233091
115963.58696499697
108877.94593041397
126757.44374575681
127048.59816625892
116821.42742554394
127736.89419893567
90653.04063228382
117973.15208662029
107554.62474353828
121705.23325046513
111820.02950903373
