31821.090112386304
27637.95193813661
30656.461605467663
30791.49300012619
27432.70702740671
25159.3108069817
34678.45799302771
29323.577651256273
27782.088634793447
33734.23372982297
31720.415903449404
26312.022162993242
35068.76847290895
31362.098783245354
29854.70829554337
28686.568993461795
29775.059055006743
31616.347999108886
24461.58851193142
32273.221981906965
30982.404722150513
30549.09132141058
33449.54784245961
30948.673329356934
27795.07485648938
33568.604363900646
27149.03163301727
33927.50193737268
27978.939662249544
28541.988769417323
30539.805475261255
30694.95656163422
30122.470784821315
30944.464554853243
27542.523358567752
29679.842366337733
29182.01136700467
26782.380557181747
30671.650825724806
36175.33012217192
31653.113213525758
32168.453477765634
31150.455203621383
31708.539766112917
26986.89744662415
24520.373677988595
21187.174874682438
34052.29380293011
22095.21071757199
32473.59826209583
26974.28401326215
30186.897976088807
32155.89764263613
26851.291513700067
27240.59649892261
34588.38902028264
33089.2118198695
28910.56749519361
32629.28128296662
34698.87031057786
30366.49596771688
29555.735723915845
34621.191697369315
28450.00109013058
29735.92956357445
32323.779941161447
29104.68532476158
29998.765748954196
26088.448099395704
29903.059135756965
22657.431246600463
29430.225641838406
