80896.03454248462
83869.80942889741
83328.96379091214
84576.36525034202
83996.35304081894
89130.56386053486
69879.5716085071
87101.96322971683
80739.08715471113
80190.21139671512
79800.2688190958
75635.80962258721
75458.29262632325
67868.25560148866
80675.25504230433
91308.45784378167
75206.72758274344
85511.67322671213
92475.77176331545
89476.27517941681
83104.87884686796
74367.0726882545
75013.72264931789
86595.5602998278
78746.80181161771
87160.0046046693
83998.05400003762
69238.40421491553
90019.79741821373
79590.87961670134
82310.49242305681
74162.25843883365
71390.23354046147
71906.32240076759
75541.48698453099
82797.08087535994
62074.62396779571
68125.33935705492
78717.39275109541
74592.9142040556
93411.23704283775
69464.58447155297
81207.56031410162
85136.09991011587
75485.02571460507
81847.05024312004
80253.28573006815
59279.75809442493
72931.48608040516
100182.27420022724
71342.00715145169
82775.139546828
68598.91475962375
76759.84351445644
84846.38803771386
75728.57398913526
97519.16907690927
79891.76949266733
98311.92551830664
88309.14367099163
85421.17865519153
83493.61163191196
72219.88271206152
87590.28069039498
78269.27969110223
89515.73132341974
79555.57973024427
82206.23919548075
74237.27862232113
74648.15719728162
77783.52106862396
85042.92690568774
