67875.45515935513
68527.97500344474
71033.94665557491
71927.88313491727
62296.04701519567
54133.651492585
68209.74073835042
69187.53652569558
86942.52349656593
74211.76075092696
71233.82865508656
64568.60313284661
70333.56192875636
62938.54683598475
79106.6575410838
66094.00965501938
70512.15584609123
67164.07761162672
66235.06729113756
69115.44425151867
67416.26647227313
63286.224822616976
67942.25421223404
58704.43256033532
72229.36857538672
75997.6171200161
78894.3889853573
72237.56517894089
76296.64658680948
73413.71404177748
65345.94830717087
62825.34944507402
74599.98447615524
48526.38654768614
80924.68134027747
63164.81027246892
69490.05862157053
76367.5580795882
72766.50035484153
71235.3857943232
73540.34298769184
71022.73269632208
62847.93772341507
75806.6368370685
69591.52715937865
57154.86186127747
71771.30945968171
74744.53845892992
63110.82739423953
61631.34005980159
69977.91269363018
72492.31871004745
73428.86388855454
72600.01960993849
74419.99415385987
59604.7959879276
64165.69939488341
75342.02622779405
73147.10035987038
69543.44284515126
63709.01004082413
75273.08666089454
72418.58479968943
69474.46013124638
55527.29327080115
72856.7799784675
66890.99870222203
74363.57327347914
69674.40433238268
71821.8291303133
70354.32761584267
62023.681745783644
