63571.04687081724
58966.62997657182
70065.44103732165
69984.65032537375
53299.105867253435
64882.43709025124
54337.65376043275
62351.58610001429
75449.28258220258
72169.56646215213
79543.15814518879
73492.04236827124
65745.1995305284
72831.65610588227
61393.574889410425
76726.81921630104
66438.86895832395
51852.48988498121
83674.98882389735
64688.395333712855
67863.89423592182
61486.417113738826
66193.55688230852
78111.06753715791
64019.00029662253
59447.47120211424
63176.94363123842
68640.89826338482
60671.80650714731
78042.24849225498
71040.94486707867
73008.68780465193
64955.32243472025
78852.86006877977
67941.04788690455
74907.59602443664
78066.60052781101
65404.42165480643
76928.2219966108
65733.20575483261
57664.893744987094
68133.54520460927
57540.16996188322
76484.55441799252
60424.0329103768
78671.10197333999
65986.19655510508
67502.29485303482
79711.44140485779
79635.89345682475
87002.38885291778
69195.62385183747
72369.1312087175
81750.23695390225
68887.23601594857
68686.69433666384
66634.56069973389
75130.69236305536
62880.14673387347
75027.67046235294
75094.33112627029
76012.93802217893
69167.49107512075
65697.33124551125
69936.48102258495
83667.68117646787
78258.39252172598
60904.586754953394
65396.6349319201
61640.02589076483
58257.28987714425
63983.88668773582
