71771.62191459685
73731.35076920202
83343.6647990781
68964.37055892161
86725.31200651542
80946.54655934652
59262.361378341135
85902.21341204664
91785.79159849403
84045.22127831833
81676.41196935206
67313.8962062155
87773.60082144082
74671.59077545755
86374.652985922
70991.19337366914
81264.24946622828
74768.17074953753
84911.80687818078
79787.91721140212
92736.27235939412
83300.70754025703
81959.93747469246
79024.390122266
70891.34344147077
76482.90376966464
82859.3690126103
73942.71746175252
80403.76268348288
84676.0013256786
73339.57577720148
90538.30976560531
84694.02018550849
81641.62119619644
73300.74941002067
68754.6741657263
85822.36594285577
83620.26940901362
80402.4618993408
85907.94192399648
91730.29095915855
87275.38933701505
88166.61803423685
75079.53848643017
84888.26755007198
84698.61979997533
82033.30889261494
79750.87643369469
74654.2868499613
80110.20468226542
91865.19625950136
81568.53595186403
84463.5956085607
81805.32634860378
73880.22902315955
88332.07940925025
85599.14709313466
88416.49588895803
87454.76702865497
70560.02297352017
73206.38380385005
69877.13722018425
90034.9811120776
84334.77128881622
85917.12243925256
65799.6330748332
81314.2324470027
93051.90422368507
83310.23116427787
73585.06143259372
91855.25919872826
84047.97043288508
