124372.79550790951
117943.26612674196
124128.28192917403
111809.14030742431
106715.40552978276
131850.40890228123
138070.8295488827
140844.87200212572
140756.23251769488
112801.04721798332
119226.67880609757
123891.55034614542
135898.43422758472
115503.66526079342
114592.45025945398
132373.41318475598
122932.14055282385
97515.1596941754
101688.62174162258
104642.71518671318
123942.26404974323
130434.84889924485
117203.59620194268
109102.36192183782
118143.29730719476
144410.51009935793
124320.11475672535
128524.59929647828
109023.592588088
134314.34623389872
85731.61871002777
108786.06236441543
122780.53391446639
133680.73793177403
112025.27737852681
114090.89672536563
108469.328055013
124901.60595210516
116793.21592459273
94000.4226538957
108332.02388270122
112324.94499057041
97266.56898689721
115307.9644246363
115178.15669426187
110963.31024496505
112893.91993003876
117503.98068264511
105911.76858698776
129712.08275151084
124638.24955248418
134068.26081384553
112322.27506706395
122175.97714859126
87230.99947356047
128730.4834852284
109338.5080592991
122557.23003384215
127972.36233052326
109086.93566040113
125078.636151808
111245.34721093188
114987.04623957987
119314.13659161833
136033.538188614
108642.01259011266
120505.61708205481
116354.48575530243
121568.23798635941
125332.8304011642
123070.23190428516
160680.13449531386
