111900.73475483975
82847.28078963247
120512.14483932547
112794.85286859333
143557.20022163464
121213.65919484699
119684.28869822895
111499.60112890294
111832.01933807341
133482.88749720444
121596.29290323087
117636.10414275277
102816.45610603059
122427.79536149472
145912.94026205625
109220.96719910156
136194.2461564508
126340.3798341465
113266.7286648709
122450.1627073255
128963.22110162508
89381.0230438403
112029.07227456395
126579.18214534238
108910.66385681898
153965.71660673505
119190.8601312436
127797.97550897016
89327.7580022941
121434.47045563835
119015.19482255887
134767.5429182918
116461.56601806196
136044.0895896929
126207.82820576131
123017.39892271323
124450.41038941823
104365.97445097972
131114.92648841807
122897.3904210394
104647.9618056087
118444.71281513141
128823.87951416383
122939.73789533206
100602.67029787855
100665.55553187337
103820.9124570822
127166.39987324706
134639.59962179844
133498.76132158178
136948.99315102675
111949.45322779282
117479.83984502603
120493.07705816205
125452.1231116042
101802.31285870825
108651.46942563537
113289.66689544871
104176.9003253763
117104.78055576903
109974.98492270625
122164.3523482938
124822.81069733173
100035.6518878257
120228.85814461703
119778.04872118394
104813.3835370336
118060.42335331936
123455.92461015549
111968.00646705988
107290.48770263113
117227.87154053361
