77248.44024031005
77651.53141579939
65102.19500597038
69757.24660722281
73749.32663164515
75565.7054874372
56555.41665895112
62005.18009362317
66449.52251905992
74306.22396891865
71140.01488108323
58408.21701841444
61830.9766507998
72076.63877820883
69042.2425415416
71083.76595472473
72508.45034456877
66271.42250043144
57301.11189957834
68983.71992860141
59018.43651463084
74855.46952221246
78488.83001028151
71370.65394759005
64279.819455363344
70007.13288179532
63079.970143769155
72629.49033705499
86237.44940549224
68417.32004854437
57924.35777911969
81290.87240386287
70787.61296875328
72793.0521369022
79441.41631002027
72713.3841032133
74173.0823540789
55547.140767222314
71424.02621672714
71494.34747428911
67172.13604895378
70083.2845505494
67950.38989467059
69208.6687000425
75195.80406882071
63632.07664037236
61812.62324944801
77243.75961998505
69371.51259194239
72033.28268885378
70859.03560389974
68713.79375817951
76876.17004402338
77024.18095180817
73091.4686461757
68298.46117689714
80005.86958731203
78688.65841836866
84185.25893389215
69049.64882536932
70283.94553495513
79335.85921820864
71555.52933890253
79337.00977898744
78251.04568065313
60466.74875952749
66432.70744810658
59908.7760047702
68085.60450224688
57047.51775385307
97099.29734822705
73079.41700594478
