63841.67720694704
58529.986268972396
59352.63877458631
59770.62483792145
58906.45068828658
61006.13300494634
52528.20679214141
64003.8187802396
62106.34201285552
56571.143080291375
62616.88907275769
62562.67149129584
49829.86047859068
58642.574097273544
62139.558961382085
64389.79173562256
56856.40237771887
48786.670496377395
61826.58231158315
53192.37796599083
62224.331926468505
51493.697607004935
65794.8714415234
57893.672743710384
63660.68995819339
65452.9071924292
55007.48776370137
63087.80773237716
66143.86104021383
55016.670064572376
62974.584836923605
63755.98328431358
74692.01345785172
52023.264215789495
62056.377993804126
60626.299660750396
58124.66406732295
55357.36011562361
43972.317442462365
63598.517638327605
61262.67795394474
53395.28503404659
62374.33865805703
62197.172443276715
59063.78113480243
62811.74184609646
67951.35090896382
72899.44439030794
61226.441487009215
53605.48381135302
73171.48951729365
55560.845266142926
59266.85195411305
63496.88432682991
64008.597719598576
48430.28407834155
55800.769441710916
54394.276241521766
64473.19520065885
62853.455295607804
58872.23374734946
63963.38288181124
57627.10780547137
60215.16253796934
52993.344830872025
57178.91682047751
68639.52185047162
52018.08968712936
62481.16831601579
53768.71485377083
59770.64670640998
56770.7183514286
