57715.98849710987
67956.69303525987
61012.499722235734
64369.51700669803
58354.247381171735
54858.96398944099
52643.45445704806
52025.43528592417
61731.57516918375
64777.49969742376
58555.59645046394
64951.558293764385
68238.55555791802
57638.32577664037
62383.57873903542
62719.140240531655
65941.21907061416
62155.63927511869
55729.534178717804
59352.97709618796
51556.558947170095
70027.76495385509
59484.48816164864
56876.26140747039
57586.82158260568
62353.47681659473
56576.56119948911
69585.76177757117
59970.64664433927
57902.08727678751
63355.839462255506
49252.48891855601
62309.612128899804
56779.91050672124
54396.23190814895
68063.47351699727
52541.11771670277
70518.17304951152
61929.421035223255
60890.61537191833
54662.54471009579
60041.93596665645
73002.67081818006
68281.21801529065
68536.61501207788
55767.608871194556
59799.33532164458
60350.684876285726
67490.96664721803
40778.04327534564
64606.74567192388
51474.40931808759
58221.396022084016
64934.486226375244
56483.00011968276
63507.13908181058
49453.56586271259
56427.085626590146
66124.42355681809
61648.06699526178
61464.98316653365
65769.38068740556
67666.1945421414
45251.03633890628
60538.07607316324
60250.07591610665
61734.25254252709
67101.58690849894
56442.1145525796
56498.812403651296
55758.586503203325
56123.61611044675
