104526.34393416364
124455.16572403182
107819.09678861075
103839.6641702959
107231.29113970282
91392.05029666972
102678.83637293696
98455.408319917
104527.01719958319
108062.33084485974
98683.4481810988
106321.65836222128
117881.01344662756
105006.92610748466
108910.505411072
96148.3509412217
103407.3505247695
107828.51287335734
93753.0587273092
90844.34155533303
109447.01445408509
83162.93803154308
91175.32820812936
114628.93274828787
115257.30674137305
99225.5201852568
96278.87146223636
88793.81102729455
109570.5977606205
96052.4779510156
101725.7509548657
91082.79259665907
96256.32546612542
114670.2267330232
97266.09496401776
105350.14179217834
103405.87034148087
106616.5286006154
102097.3763399873
77869.23652102849
89806.25402101532
83497.32471927883
108802.79338645759
105009.54502069026
74685.0786583966
98139.74512946399
97373.03598901954
117127.69671978905
89585.8178332743
96129.68065030681
100267.22465781585
111657.34486813025
97081.09749619133
120457.28149261241
107747.66442184645
106277.36470706985
119003.05342733956
100872.23721356977
73302.18498171725
102173.65977477067
101281.07595153844
112565.76463340924
97367.76988756756
108436.42769143713
111741.48057155256
97162.86093834742
114520.76388599588
80109.08622349294
94997.91926323187
103853.00062601872
99309.8608065672
119637.65503444656
