96048.64079995178
95403.85784751276
112982.12961220289
95506.64195883951
99807.75432084742
97015.74968078945
92573.02900657072
90154.10284271478
98419.01230622559
87106.44320945683
97908.09247070535
93713.66308554572
101922.63484063353
101006.75026514412
110912.27985219372
90720.8048694983
123405.61618087665
99768.7019238579
90451.20077717754
107619.68243495506
99797.24323197237
104254.35380484918
88567.77309623652
108542.63186856739
94082.92342506407
98114.60708388106
100188.67983560816
97858.80171072888
95369.51778005203
102709.82087581552
89660.00565983714
91659.20649859328
88779.09409674056
124592.65724975998
104569.89521315647
99192.44360645836
90455.7181736178
99923.97584087172
97700.08115051259
99268.59914107018
88723.4862621331
90594.48937423895
101294.8711004771
111198.65111692704
104407.71103879463
89009.89889712853
115092.49154509786
88559.45707519376
119249.72808262659
100258.75980100274
103646.2916053088
112027.8152828746
77733.67077880572
93160.12901685681
100751.72256059339
97689.25306385642
102700.17101438678
107832.67209358196
108323.22688433147
100582.63558504492
100553.75455535331
97424.9250600089
83888.23731777213
103112.82171691125
79910.92468865862
106699.55134183244
88028.94353566754
110133.02632355777
100345.33794751737
106400.19464818695
104154.35714773556
102120.22529248406
