99826.06120007683
136488.59154660755
142694.58904246573
135609.60292261306
113665.49040267718
132124.69576976684
130613.29824963959
133360.50831300372
125110.34095330005
106004.0935037476
121481.56864494205
130700.33178138868
118266.34850447776
125227.15019511373
123308.95811567984
135591.20976229638
117161.32400842401
104797.32519877907
128504.44319312376
115676.28147930429
116207.16576082323
116314.08763385116
106804.79980453549
129471.3722402314
105503.70110159687
113906.20577315932
127693.44254940689
120425.79074570711
124557.1972484996
103133.08311834413
106303.38323796216
115700.17219163
111854.11389852666
112358.55833106603
127180.56565521043
131449.70124426708
115908.66678287426
120779.1863978824
98479.86989265656
98576.51179995037
110408.63265763813
129026.77490769295
120499.3545018282
110317.87984938321
133709.13140214095
124149.06623793682
130289.66699461044
132942.87999272093
129222.28920343753
137270.51726036277
103516.9486958845
108168.7367014613
130654.9904492019
122418.0471006667
113996.55289436306
135631.8894453424
137403.79995849877
135053.80473278067
123456.22703401222
110447.07067499052
114140.9040972592
113910.33821708262
104512.72121880398
128583.3370505943
120692.24698162457
108456.88373802206
104899.86407051152
129222.52095199838
131853.57752838376
129531.21648229673
104379.22262427198
131635.15503684644
