112869.3403927697
111962.91677467534
112453.25275621387
91295.4957748494
104384.52749152193
94106.11527432282
99429.88817979122
102219.6089410853
86518.47877969088
95574.35464057297
98744.00079854691
97136.65236317932
92814.07277787564
111617.95031573341
96663.74734698053
99337.67486954374
107682.25291344267
109390.34692608807
106992.2672829196
88706.67905945383
88497.34675743736
98467.30845011759
95013.58273155447
101683.91308126936
88323.7383938396
111160.17118891366
91841.37828600401
98301.34713052462
93694.37852903857
98807.33652479252
88075.125181295
115818.96017716746
116230.76261964762
91492.5629911044
99198.86061881755
97301.88318021662
80442.66165601528
84248.73134009226
87004.96655523205
93271.2567499898
97376.56212994865
102676.55195471372
96044.54976599333
120669.35650459291
114406.22939267724
115836.17465744505
100022.87397268246
110495.98007195814
109061.34106110748
88953.99665436533
80911.04128691206
102011.49506534272
115714.42079679591
111891.99311437992
101999.38354772555
95007.44872083647
101004.83180708086
96095.31792978468
113867.71905108533
95862.50375926823
92621.94313091818
91526.57910334152
96971.611852004
104618.31374004041
83268.1030315829
112297.62772900383
96309.09989793837
116834.21714331317
109172.38432133851
115841.97758938726
91893.81575553739
108651.16076706098
