65227.17642635071
74289.80450401976
59216.021099408215
70183.38034771847
62985.62770901843
52666.87976570068
54133.26623723534
57281.19209234739
56256.74751322605
57656.7653742309
53190.89055165465
56040.98105310162
54112.930601241016
53418.14944363144
66040.05828917593
62989.13171220971
52708.7097287473
56422.02855966983
54148.438846393175
59217.41490835835
62270.18104013141
69560.23961985711
62746.41173436631
62552.943355316354
63930.005100480535
62659.99219385993
54645.06779074849
52108.388937507436
53657.86156197235
45683.29678127377
66851.2892981992
59482.66952070334
54491.39154400418
62229.15083672124
65129.07201268139
54498.563250355175
57823.79730732715
61353.92668344717
64667.752532708
60452.080037143474
58037.758823861586
53902.47316866579
70023.041455516
50712.62897469764
50013.414946300894
62335.98987078781
69109.55909640445
65097.290640305975
67549.99709321737
63762.60622162471
54293.12646477624
60192.54932988557
64935.3083334197
59870.584859846866
56083.2422664294
55835.26996493775
61912.78795601267
55305.45863741447
67254.03164328153
56004.047158337184
65880.66858146683
60384.90683375255
57860.38001394351
55846.30545148769
62831.16321314139
63595.847325846495
68190.72340610871
60207.60135249099
55210.4515742972
64206.64361039165
54384.02638529275
61122.0653605143
