100371.5490531225
102333.45697396027
92825.080010549
91021.52339265686
88100.94509031113
98260.13177885777
88316.75276026536
100343.98111582673
93573.93194671712
104006.26664786006
92773.42301773436
107502.37846963409
80593.22257381098
85524.36051481066
98050.42082598727
97477.17648878167
100803.80283715231
88985.93748965696
112566.70379511501
104648.34848337127
106153.52836717456
103282.24616606825
99758.02034812252
94961.10254443802
108006.44579592336
100727.34359027528
90839.67730308636
107354.6905543476
104459.19797721604
112468.80068485203
113473.75636390178
123176.96242058638
89385.10137870614
92825.20904149533
90255.78090541424
116815.17820664549
103737.80846129655
97212.20595550114
102668.09329106055
92810.84907084926
102929.9830318526
95617.1338655712
73734.89644122064
87309.08331906766
108905.88644593248
106049.14516660657
120234.93470453643
109653.77233221481
112025.63248484944
116875.27856727126
96360.6930723951
91488.99043889293
87459.11890285743
110310.18120612064
115694.38603576201
128343.79168552218
92176.79940995987
91662.57571702552
90929.81430844752
77271.84448061751
79082.43441509106
106095.39792978231
96643.84594462223
99848.35655317186
96829.82800896985
103151.97306201397
86340.12073255924
94061.77818627855
93553.83241137098
106117.17169937766
100250.15422885226
90675.17277636411
