77321.83703866681
79216.7941036171
67004.15405215882
88306.4236154066
76255.12905727953
68168.94004199038
79039.16618529287
77779.22428944285
80516.50245327075
82633.88203481634
101408.66614463611
70273.95329830579
78237.8356361944
76533.18306599288
65575.75034718358
81413.8548045521
74307.94857445332
80648.99537646753
72642.69298281311
79039.1762877359
78333.16996971502
75660.64345134258
72623.64871272747
73348.64991628575
76559.21523687903
79075.42821287145
86499.79083814603
73242.89271028539
84703.70325111423
77415.5700140158
80047.83117515483
71407.98821836419
79512.33594791165
71261.12626727133
80974.91051872885
85980.213952535
81976.27622377456
94521.91805781134
66369.78186602631
77701.76087575922
73601.89934247003
76467.0266803077
62478.603929485376
80335.11649785921
89917.0746514851
69371.51475218055
88051.01477907767
82993.22448221614
75178.321142244
86054.67526474573
82506.14064049526
85238.06504683003
79367.26217510716
84651.15288688983
75833.32932904165
65007.50613621273
87463.91193178932
76442.04928987523
90246.76244886183
77506.122498362
73806.9602845367
73921.48109463033
75040.13325631466
81174.84241008453
87045.10011158003
70646.67536415384
76215.98450775264
71178.02249395165
69703.44061574251
76712.14322005538
73830.64331554512
80111.86187512765
