72105.32952840687
75049.55029445147
65297.650810509054
65476.31404826619
76008.70010505742
78751.05534279499
59786.76534880307
72711.6286056779
79064.66877186384
63050.02785977496
57738.31860768999
83231.99616917384
79617.12007896863
74798.96585651272
63388.3478494903
58590.44650130898
63619.070558190215
62004.38098474456
71206.7393492872
64618.44859615308
60741.84422904815
60633.60992876516
52393.98952817697
72713.66126010726
71179.45037733128
72541.70574213806
72007.81813639429
61975.7263386775
71998.11573194504
71252.18130426905
78079.57749410153
69398.64285376073
65037.702889027
70345.7956763206
81817.50281567636
84137.59444874722
60075.44256122469
71902.87987847383
69408.49826391166
78830.96190868427
69928.63443867792
81312.88566133857
74361.19947921611
76796.6449077143
72832.04290548638
77637.74241486075
66372.43266947429
66854.16699155713
59475.95790604847
68531.43312897408
74879.03774891712
65555.15925738768
57025.82659865048
71215.5282997959
69755.678190584
86253.06345631712
74828.80958309676
64357.40635960626
66197.92266468955
77499.06850656506
69222.91013076493
79220.1662837312
73437.99389814153
78560.23484119737
68839.55192450606
82876.41364193868
63819.33523866626
68745.62509268743
65682.29322584253
65200.63409409139
75940.4551963825
79865.82857290776
